
Parameters: 11 states AND 11 symbols

Matrix A :

0.0909091	0.0909091	0.0909091	0.0909091	0.0909091	0.0909091	0.0909091	0.0909091	0.0909091	0.0909091	0.0909091	
0.000125913	0.919794	0.0749182	0.00428104	0.000125913	0.000125913	0.000125913	0.000125913	0.000125913	0.000125913	0.000125913	
0.000366569	0.210044	0.661657	0.11327	0.0124633	0.000366569	0.000366569	0.000366569	0.000366569	0.000366569	0.000366569	
0.000804505	0.0450523	0.230893	0.593725	0.106999	0.00965406	0.00965406	0.000804505	0.000804505	0.000804505	0.000804505	
0.00185529	0.00185529	0.0630798	0.226345	0.512059	0.165121	0.0222635	0.00185529	0.00185529	0.00185529	0.00185529	
0.00505051	0.00505051	0.0606061	0.116162	0.338384	0.0606061	0.338384	0.0606061	0.00505051	0.00505051	0.00505051	
0.00534759	0.00534759	0.00534759	0.0641711	0.122995	0.299465	0.122995	0.181818	0.122995	0.0641711	0.00534759	
0.00757576	0.00757576	0.00757576	0.00757576	0.00757576	0.0909091	0.424242	0.257576	0.174242	0.00757576	0.00757576	
0.00757576	0.00757576	0.00757576	0.00757576	0.00757576	0.0909091	0.0909091	0.257576	0.424242	0.00757576	0.0909091	
0.030303	0.030303	0.030303	0.030303	0.030303	0.030303	0.030303	0.363636	0.030303	0.030303	0.363636	
0.0181818	0.0181818	0.0181818	0.0181818	0.0181818	0.0181818	0.0181818	0.0181818	0.218182	0.218182	0.418182	


Matrix B :

0.0909091	0.0909091	0.0909091	0.0909091	0.0909091	0.0909091	0.0909091	0.0909091	0.0909091	0.0909091	0.0909091	
0.000119775	0.43622	0.463888	0.0765361	0.0212001	0.0014373	0.000119775	0.000119775	0.000119775	0.000119775	0.000119775	
0.000348311	0.00417973	0.379659	0.421804	0.165099	0.0233368	0.00417973	0.000348311	0.000348311	0.000348311	0.000348311	
0.000777001	0.000777001	0.026418	0.487956	0.308469	0.146076	0.026418	0.000777001	0.000777001	0.000777001	0.000777001	
0.00178253	0.00178253	0.00178253	0.00178253	0.727273	0.0606061	0.158645	0.0409982	0.00178253	0.00178253	0.00178253	
0.00478469	0.00478469	0.00478469	0.0574163	0.215311	0.215311	0.267943	0.110048	0.110048	0.00478469	0.00478469	
0.00478469	0.00478469	0.00478469	0.00478469	0.0574163	0.162679	0.267943	0.162679	0.267943	0.0574163	0.00478469	
0.00699301	0.00699301	0.00699301	0.00699301	0.00699301	0.160839	0.237762	0.0839161	0.0839161	0.237762	0.160839	
0.00757576	0.00757576	0.00757576	0.00757576	0.00757576	0.00757576	0.0909091	0.257576	0.0909091	0.507576	0.00757576	
0.030303	0.030303	0.030303	0.030303	0.030303	0.030303	0.030303	0.030303	0.363636	0.030303	0.363636	
0.0181818	0.0181818	0.0181818	0.0181818	0.0181818	0.0181818	0.0181818	0.0181818	0.218182	0.618182	0.0181818	


Vector Pi :

0.00149031	0.608048	0.198212	0.0670641	0.0342772	0.0178838	0.0342772	0.0178838	0.0178838	0.00149031	0.00149031	


Vector Phi :

0.000763259	0.608035	0.209559	0.0936444	0.0395504	0.0138989	0.0127116	0.00853534	0.00752889	0.00222143	0.00355201	
