
Parameters: 11 states AND 11 symbols

Matrix A :

0.0909091	0.0909091	0.0909091	0.0909091	0.0909091	0.0909091	0.0909091	0.0909091	0.0909091	0.0909091	0.0909091	
0.000183284	0.859054	0.125183	0.0082478	0.00421554	0.00219941	0.000183284	0.000183284	0.000183284	0.000183284	0.000183284	
0.000294204	0.194469	0.670197	0.129744	0.00353045	0.000294204	0.000294204	0.000294204	0.000294204	0.000294204	0.000294204	
0.000544366	0.0424605	0.210125	0.569407	0.144257	0.0244965	0.000544366	0.00653239	0.000544366	0.000544366	0.000544366	
0.00115075	0.013809	0.0391254	0.29229	0.406214	0.178366	0.0391254	0.00115075	0.013809	0.00115075	0.013809	
0.00146628	0.0175953	0.00146628	0.0337243	0.243402	0.517595	0.162757	0.0175953	0.00146628	0.00146628	0.00146628	
0.00211416	0.02537	0.02537	0.02537	0.0951374	0.211416	0.490486	0.0951374	0.00211416	0.02537	0.00211416	
0.00478469	0.00478469	0.00478469	0.00478469	0.00478469	0.00478469	0.373206	0.5311	0.0574163	0.00478469	0.00478469	
0.0113636	0.0113636	0.0113636	0.0113636	0.0113636	0.136364	0.0113636	0.0113636	0.386364	0.136364	0.261364	
0.0113636	0.0113636	0.0113636	0.0113636	0.0113636	0.0113636	0.0113636	0.261364	0.261364	0.386364	0.0113636	
0.0113636	0.0113636	0.0113636	0.0113636	0.0113636	0.0113636	0.136364	0.0113636	0.0113636	0.261364	0.511364	


Matrix B :

0.0909091	0.0909091	0.0909091	0.0909091	0.0909091	0.0909091	0.0909091	0.0909091	0.0909091	0.0909091	0.0909091	
0.00017449	0.424359	0.422439	0.0865469	0.0347234	0.0136102	0.0136102	0.00401326	0.00017449	0.00017449	0.00017449	
0.000281452	0.059105	0.443006	0.359415	0.0776808	0.0405291	0.00337743	0.00956938	0.0064734	0.000281452	0.000281452	
0.000516529	0.0118802	0.244835	0.358471	0.244835	0.080062	0.0573347	0.000516529	0.000516529	0.000516529	0.000516529	
0.00108225	0.0367965	0.132035	0.453463	0.203463	0.108225	0.0606061	0.00108225	0.00108225	0.00108225	0.00108225	
0.001443	0.049062	0.033189	0.223665	0.255411	0.287157	0.0649351	0.0649351	0.017316	0.001443	0.001443	
0.00193424	0.0232108	0.0870406	0.172147	0.108317	0.235977	0.2147	0.065764	0.0444874	0.0232108	0.0232108	
0.00454545	0.00454545	0.0545455	0.154545	0.354545	0.154545	0.154545	0.00454545	0.00454545	0.0545455	0.0545455	
0.0113636	0.0113636	0.511364	0.136364	0.136364	0.136364	0.0113636	0.0113636	0.0113636	0.0113636	0.0113636	
0.010101	0.232323	0.121212	0.121212	0.343434	0.121212	0.010101	0.010101	0.010101	0.010101	0.010101	
0.0113636	0.261364	0.136364	0.136364	0.261364	0.136364	0.0113636	0.0113636	0.0113636	0.0113636	0.0113636	


Vector Pi :

0.00149031	0.394933	0.230999	0.165425	0.0834575	0.0178838	0.0670641	0.0178838	0.00149031	0.0178838	0.00149031	


Vector Phi :

0.000825372	0.41833	0.257611	0.136625	0.0648853	0.0509737	0.0353615	0.0156271	0.00658611	0.00658831	0.00658657	
