
Parameters: 11 states AND 11 symbols

Matrix A :

0.0909091	0.0909091	0.0909091	0.0909091	0.0909091	0.0909091	0.0909091	0.0909091	0.0909091	0.0909091	0.0909091	
0.000193013	0.760278	0.221	0.0171782	0.000193013	0.000193013	0.000193013	0.000193013	0.000193013	0.000193013	0.000193013	
0.00027465	0.305411	0.495743	0.163417	0.0335073	0.00027465	0.00027465	0.00027465	0.00027465	0.00027465	0.00027465	
0.000478469	0.0636364	0.284689	0.474163	0.158373	0.0110048	0.00574163	0.000478469	0.000478469	0.000478469	0.000478469	
0.000819001	0.000819001	0.045864	0.289107	0.469287	0.162981	0.027846	0.000819001	0.000819001	0.000819001	0.000819001	
0.00174825	0.00174825	0.00174825	0.0594406	0.270979	0.520979	0.117133	0.020979	0.00174825	0.00174825	0.00174825	
0.00378788	0.00378788	0.0871212	0.0871212	0.128788	0.128788	0.337121	0.170455	0.0454545	0.00378788	0.00378788	
0.00699301	0.00699301	0.00699301	0.00699301	0.00699301	0.0839161	0.237762	0.391608	0.160839	0.0839161	0.00699301	
0.0151515	0.0151515	0.0151515	0.0151515	0.0151515	0.0151515	0.181818	0.348485	0.348485	0.0151515	0.0151515	
0.030303	0.030303	0.030303	0.030303	0.030303	0.030303	0.363636	0.030303	0.030303	0.030303	0.363636	
0.030303	0.030303	0.030303	0.030303	0.030303	0.030303	0.030303	0.030303	0.030303	0.363636	0.363636	


Matrix B :

0.0909091	0.0909091	0.0909091	0.0909091	0.0909091	0.0909091	0.0909091	0.0909091	0.0909091	0.0909091	0.0909091	
0.000184026	0.360508	0.330144	0.206662	0.0791314	0.0163784	0.0062569	0.000184026	0.000184026	0.000184026	0.000184026	
0.000260485	0.0403751	0.481636	0.272467	0.114874	0.0690284	0.0145871	0.00312581	0.000260485	0.00312581	0.000260485	
0.000454545	0.000454545	0.160455	0.405455	0.250455	0.120455	0.0454545	0.0154545	0.000454545	0.000454545	0.000454545	
0.000790514	0.000790514	0.000790514	0.252964	0.339921	0.244269	0.0703557	0.0616601	0.00948617	0.000790514	0.0181818	
0.00165289	0.00165289	0.00165289	0.00165289	0.256198	0.256198	0.219835	0.147107	0.092562	0.0198347	0.00165289	
0.00378788	0.00378788	0.00378788	0.00378788	0.128788	0.337121	0.378788	0.0454545	0.00378788	0.0871212	0.00378788	
0.00649351	0.00649351	0.00649351	0.00649351	0.00649351	0.00649351	0.149351	0.292208	0.220779	0.220779	0.0779221	
0.012987	0.012987	0.012987	0.012987	0.012987	0.012987	0.012987	0.155844	0.155844	0.441558	0.155844	
0.030303	0.030303	0.030303	0.030303	0.030303	0.030303	0.030303	0.69697	0.030303	0.030303	0.030303	
0.030303	0.030303	0.030303	0.030303	0.030303	0.030303	0.030303	0.030303	0.69697	0.030303	0.030303	


Vector Pi :

0.00149031	0.362146	0.312966	0.165425	0.0670641	0.0506706	0.00149031	0.0178838	0.0178838	0.00149031	0.00149031	


Vector Phi :

0.000828276	0.392867	0.273634	0.157239	0.0918419	0.0430297	0.0198633	0.0107608	0.00496714	0.0024842	0.00248452	
