
Parameters: 11 states AND 11 symbols

Matrix A :

0.0909091	0.0909091	0.0909091	0.0909091	0.0909091	0.0909091	0.0909091	0.0909091	0.0909091	0.0909091	0.0909091	
0.000157828	0.895991	0.0973801	0.00363005	0.000157828	0.00189394	0.000157828	0.000157828	0.000157828	0.000157828	0.000157828	
0.000256805	0.161274	0.74037	0.0906523	0.00308166	0.00308166	0.000256805	0.000256805	0.000256805	0.000256805	0.000256805	
0.00071582	0.00858984	0.252684	0.614889	0.0637079	0.0322119	0.0164639	0.00858984	0.00071582	0.00071582	0.00071582	
0.00239234	0.0287081	0.0550239	0.291866	0.502392	0.0550239	0.00239234	0.0287081	0.00239234	0.00239234	0.0287081	
0.00534759	0.00534759	0.00534759	0.122995	0.299465	0.122995	0.240642	0.122995	0.0641711	0.00534759	0.00534759	
0.00454545	0.00454545	0.00454545	0.0545455	0.154545	0.104545	0.404545	0.104545	0.0545455	0.104545	0.00454545	
0.004329	0.004329	0.004329	0.004329	0.0519481	0.0995671	0.194805	0.528139	0.0519481	0.0519481	0.004329	
0.00534759	0.00534759	0.00534759	0.00534759	0.00534759	0.00534759	0.0641711	0.122995	0.593583	0.181818	0.00534759	
0.00649351	0.00649351	0.00649351	0.00649351	0.00649351	0.00649351	0.00649351	0.0779221	0.149351	0.363636	0.363636	
0.00606061	0.00606061	0.0727273	0.0727273	0.00606061	0.0727273	0.00606061	0.00606061	0.0727273	0.139394	0.539394	


Matrix B :

0.0909091	0.0909091	0.0909091	0.0909091	0.0909091	0.0909091	0.0909091	0.0909091	0.0909091	0.0909091	0.0909091	
0.000150761	0.124529	0.355043	0.263832	0.139454	0.0615106	0.0399518	0.00844264	0.00512589	0.00180914	0.000150761	
0.000245038	0.000245038	0.116148	0.323695	0.269787	0.175447	0.0757167	0.0245038	0.00833129	0.00563587	0.000245038	
0.000678426	0.0156038	0.105156	0.232022	0.17232	0.187246	0.164858	0.0753053	0.00814111	0.0379919	0.000678426	
0.0021645	0.0021645	0.025974	0.145022	0.21645	0.121212	0.24026	0.0735931	0.025974	0.145022	0.0021645	
0.00534759	0.00534759	0.122995	0.181818	0.417112	0.0641711	0.00534759	0.0641711	0.0641711	0.0641711	0.00534759	
0.00454545	0.00454545	0.00454545	0.154545	0.154545	0.254545	0.104545	0.154545	0.104545	0.00454545	0.0545455	
0.00413223	0.00413223	0.00413223	0.00413223	0.18595	0.367769	0.231405	0.0950413	0.00413223	0.0495868	0.0495868	
0.00478469	0.00478469	0.00478469	0.00478469	0.110048	0.425837	0.0574163	0.00478469	0.0574163	0.162679	0.162679	
0.00649351	0.00649351	0.00649351	0.0779221	0.0779221	0.292208	0.363636	0.00649351	0.0779221	0.0779221	0.00649351	
0.00534759	0.00534759	0.0641711	0.00534759	0.181818	0.00534759	0.240642	0.299465	0.181818	0.00534759	0.00534759	


Vector Pi :

0.00149031	0.444113	0.280179	0.099851	0.0670641	0.0178838	0.00149031	0.0178838	0.0342772	0.00149031	0.0342772	


Vector Phi :

0.000807696	0.482254	0.296717	0.10715	0.0307916	0.0129893	0.0158864	0.0167259	0.0135002	0.0111647	0.0120126	
