
Parameters: 11 states AND 11 symbols

Matrix A :

0.0909091	0.0909091	0.0909091	0.0909091	0.0909091	0.0909091	0.0909091	0.0909091	0.0909091	0.0909091	0.0909091	
0.000178603	0.642615	0.269334	0.0748348	0.00803715	0.00410788	0.000178603	0.000178603	0.000178603	0.000178603	0.000178603	
0.000275482	0.397245	0.333609	0.185124	0.0578512	0.0245179	0.000275482	0.000275482	0.000275482	0.000275482	0.000275482	
0.00050226	0.221497	0.298845	0.254646	0.171773	0.0447012	0.00602712	0.00050226	0.00050226	0.00050226	0.00050226	
0.00090009	0.060306	0.228623	0.258326	0.238524	0.139514	0.060306	0.0108011	0.00090009	0.00090009	0.00090009	
0.00197628	0.0237154	0.0671937	0.15415	0.306324	0.15415	0.15415	0.110672	0.0237154	0.00197628	0.00197628	
0.004329	0.0995671	0.0995671	0.0995671	0.194805	0.194805	0.194805	0.004329	0.0519481	0.004329	0.0519481	
0.00909091	0.109091	0.00909091	0.00909091	0.309091	0.209091	0.00909091	0.209091	0.00909091	0.109091	0.00909091	
0.030303	0.030303	0.363636	0.030303	0.030303	0.030303	0.030303	0.363636	0.030303	0.030303	0.030303	
0.0227273	0.0227273	0.0227273	0.0227273	0.0227273	0.0227273	0.272727	0.0227273	0.0227273	0.272727	0.272727	
0.030303	0.030303	0.030303	0.030303	0.363636	0.030303	0.363636	0.030303	0.030303	0.030303	0.030303	


Matrix B :

0.0909091	0.0909091	0.0909091	0.0909091	0.0909091	0.0909091	0.0909091	0.0909091	0.0909091	0.0909091	0.0909091	
0.000169924	0.413254	0.37774	0.145964	0.0506372	0.0057774	0.0057774	0.000169924	0.000169924	0.000169924	0.000169924	
0.000263505	0.0408432	0.48722	0.30751	0.133597	0.0205534	0.00606061	0.00316206	0.000263505	0.000263505	0.000263505	
0.000478469	0.000478469	0.0794258	0.500478	0.284689	0.0636364	0.0425837	0.0215311	0.00574163	0.000478469	0.000478469	
0.000841751	0.000841751	0.010101	0.27862	0.352694	0.223064	0.0749158	0.0378788	0.010101	0.000841751	0.010101	
0.00193424	0.00193424	0.00193424	0.065764	0.27853	0.299807	0.193424	0.129594	0.0232108	0.00193424	0.00193424	
0.00413223	0.00413223	0.00413223	0.00413223	0.0950413	0.458678	0.0950413	0.231405	0.00413223	0.0950413	0.00413223	
0.00909091	0.00909091	0.00909091	0.109091	0.209091	0.109091	0.00909091	0.409091	0.109091	0.00909091	0.00909091	
0.030303	0.030303	0.030303	0.030303	0.030303	0.030303	0.030303	0.363636	0.030303	0.363636	0.030303	
0.0181818	0.0181818	0.0181818	0.0181818	0.0181818	0.0181818	0.0181818	0.218182	0.0181818	0.0181818	0.618182	
0.030303	0.030303	0.030303	0.030303	0.030303	0.030303	0.030303	0.030303	0.363636	0.363636	0.030303	


Vector Pi :

0.00149031	0.42772	0.230999	0.149031	0.116244	0.0178838	0.0178838	0.00149031	0.00149031	0.0342772	0.00149031	


Vector Phi :

0.000777503	0.422391	0.274476	0.1499	0.0831707	0.0378102	0.0167159	0.00813659	0.00239546	0.00212155	0.00210389	
