
Parameters: 11 states AND 11 symbols

Matrix A :

0.0909091	0.0909091	0.0909091	0.0909091	0.0909091	0.0909091	0.0909091	0.0909091	0.0909091	0.0909091	0.0909091	
0.000140509	0.864128	0.133062	0.0016861	0.000140509	0.000140509	0.000140509	0.000140509	0.000140509	0.000140509	0.000140509	
0.00025974	0.243117	0.637403	0.105974	0.00883117	0.00311688	0.00025974	0.00025974	0.00025974	0.00025974	0.00025974	
0.000763942	0.025974	0.311688	0.488159	0.168831	0.000763942	0.000763942	0.000763942	0.000763942	0.000763942	0.000763942	
0.00146628	0.00146628	0.0337243	0.307918	0.549853	0.0821114	0.00146628	0.0175953	0.00146628	0.00146628	0.00146628	
0.00826446	0.00826446	0.00826446	0.0991736	0.371901	0.280992	0.0991736	0.00826446	0.00826446	0.0991736	0.00826446	
0.0454545	0.0454545	0.0454545	0.0454545	0.0454545	0.545455	0.0454545	0.0454545	0.0454545	0.0454545	0.0454545	
0.030303	0.030303	0.030303	0.363636	0.030303	0.030303	0.030303	0.030303	0.030303	0.030303	0.363636	
0.0454545	0.0454545	0.0454545	0.545455	0.0454545	0.0454545	0.0454545	0.0454545	0.0454545	0.0454545	0.0454545	
0.030303	0.030303	0.030303	0.030303	0.030303	0.030303	0.030303	0.363636	0.030303	0.030303	0.363636	
0.0181818	0.0181818	0.0181818	0.0181818	0.0181818	0.0181818	0.0181818	0.0181818	0.218182	0.218182	0.418182	


Matrix B :

0.0909091	0.0909091	0.0909091	0.0909091	0.0909091	0.0909091	0.0909091	0.0909091	0.0909091	0.0909091	0.0909091	
0.000133298	0.228872	0.412157	0.22594	0.0881098	0.0367902	0.00746468	0.000133298	0.000133298	0.000133298	0.000133298	
0.000248385	0.000248385	0.0849478	0.38003	0.284401	0.125931	0.0794834	0.0248385	0.0166418	0.00298063	0.000248385	
0.000733138	0.000733138	0.0168622	0.113636	0.242669	0.307185	0.13783	0.105572	0.0491202	0.0249267	0.000733138	
0.00137741	0.00137741	0.00137741	0.046832	0.137741	0.274105	0.213499	0.137741	0.107438	0.046832	0.0316804	
0.00826446	0.00826446	0.00826446	0.00826446	0.0991736	0.0991736	0.371901	0.190083	0.190083	0.00826446	0.00826446	
0.0454545	0.0454545	0.0454545	0.0454545	0.0454545	0.0454545	0.545455	0.0454545	0.0454545	0.0454545	0.0454545	
0.030303	0.030303	0.030303	0.030303	0.030303	0.030303	0.363636	0.363636	0.030303	0.030303	0.030303	
0.0454545	0.0454545	0.0454545	0.0454545	0.0454545	0.545455	0.0454545	0.0454545	0.0454545	0.0454545	0.0454545	
0.030303	0.030303	0.030303	0.030303	0.030303	0.030303	0.030303	0.363636	0.030303	0.030303	0.363636	
0.0181818	0.0181818	0.0181818	0.0181818	0.0181818	0.0181818	0.218182	0.218182	0.0181818	0.218182	0.218182	


Vector Pi :

0.00149031	0.558867	0.280179	0.0834575	0.0670641	0.00149031	0.00149031	0.00149031	0.00149031	0.00149031	0.00149031	


Vector Phi :

0.000826468	0.539695	0.288661	0.0981881	0.0511597	0.009079	0.00165183	0.0024776	0.00165257	0.00247794	0.00413052	
