
Parameters: 11 states AND 11 symbols

Matrix A :

0.0909091	0.0909091	0.0909091	0.0909091	0.0909091	0.0909091	0.0909091	0.0909091	0.0909091	0.0909091	0.0909091	
0.000234302	0.806935	0.175492	0.0156982	0.000234302	0.000234302	0.000234302	0.000234302	0.000234302	0.000234302	0.000234302	
0.000293255	0.2261	0.603519	0.145455	0.0164223	0.00674487	0.000293255	0.000293255	0.000293255	0.000293255	0.000293255	
0.000510725	0.0173647	0.247702	0.562308	0.129724	0.0398366	0.000510725	0.000510725	0.000510725	0.000510725	0.000510725	
0.000918274	0.0110193	0.0716253	0.213039	0.485767	0.152433	0.0615243	0.000918274	0.000918274	0.000918274	0.000918274	
0.00135685	0.00135685	0.0312076	0.0162822	0.255088	0.404342	0.210312	0.0759837	0.00135685	0.00135685	0.00135685	
0.00178253	0.0213904	0.00178253	0.0606061	0.0213904	0.237077	0.374332	0.217469	0.0213904	0.0213904	0.0213904	
0.00178253	0.00178253	0.00178253	0.00178253	0.0606061	0.0409982	0.158645	0.472371	0.197861	0.0213904	0.0409982	
0.00221729	0.00221729	0.00221729	0.0266075	0.0266075	0.00221729	0.0509978	0.221729	0.587583	0.0509978	0.0266075	
0.0113636	0.0113636	0.0113636	0.0113636	0.0113636	0.0113636	0.0113636	0.136364	0.386364	0.261364	0.136364	
0.0151515	0.0151515	0.0151515	0.0151515	0.0151515	0.181818	0.181818	0.0151515	0.348485	0.181818	0.0151515	


Matrix B :

0.0909091	0.0909091	0.0909091	0.0909091	0.0909091	0.0909091	0.0909091	0.0909091	0.0909091	0.0909091	0.0909091	
0.000222272	0.48433	0.42565	0.0833519	0.00511225	0.000222272	0.000222272	0.000222272	0.000222272	0.000222272	0.000222272	
0.000278862	0.0984384	0.595371	0.26715	0.0309537	0.00641383	0.000278862	0.000278862	0.000278862	0.000278862	0.000278862	
0.000486145	0.00583374	0.310647	0.422946	0.219737	0.0379193	0.000486145	0.000486145	0.000486145	0.000486145	0.000486145	
0.000882613	0.0105914	0.0688438	0.476611	0.292145	0.0882613	0.059135	0.000882613	0.000882613	0.000882613	0.000882613	
0.0013369	0.0160428	0.13369	0.354278	0.163102	0.192513	0.0748663	0.0601604	0.0013369	0.0013369	0.0013369	
0.00165289	0.00165289	0.0198347	0.365289	0.383471	0.0561983	0.092562	0.0561983	0.0198347	0.00165289	0.00165289	
0.00171527	0.00171527	0.077187	0.0960549	0.265866	0.209262	0.0960549	0.0205832	0.152659	0.058319	0.0205832	
0.00211416	0.00211416	0.02537	0.141649	0.188161	0.374207	0.164905	0.00211416	0.00211416	0.02537	0.0718816	
0.0113636	0.0113636	0.136364	0.261364	0.261364	0.136364	0.136364	0.0113636	0.0113636	0.0113636	0.0113636	
0.012987	0.012987	0.441558	0.155844	0.155844	0.155844	0.012987	0.012987	0.012987	0.012987	0.012987	


Vector Pi :

0.00149031	0.329359	0.280179	0.149031	0.0670641	0.0178838	0.0670641	0.0342772	0.0342772	0.00149031	0.0178838	


Vector Phi :

0.000831551	0.32602	0.257027	0.147821	0.0822114	0.055645	0.042365	0.0423732	0.034071	0.00664837	0.0049861	
