
Parameters: 11 states AND 11 symbols

Matrix A :

0.0909091	0.0909091	0.0909091	0.0909091	0.0909091	0.0909091	0.0909091	0.0909091	0.0909091	0.0909091	0.0909091	
0.000232504	0.831435	0.133225	0.0130202	0.0104627	0.00534759	0.000232504	0.00279005	0.000232504	0.00279005	0.000232504	
0.000351	0.220428	0.591085	0.135486	0.027378	0.00807301	0.00807301	0.000351	0.004212	0.004212	0.000351	
0.000550964	0.0247934	0.273278	0.539945	0.133884	0.0126722	0.000550964	0.00661157	0.000550964	0.000550964	0.00661157	
0.000739098	0.00886918	0.0332594	0.236511	0.521064	0.187731	0.000739098	0.000739098	0.000739098	0.00886918	0.000739098	
0.000927644	0.0111317	0.0213358	0.0213358	0.225417	0.490724	0.174397	0.041744	0.000927644	0.000927644	0.0111317	
0.00162338	0.0373377	0.00162338	0.0730519	0.0373377	0.269481	0.412338	0.162338	0.00162338	0.00162338	0.00162338	
0.00197628	0.00197628	0.0454545	0.00197628	0.0237154	0.0454545	0.175889	0.501976	0.15415	0.0454545	0.00197628	
0.00395257	0.0474308	0.00395257	0.00395257	0.00395257	0.0909091	0.0474308	0.221344	0.395257	0.134387	0.0474308	
0.00454545	0.00454545	0.00454545	0.00454545	0.00454545	0.0545455	0.104545	0.104545	0.104545	0.404545	0.204545	
0.00505051	0.00505051	0.00505051	0.00505051	0.00505051	0.00505051	0.0606061	0.00505051	0.171717	0.171717	0.560606	


Matrix B :

0.0909091	0.0909091	0.0909091	0.0909091	0.0909091	0.0909091	0.0909091	0.0909091	0.0909091	0.0909091	0.0909091	
0.000221729	0.451441	0.351441	0.146563	0.0416851	0.0075388	0.000221729	0.000221729	0.000221729	0.000221729	0.000221729	
0.000333	0.14319	0.505828	0.282384	0.0589411	0.00765901	0.000333	0.000333	0.000333	0.000333	0.000333	
0.000531632	0.0180755	0.322169	0.550239	0.0882509	0.0180755	0.000531632	0.000531632	0.000531632	0.000531632	0.000531632	
0.000704722	0.0317125	0.10148	0.442565	0.264271	0.155743	0.000704722	0.000704722	0.000704722	0.000704722	0.000704722	
0.000882613	0.0105914	0.185349	0.224184	0.301853	0.25331	0.0203001	0.000882613	0.000882613	0.000882613	0.000882613	
0.00149031	0.0342772	0.181818	0.116244	0.280179	0.198212	0.165425	0.0178838	0.00149031	0.00149031	0.00149031	
0.00193424	0.0232108	0.2147	0.321083	0.193424	0.2147	0.00193424	0.0232108	0.00193424	0.00193424	0.00193424	
0.0034965	0.041958	0.118881	0.272727	0.234266	0.0034965	0.157343	0.118881	0.041958	0.0034965	0.0034965	
0.00454545	0.00454545	0.304545	0.204545	0.0545455	0.104545	0.104545	0.00454545	0.0545455	0.00454545	0.154545	
0.00478469	0.00478469	0.162679	0.267943	0.215311	0.215311	0.110048	0.00478469	0.00478469	0.00478469	0.00478469	


Vector Pi :

0.00149031	0.296572	0.230999	0.099851	0.099851	0.0834575	0.099851	0.0178838	0.0506706	0.00149031	0.0178838	


Vector Phi :

0.000822395	0.331671	0.217177	0.13712	0.101563	0.0799828	0.0443556	0.037254	0.0187981	0.0164555	0.0148005	
