
Parameters: 11 states AND 11 symbols

Matrix A :

0.0909091	0.0909091	0.0909091	0.0909091	0.0909091	0.0909091	0.0909091	0.0909091	0.0909091	0.0909091	0.0909091	
0.00016835	0.718687	0.23165	0.0372054	0.00942761	0.0020202	0.00016835	0.00016835	0.00016835	0.00016835	0.00016835	
0.000273	0.369642	0.396669	0.210483	0.021294	0.000273	0.000273	0.000273	0.000273	0.000273	0.000273	
0.0004329	0.129004	0.300433	0.414719	0.114719	0.0385281	0.0004329	0.0004329	0.0004329	0.0004329	0.0004329	
0.0013369	0.0160428	0.118984	0.398396	0.324866	0.118984	0.0160428	0.0013369	0.0013369	0.0013369	0.0013369	
0.00284091	0.00284091	0.0965909	0.127841	0.252841	0.346591	0.0965909	0.0340909	0.0340909	0.00284091	0.00284091	
0.012987	0.012987	0.012987	0.012987	0.298701	0.298701	0.012987	0.298701	0.012987	0.012987	0.012987	
0.0113636	0.0113636	0.0113636	0.136364	0.0113636	0.136364	0.261364	0.136364	0.136364	0.0113636	0.136364	
0.0181818	0.0181818	0.0181818	0.0181818	0.0181818	0.0181818	0.0181818	0.618182	0.0181818	0.218182	0.0181818	
0.0454545	0.0454545	0.0454545	0.0454545	0.0454545	0.0454545	0.0454545	0.0454545	0.545455	0.0454545	0.0454545	
0.030303	0.030303	0.030303	0.030303	0.030303	0.030303	0.030303	0.030303	0.363636	0.030303	0.363636	


Matrix B :

0.0909091	0.0909091	0.0909091	0.0909091	0.0909091	0.0909091	0.0909091	0.0909091	0.0909091	0.0909091	0.0909091	
0.00015977	0.399105	0.365713	0.160089	0.045854	0.0194919	0.00718965	0.00191724	0.00015977	0.00015977	0.00015977	
0.000264271	0.0613108	0.587474	0.253171	0.0787526	0.0118922	0.00317125	0.00317125	0.000264271	0.000264271	0.000264271	
0.000405844	0.000405844	0.201299	0.634334	0.0986201	0.049513	0.0137987	0.000405844	0.000405844	0.000405844	0.000405844	
0.00128041	0.00128041	0.00128041	0.423816	0.451985	0.0576184	0.0576184	0.00128041	0.00128041	0.00128041	0.00128041	
0.0026738	0.0026738	0.0026738	0.149733	0.502674	0.296791	0.0026738	0.0026738	0.0320856	0.0026738	0.0026738	
0.012987	0.012987	0.012987	0.012987	0.155844	0.155844	0.298701	0.012987	0.155844	0.155844	0.012987	
0.010101	0.010101	0.010101	0.010101	0.010101	0.121212	0.010101	0.454545	0.232323	0.121212	0.010101	
0.0181818	0.0181818	0.0181818	0.0181818	0.0181818	0.418182	0.0181818	0.0181818	0.218182	0.218182	0.0181818	
0.0454545	0.0454545	0.0454545	0.0454545	0.0454545	0.0454545	0.545455	0.0454545	0.0454545	0.0454545	0.0454545	
0.030303	0.030303	0.030303	0.030303	0.030303	0.030303	0.030303	0.030303	0.030303	0.030303	0.69697	


Vector Pi :

0.00149031	0.4769	0.198212	0.230999	0.0342772	0.0342772	0.00149031	0.0178838	0.00149031	0.00149031	0.00149031	


Vector Phi :

0.000834659	0.445345	0.274175	0.174235	0.0576739	0.0268132	0.00587031	0.00669505	0.00418061	0.00167078	0.00250731	
