
Parameters: 11 states AND 11 symbols

Matrix A :

0.0909091	0.0909091	0.0909091	0.0909091	0.0909091	0.0909091	0.0909091	0.0909091	0.0909091	0.0909091	0.0909091	
0.000208986	0.848485	0.126646	0.0208986	0.00250784	0.000208986	0.000208986	0.000208986	0.000208986	0.000208986	0.000208986	
0.000334225	0.20254	0.673128	0.0995989	0.0150401	0.00768717	0.000334225	0.000334225	0.000334225	0.000334225	0.000334225	
0.000710227	0.0397727	0.203835	0.492898	0.203835	0.0319602	0.0163352	0.000710227	0.000710227	0.000710227	0.00852273	
0.000927644	0.0213358	0.0621521	0.215213	0.409091	0.235622	0.0213358	0.0213358	0.0111317	0.000927644	0.000927644	
0.000999001	0.011988	0.000999001	0.033966	0.231768	0.495504	0.154845	0.033966	0.011988	0.011988	0.011988	
0.00178253	0.00178253	0.00178253	0.0409982	0.0213904	0.237077	0.472371	0.197861	0.0213904	0.00178253	0.00178253	
0.00227273	0.00227273	0.00227273	0.0272727	0.0522727	0.0772727	0.152273	0.352273	0.277273	0.0522727	0.00227273	
0.002331	0.002331	0.002331	0.002331	0.0536131	0.027972	0.0536131	0.156177	0.412587	0.181818	0.104895	
0.0034965	0.0034965	0.041958	0.0034965	0.0034965	0.0034965	0.0034965	0.0804196	0.195804	0.426573	0.234266	
0.00478469	0.0574163	0.00478469	0.0574163	0.00478469	0.00478469	0.00478469	0.110048	0.162679	0.267943	0.320574	


Matrix B :

0.0909091	0.0909091	0.0909091	0.0909091	0.0909091	0.0909091	0.0909091	0.0909091	0.0909091	0.0909091	0.0909091	
0.000196773	0.244786	0.365998	0.212318	0.101928	0.0456513	0.0283353	0.000196773	0.000196773	0.000196773	0.000196773	
0.000320102	0.0284891	0.264405	0.289052	0.274968	0.0953905	0.0460948	0.000320102	0.000320102	0.000320102	0.000320102	
0.000678426	0.0529172	0.0753053	0.269335	0.276798	0.164858	0.105156	0.0529172	0.000678426	0.000678426	0.000678426	
0.000882613	0.0105914	0.127096	0.146514	0.25331	0.185349	0.17564	0.0494263	0.0397176	0.0105914	0.000882613	
0.000967118	0.0116054	0.0754352	0.117988	0.256286	0.213733	0.117988	0.0860735	0.032882	0.0435203	0.0435203	
0.00174825	0.00174825	0.00174825	0.0594406	0.136364	0.29021	0.155594	0.232517	0.020979	0.0594406	0.0402098	
0.00211416	0.00211416	0.0486258	0.188161	0.188161	0.141649	0.188161	0.0718816	0.0718816	0.0486258	0.0486258	
0.002331	0.027972	0.002331	0.2331	0.130536	0.207459	0.207459	0.027972	0.002331	0.0792541	0.0792541	
0.0031348	0.0031348	0.0031348	0.106583	0.244514	0.0721003	0.210031	0.0031348	0.0721003	0.141066	0.141066	
0.00478469	0.00478469	0.162679	0.110048	0.110048	0.267943	0.215311	0.0574163	0.0574163	0.00478469	0.00478469	


Vector Pi :

0.00149031	0.460507	0.198212	0.099851	0.0834575	0.0506706	0.0178838	0.0506706	0.00149031	0.0342772	0.00149031	


Vector Phi :

0.000862739	0.354198	0.223955	0.106547	0.0823998	0.0770308	0.0435805	0.034883	0.034685	0.0246343	0.0172233	
