
Parameters: 11 states AND 11 symbols

Matrix A :

0.0909091	0.0909091	0.0909091	0.0909091	0.0909091	0.0909091	0.0909091	0.0909091	0.0909091	0.0909091	0.0909091	
0.00011279	0.897135	0.096887	0.00383487	0.00135349	0.00011279	0.00011279	0.00011279	0.00011279	0.00011279	0.00011279	
0.000341763	0.278537	0.620643	0.0943267	0.000341763	0.00410116	0.000341763	0.000341763	0.000341763	0.000341763	0.000341763	
0.00110865	0.0986696	0.269401	0.476718	0.14745	0.00110865	0.00110865	0.00110865	0.00110865	0.00110865	0.00110865	
0.0034965	0.0034965	0.0034965	0.426573	0.465035	0.0804196	0.0034965	0.0034965	0.0034965	0.0034965	0.0034965	
0.010101	0.010101	0.010101	0.343434	0.010101	0.454545	0.010101	0.010101	0.121212	0.010101	0.010101	
0.0909091	0.0909091	0.0909091	0.0909091	0.0909091	0.0909091	0.0909091	0.0909091	0.0909091	0.0909091	0.0909091	
0.0909091	0.0909091	0.0909091	0.0909091	0.0909091	0.0909091	0.0909091	0.0909091	0.0909091	0.0909091	0.0909091	
0.030303	0.030303	0.030303	0.030303	0.030303	0.030303	0.030303	0.030303	0.030303	0.363636	0.363636	
0.0227273	0.0227273	0.0227273	0.0227273	0.0227273	0.272727	0.0227273	0.0227273	0.0227273	0.272727	0.272727	
0.0151515	0.0151515	0.0151515	0.0151515	0.0151515	0.0151515	0.0151515	0.0151515	0.181818	0.181818	0.515152	


Matrix B :

0.0909091	0.0909091	0.0909091	0.0909091	0.0909091	0.0909091	0.0909091	0.0909091	0.0909091	0.0909091	0.0909091	
0.000107331	0.168938	0.350757	0.251583	0.11699	0.0567779	0.0378877	0.00837179	0.00719116	0.00128797	0.000107331	
0.000328192	0.000328192	0.0472596	0.220545	0.310798	0.224155	0.115852	0.0544798	0.0219888	0.000328192	0.0039383	
0.00104493	0.00104493	0.0125392	0.0700104	0.161964	0.265413	0.253918	0.0815047	0.0355277	0.0470219	0.0700104	
0.00324675	0.00324675	0.038961	0.0746753	0.11039	0.431818	0.038961	0.038961	0.11039	0.146104	0.00324675	
0.010101	0.010101	0.010101	0.121212	0.232323	0.454545	0.121212	0.010101	0.010101	0.010101	0.010101	
0.0909091	0.0909091	0.0909091	0.0909091	0.0909091	0.0909091	0.0909091	0.0909091	0.0909091	0.0909091	0.0909091	
0.0909091	0.0909091	0.0909091	0.0909091	0.0909091	0.0909091	0.0909091	0.0909091	0.0909091	0.0909091	0.0909091	
0.030303	0.030303	0.030303	0.363636	0.030303	0.030303	0.030303	0.363636	0.030303	0.030303	0.030303	
0.0227273	0.0227273	0.0227273	0.272727	0.0227273	0.0227273	0.272727	0.272727	0.0227273	0.0227273	0.0227273	
0.012987	0.012987	0.012987	0.012987	0.298701	0.155844	0.155844	0.298701	0.012987	0.012987	0.012987	


Vector Pi :

0.00149031	0.673621	0.181818	0.0834575	0.0342772	0.00149031	0.00149031	0.00149031	0.00149031	0.00149031	0.0178838	


Vector Phi :

0.000829877	0.66888	0.220747	0.0680498	0.0215768	0.00746889	0.000829877	0.000829877	0.00248963	0.00331951	0.00497927	
