
Parameters: 11 states AND 11 symbols

Matrix A :

0.0909091	0.0909091	0.0909091	0.0909091	0.0909091	0.0909091	0.0909091	0.0909091	0.0909091	0.0909091	0.0909091	
0.000109397	0.924297	0.0711082	0.00371951	0.000109397	0.000109397	0.000109397	0.000109397	0.000109397	0.000109397	0.000109397	
0.000374111	0.247288	0.642349	0.10737	0.000374111	0.000374111	0.000374111	0.000374111	0.000374111	0.000374111	0.000374111	
0.00102145	0.0122574	0.293156	0.574055	0.0909091	0.0234934	0.00102145	0.00102145	0.00102145	0.00102145	0.00102145	
0.00606061	0.00606061	0.0727273	0.472727	0.206061	0.206061	0.00606061	0.00606061	0.00606061	0.00606061	0.00606061	
0.00699301	0.00699301	0.00699301	0.0839161	0.237762	0.468531	0.00699301	0.0839161	0.0839161	0.00699301	0.00699301	
0.0909091	0.0909091	0.0909091	0.0909091	0.0909091	0.0909091	0.0909091	0.0909091	0.0909091	0.0909091	0.0909091	
0.0227273	0.0227273	0.0227273	0.272727	0.0227273	0.272727	0.0227273	0.0227273	0.272727	0.0227273	0.0227273	
0.030303	0.030303	0.030303	0.030303	0.030303	0.030303	0.030303	0.363636	0.030303	0.030303	0.363636	
0.0454545	0.0454545	0.0454545	0.0454545	0.0454545	0.0454545	0.0454545	0.545455	0.0454545	0.0454545	0.0454545	
0.030303	0.030303	0.030303	0.030303	0.030303	0.030303	0.030303	0.030303	0.030303	0.363636	0.363636	


Matrix B :

0.0909091	0.0909091	0.0909091	0.0909091	0.0909091	0.0909091	0.0909091	0.0909091	0.0909091	0.0909091	0.0909091	
0.000104373	0.235466	0.362906	0.246947	0.0999896	0.0356956	0.0138816	0.00125248	0.00354869	0.000104373	0.000104373	
0.00036075	0.0281385	0.309885	0.321789	0.242424	0.0797258	0.00829726	0.004329	0.004329	0.00036075	0.00036075	
0.000918274	0.0312213	0.0312213	0.505969	0.263545	0.132231	0.0211203	0.0110193	0.000918274	0.000918274	0.000918274	
0.00606061	0.00606061	0.00606061	0.272727	0.139394	0.406061	0.00606061	0.0727273	0.00606061	0.0727273	0.00606061	
0.00649351	0.00649351	0.0779221	0.00649351	0.435065	0.220779	0.0779221	0.00649351	0.00649351	0.00649351	0.149351	
0.0909091	0.0909091	0.0909091	0.0909091	0.0909091	0.0909091	0.0909091	0.0909091	0.0909091	0.0909091	0.0909091	
0.0227273	0.0227273	0.272727	0.272727	0.272727	0.0227273	0.0227273	0.0227273	0.0227273	0.0227273	0.0227273	
0.030303	0.030303	0.030303	0.030303	0.69697	0.030303	0.030303	0.030303	0.030303	0.030303	0.030303	
0.0454545	0.0454545	0.0454545	0.545455	0.0454545	0.0454545	0.0454545	0.0454545	0.0454545	0.0454545	0.0454545	
0.030303	0.030303	0.030303	0.030303	0.363636	0.363636	0.030303	0.030303	0.030303	0.030303	0.030303	


Vector Pi :

0.00149031	0.673621	0.149031	0.149031	0.00149031	0.0178838	0.00149031	0.00149031	0.00149031	0.00149031	0.00149031	


Vector Phi :

0.000850404	0.684083	0.203102	0.0767972	0.0129129	0.0111662	0.000850404	0.00341511	0.00256312	0.00170279	0.00255717	
