
Parameters: 11 states AND 11 symbols

Matrix A :

0.0909091	0.0909091	0.0909091	0.0909091	0.0909091	0.0909091	0.0909091	0.0909091	0.0909091	0.0909091	0.0909091	
9.8174e-05	0.943943	0.0476144	0.00549774	0.00117809	9.8174e-05	0.00117809	9.8174e-05	9.8174e-05	9.8174e-05	9.8174e-05	
0.000590319	0.299292	0.585006	0.11098	0.000590319	0.000590319	0.000590319	0.000590319	0.000590319	0.000590319	0.000590319	
0.0013986	0.0629371	0.262937	0.524476	0.0629371	0.0629371	0.0167832	0.0013986	0.0013986	0.0013986	0.0013986	
0.00478469	0.00478469	0.00478469	0.320574	0.478469	0.0574163	0.0574163	0.00478469	0.00478469	0.00478469	0.0574163	
0.00757576	0.00757576	0.0909091	0.174242	0.174242	0.257576	0.257576	0.00757576	0.00757576	0.00757576	0.00757576	
0.00757576	0.00757576	0.0909091	0.00757576	0.174242	0.174242	0.257576	0.00757576	0.0909091	0.00757576	0.174242	
0.030303	0.030303	0.030303	0.030303	0.363636	0.030303	0.363636	0.030303	0.030303	0.030303	0.030303	
0.0151515	0.0151515	0.0151515	0.0151515	0.0151515	0.181818	0.181818	0.348485	0.181818	0.0151515	0.0151515	
0.0909091	0.0909091	0.0909091	0.0909091	0.0909091	0.0909091	0.0909091	0.0909091	0.0909091	0.0909091	0.0909091	
0.0151515	0.0151515	0.0151515	0.0151515	0.0151515	0.0151515	0.0151515	0.0151515	0.515152	0.0151515	0.348485	


Matrix B :

0.0909091	0.0909091	0.0909091	0.0909091	0.0909091	0.0909091	0.0909091	0.0909091	0.0909091	0.0909091	0.0909091	
9.34317e-05	0.209754	0.375222	0.206671	0.123423	0.0545641	0.0165374	0.00625993	0.00317668	0.00112118	0.00317668	
0.000568182	0.000568182	0.138068	0.325568	0.250568	0.194318	0.0443182	0.0130682	0.0193182	0.0130682	0.000568182	
0.00131752	0.0158103	0.0592885	0.131752	0.262187	0.218709	0.218709	0.0592885	0.0158103	0.0158103	0.00131752	
0.004329	0.004329	0.290043	0.242424	0.147186	0.147186	0.0995671	0.0519481	0.004329	0.004329	0.004329	
0.00757576	0.00757576	0.0909091	0.174242	0.257576	0.257576	0.174242	0.00757576	0.00757576	0.00757576	0.00757576	
0.00699301	0.00699301	0.00699301	0.391608	0.0839161	0.237762	0.160839	0.00699301	0.00699301	0.0839161	0.00699301	
0.030303	0.030303	0.030303	0.363636	0.363636	0.030303	0.030303	0.030303	0.030303	0.030303	0.030303	
0.0151515	0.0151515	0.0151515	0.0151515	0.348485	0.181818	0.0151515	0.0151515	0.0151515	0.348485	0.0151515	
0.0909091	0.0909091	0.0909091	0.0909091	0.0909091	0.0909091	0.0909091	0.0909091	0.0909091	0.0909091	0.0909091	
0.0151515	0.0151515	0.0151515	0.181818	0.348485	0.0151515	0.181818	0.0151515	0.181818	0.0151515	0.0151515	


Vector Pi :

0.00149031	0.788376	0.099851	0.0670641	0.0178838	0.00149031	0.0178838	0.00149031	0.00149031	0.00149031	0.00149031	


Vector Phi :

0.000880168	0.760925	0.128579	0.0559533	0.018172	0.0105853	0.0105964	0.00266625	0.00535824	0.000880168	0.00540399	
