
Parameters: 11 states AND 11 symbols

Matrix A :

0.090909	0.090909	0.090909	0.090909	0.090909	0.090909	0.090909	0.090909	0.090909	0.090909	0.090909	
0.000176	0.907333	0.062071	0.011781	0.007913	0.002110	0.000176	0.000176	0.004044	0.000176	0.004044	
0.001595	0.615630	0.264753	0.089314	0.001595	0.019139	0.001595	0.001595	0.001595	0.001595	0.001595	
0.006061	0.406061	0.472727	0.072727	0.006061	0.006061	0.006061	0.006061	0.006061	0.006061	0.006061	
0.018182	0.218182	0.018182	0.218182	0.018182	0.218182	0.218182	0.018182	0.018182	0.018182	0.018182	
0.022727	0.522727	0.022727	0.272727	0.022727	0.022727	0.022727	0.022727	0.022727	0.022727	0.022727	
0.045455	0.545455	0.045455	0.045455	0.045455	0.045455	0.045455	0.045455	0.045455	0.045455	0.045455	
0.090909	0.090909	0.090909	0.090909	0.090909	0.090909	0.090909	0.090909	0.090909	0.090909	0.090909	
0.030303	0.363636	0.363636	0.030303	0.030303	0.030303	0.030303	0.030303	0.030303	0.030303	0.030303	
0.090909	0.090909	0.090909	0.090909	0.090909	0.090909	0.090909	0.090909	0.090909	0.090909	0.090909	
0.030303	0.696970	0.030303	0.030303	0.030303	0.030303	0.030303	0.030303	0.030303	0.030303	0.030303	


Matrix B :

0.090909	0.090909	0.090909	0.090909	0.090909	0.090909	0.090909	0.090909	0.090909	0.090909	0.090909	
0.000167	0.290075	0.427690	0.183653	0.069892	0.020350	0.005671	0.000167	0.000167	0.002002	0.000167	
0.001541	0.052388	0.272727	0.306626	0.204931	0.086287	0.052388	0.018490	0.001541	0.001541	0.001541	
0.006061	0.006061	0.206061	0.272727	0.206061	0.072727	0.006061	0.072727	0.072727	0.006061	0.072727	
0.018182	0.018182	0.218182	0.018182	0.418182	0.018182	0.218182	0.018182	0.018182	0.018182	0.018182	
0.022727	0.022727	0.022727	0.772727	0.022727	0.022727	0.022727	0.022727	0.022727	0.022727	0.022727	
0.045455	0.045455	0.045455	0.545455	0.045455	0.045455	0.045455	0.045455	0.045455	0.045455	0.045455	
0.090909	0.090909	0.090909	0.090909	0.090909	0.090909	0.090909	0.090909	0.090909	0.090909	0.090909	
0.030303	0.030303	0.030303	0.363636	0.030303	0.030303	0.363636	0.030303	0.030303	0.030303	0.030303	
0.090909	0.090909	0.090909	0.090909	0.090909	0.090909	0.090909	0.090909	0.090909	0.090909	0.090909	
0.030303	0.030303	0.030303	0.363636	0.363636	0.030303	0.030303	0.030303	0.030303	0.030303	0.030303	


Vector Pi :

0.002933	0.873900	0.099707	0.002933	0.002933	0.002933	0.002933	0.002933	0.002933	0.002933	0.002933	


Vector Phi :

0.001635	0.851319	0.091442	0.024443	0.008222	0.006531	0.003280	0.001635	0.004929	0.001635	0.004929	
