
Parameters: 11 states AND 11 symbols

Matrix A :

0.090909	0.090909	0.090909	0.090909	0.090909	0.090909	0.090909	0.090909	0.090909	0.090909	0.090909	
0.000176	0.905581	0.063882	0.015620	0.005967	0.000176	0.002106	0.002106	0.000176	0.000176	0.004037	
0.001715	0.548885	0.284734	0.077187	0.039451	0.020583	0.001715	0.001715	0.020583	0.001715	0.001715	
0.005682	0.630682	0.130682	0.130682	0.005682	0.068182	0.005682	0.005682	0.005682	0.005682	0.005682	
0.015152	0.515152	0.181818	0.015152	0.015152	0.015152	0.015152	0.015152	0.015152	0.181818	0.015152	
0.030303	0.363636	0.030303	0.363636	0.030303	0.030303	0.030303	0.030303	0.030303	0.030303	0.030303	
0.030303	0.363636	0.363636	0.030303	0.030303	0.030303	0.030303	0.030303	0.030303	0.030303	0.030303	
0.045455	0.545455	0.045455	0.045455	0.045455	0.045455	0.045455	0.045455	0.045455	0.045455	0.045455	
0.045455	0.045455	0.045455	0.045455	0.045455	0.045455	0.545455	0.045455	0.045455	0.045455	0.045455	
0.045455	0.545455	0.045455	0.045455	0.045455	0.045455	0.045455	0.045455	0.045455	0.045455	0.045455	
0.030303	0.696970	0.030303	0.030303	0.030303	0.030303	0.030303	0.030303	0.030303	0.030303	0.030303	


Matrix B :

0.090909	0.090909	0.090909	0.090909	0.090909	0.090909	0.090909	0.090909	0.090909	0.090909	0.090909	
0.000167	0.384358	0.395388	0.156417	0.042447	0.018549	0.000167	0.002005	0.000167	0.000167	0.000167	
0.001653	0.128926	0.492562	0.165289	0.092562	0.038017	0.038017	0.001653	0.001653	0.019835	0.019835	
0.005051	0.005051	0.393939	0.449495	0.060606	0.005051	0.060606	0.005051	0.005051	0.005051	0.005051	
0.015152	0.015152	0.348485	0.348485	0.015152	0.181818	0.015152	0.015152	0.015152	0.015152	0.015152	
0.030303	0.030303	0.363636	0.030303	0.030303	0.363636	0.030303	0.030303	0.030303	0.030303	0.030303	
0.030303	0.030303	0.030303	0.696970	0.030303	0.030303	0.030303	0.030303	0.030303	0.030303	0.030303	
0.045455	0.045455	0.045455	0.545455	0.045455	0.045455	0.045455	0.045455	0.045455	0.045455	0.045455	
0.045455	0.045455	0.045455	0.545455	0.045455	0.045455	0.045455	0.045455	0.045455	0.045455	0.045455	
0.045455	0.045455	0.045455	0.545455	0.045455	0.045455	0.045455	0.045455	0.045455	0.045455	0.045455	
0.030303	0.030303	0.030303	0.030303	0.696970	0.030303	0.030303	0.030303	0.030303	0.030303	0.030303	


Vector Pi :

0.002933	0.841642	0.067449	0.067449	0.002933	0.002933	0.002933	0.002933	0.002933	0.002933	0.002933	


Vector Phi :

0.001642	0.850575	0.087028	0.026273	0.009852	0.004926	0.004926	0.003284	0.003284	0.003284	0.004926	
