
Parameters: 11 states AND 11 symbols

Matrix A :

0.0909091	0.0909091	0.0909091	0.0909091	0.0909091	0.0909091	0.0909091	0.0909091	0.0909091	0.0909091	0.0909091	
0.000130617	0.890935	0.0849007	0.0116249	0.00587774	0.0015674	0.000130617	0.0015674	0.0015674	0.0015674	0.000130617	
0.000381971	0.281895	0.5466	0.147441	0.012987	0.00458365	0.00458365	0.000381971	0.000381971	0.000381971	0.000381971	
0.000757576	0.0507576	0.292424	0.467424	0.125758	0.0257576	0.0174242	0.000757576	0.00909091	0.000757576	0.00909091	
0.00185529	0.0222635	0.103896	0.28757	0.307978	0.185529	0.0222635	0.0426716	0.00185529	0.0222635	0.00185529	
0.00252525	0.00252525	0.0858586	0.0858586	0.252525	0.44697	0.030303	0.0580808	0.00252525	0.030303	0.00252525	
0.00606061	0.00606061	0.00606061	0.0727273	0.0727273	0.206061	0.339394	0.272727	0.00606061	0.00606061	0.00606061	
0.00534759	0.00534759	0.0641711	0.0641711	0.0641711	0.122995	0.181818	0.240642	0.181818	0.0641711	0.00534759	
0.00757576	0.0909091	0.00757576	0.00757576	0.00757576	0.0909091	0.0909091	0.174242	0.257576	0.174242	0.0909091	
0.00649351	0.00649351	0.00649351	0.0779221	0.00649351	0.00649351	0.00649351	0.00649351	0.220779	0.435065	0.220779	
0.012987	0.012987	0.441558	0.012987	0.012987	0.012987	0.012987	0.155844	0.012987	0.155844	0.155844	


Matrix B :

0.0909091	0.0909091	0.0909091	0.0909091	0.0909091	0.0909091	0.0909091	0.0909091	0.0909091	0.0909091	0.0909091	
0.000123854	0.344811	0.399306	0.177236	0.0559822	0.017835	0.00421105	0.000123854	0.000123854	0.000123854	0.000123854	
0.000363636	0.0723636	0.332364	0.388364	0.120364	0.0443636	0.0283636	0.0123636	0.000363636	0.000363636	0.000363636	
0.000733138	0.0249267	0.218475	0.234604	0.266862	0.170088	0.0571848	0.00879765	0.0168622	0.000733138	0.000733138	
0.00178253	0.00178253	0.217469	0.256684	0.178253	0.139037	0.0409982	0.0802139	0.0606061	0.0213904	0.00178253	
0.00239234	0.00239234	0.107656	0.160287	0.291866	0.26555	0.0550239	0.0287081	0.0813397	0.00239234	0.00239234	
0.00568182	0.00568182	0.130682	0.255682	0.193182	0.130682	0.0681818	0.193182	0.00568182	0.00568182	0.00568182	
0.00534759	0.00534759	0.181818	0.534759	0.122995	0.00534759	0.00534759	0.0641711	0.00534759	0.0641711	0.00534759	
0.00699301	0.00699301	0.0839161	0.468531	0.237762	0.0839161	0.00699301	0.00699301	0.00699301	0.0839161	0.00699301	
0.00649351	0.00649351	0.220779	0.506494	0.0779221	0.00649351	0.00649351	0.00649351	0.00649351	0.00649351	0.149351	
0.012987	0.012987	0.584416	0.298701	0.012987	0.012987	0.012987	0.012987	0.012987	0.012987	0.012987	


Vector Pi :

0.00149031	0.624441	0.214605	0.0670641	0.0342772	0.0178838	0.0178838	0.00149031	0.0178838	0.00149031	0.00149031	


Vector Phi :

0.000844723	0.574632	0.196123	0.100014	0.0414774	0.0318522	0.0126918	0.0144503	0.0101307	0.0118729	0.00591101	
