
Parameters: 11 states AND 11 symbols

Matrix A :

0.0909091	0.0909091	0.0909091	0.0909091	0.0909091	0.0909091	0.0909091	0.0909091	0.0909091	0.0909091	0.0909091	
0.00017618	0.850951	0.122269	0.0137421	0.00792812	0.00211416	0.00017618	0.00211416	0.00017618	0.00017618	0.00017618	
0.00032352	0.228082	0.615982	0.128437	0.0145584	0.00388224	0.00744096	0.00032352	0.00032352	0.00032352	0.00032352	
0.000658762	0.0513834	0.283267	0.449934	0.145586	0.0513834	0.0151515	0.000658762	0.000658762	0.000658762	0.000658762	
0.0011655	0.0268065	0.0268065	0.321678	0.398601	0.180653	0.039627	0.0011655	0.0011655	0.0011655	0.0011655	
0.0015674	0.0360502	0.0188088	0.0877743	0.242947	0.346395	0.225705	0.0188088	0.0188088	0.0015674	0.0015674	
0.00171527	0.0394511	0.0205832	0.00171527	0.077187	0.209262	0.435678	0.171527	0.00171527	0.0394511	0.00171527	
0.003367	0.003367	0.040404	0.003367	0.003367	0.040404	0.3367	0.3367	0.151515	0.040404	0.040404	
0.00606061	0.00606061	0.00606061	0.00606061	0.00606061	0.0727273	0.00606061	0.206061	0.339394	0.206061	0.139394	
0.00534759	0.00534759	0.00534759	0.0641711	0.00534759	0.0641711	0.00534759	0.122995	0.181818	0.299465	0.240642	
0.00568182	0.00568182	0.00568182	0.0681818	0.00568182	0.00568182	0.00568182	0.00568182	0.0681818	0.318182	0.505682	


Matrix B :

0.0909091	0.0909091	0.0909091	0.0909091	0.0909091	0.0909091	0.0909091	0.0909091	0.0909091	0.0909091	0.0909091	
0.00016742	0.272727	0.416374	0.200904	0.0996149	0.0075339	0.00200904	0.00016742	0.00016742	0.00016742	0.00016742	
0.000308166	0.024037	0.281664	0.430817	0.217257	0.0342065	0.0104777	0.000308166	0.000308166	0.000308166	0.000308166	
0.000631313	0.000631313	0.0839646	0.403409	0.354798	0.118687	0.0214646	0.0145202	0.000631313	0.000631313	0.000631313	
0.00108225	0.012987	0.012987	0.143939	0.286797	0.405844	0.0963203	0.0367965	0.00108225	0.00108225	0.00108225	
0.00146628	0.00146628	0.0337243	0.0659824	0.324047	0.307918	0.0982405	0.0821114	0.0821114	0.00146628	0.00146628	
0.00171527	0.00171527	0.0205832	0.00171527	0.171527	0.303602	0.22813	0.133791	0.114923	0.0205832	0.00171527	
0.003367	0.003367	0.0774411	0.040404	0.0774411	0.0774411	0.3367	0.262626	0.114478	0.003367	0.003367	
0.00568182	0.00568182	0.193182	0.193182	0.00568182	0.130682	0.0681818	0.130682	0.0681818	0.130682	0.0681818	
0.00505051	0.00505051	0.0606061	0.0606061	0.282828	0.0606061	0.282828	0.0606061	0.116162	0.0606061	0.00505051	
0.00534759	0.00534759	0.0641711	0.00534759	0.122995	0.181818	0.358289	0.240642	0.00534759	0.00534759	0.00534759	


Vector Pi :

0.00149031	0.42772	0.230999	0.099851	0.099851	0.0670641	0.00149031	0.0178838	0.0178838	0.0178838	0.0178838	


Vector Phi :

0.000804877	0.436896	0.235726	0.114765	0.0643794	0.0472823	0.0423983	0.0203376	0.0116386	0.013295	0.0124764	
