
Parameters: 11 states AND 11 symbols

Matrix A :

0.0909091	0.0909091	0.0909091	0.0909091	0.0909091	0.0909091	0.0909091	0.0909091	0.0909091	0.0909091	0.0909091	
0.00025974	0.70026	0.234545	0.0574026	0.00597403	0.00025974	0.00025974	0.00025974	0.00025974	0.00025974	0.00025974	
0.00031027	0.280174	0.474713	0.191437	0.0412659	0.0105492	0.00031027	0.00031027	0.00031027	0.00031027	0.00031027	
0.000428816	0.0759005	0.274014	0.42024	0.160806	0.0617496	0.000428816	0.0051458	0.000428816	0.000428816	0.000428816	
0.000777001	0.0520591	0.0947941	0.308469	0.282828	0.205905	0.043512	0.00932401	0.000777001	0.000777001	0.000777001	
0.000927644	0.000927644	0.0213358	0.0825603	0.286642	0.347866	0.215213	0.041744	0.000927644	0.000927644	0.000927644	
0.0015949	0.0015949	0.0015949	0.0191388	0.124402	0.334928	0.212121	0.229665	0.0542265	0.0191388	0.0015949	
0.00221729	0.00221729	0.00221729	0.00221729	0.0266075	0.0997783	0.31929	0.343681	0.148559	0.0509978	0.00221729	
0.00413223	0.00413223	0.00413223	0.00413223	0.00413223	0.00413223	0.231405	0.322314	0.367769	0.0495868	0.00413223	
0.012987	0.012987	0.012987	0.012987	0.012987	0.012987	0.012987	0.012987	0.441558	0.155844	0.298701	
0.012987	0.012987	0.012987	0.012987	0.012987	0.012987	0.012987	0.012987	0.155844	0.155844	0.584416	


Matrix B :

0.0909091	0.0909091	0.0909091	0.0909091	0.0909091	0.0909091	0.0909091	0.0909091	0.0909091	0.0909091	0.0909091	
0.000247036	0.231225	0.331769	0.204051	0.12253	0.0545949	0.0301383	0.0165514	0.00296443	0.00296443	0.00296443	
0.000295159	0.120425	0.451594	0.198347	0.0847107	0.0587367	0.0360094	0.0165289	0.0230224	0.00678867	0.00354191	
0.0004095	0.004914	0.356265	0.338247	0.185094	0.049959	0.031941	0.0184275	0.013923	0.0004095	0.0004095	
0.000751315	0.000751315	0.166041	0.323065	0.273479	0.132983	0.0586026	0.0172802	0.0172802	0.00901578	0.000751315	
0.000874126	0.000874126	0.0201049	0.202797	0.423951	0.222028	0.0874126	0.0393357	0.000874126	0.000874126	0.000874126	
0.00149031	0.00149031	0.00149031	0.230999	0.263785	0.296572	0.0670641	0.0834575	0.0342772	0.0178838	0.00149031	
0.0021645	0.0021645	0.0021645	0.0974026	0.335498	0.287879	0.168831	0.0497835	0.0497835	0.0021645	0.0021645	
0.00413223	0.00413223	0.00413223	0.00413223	0.18595	0.140496	0.367769	0.0950413	0.140496	0.0495868	0.00413223	
0.010101	0.010101	0.010101	0.010101	0.010101	0.010101	0.010101	0.565657	0.232323	0.121212	0.010101	
0.012987	0.012987	0.012987	0.012987	0.012987	0.012987	0.012987	0.012987	0.727273	0.155844	0.012987	


Vector Pi :

0.00149031	0.296572	0.247392	0.181818	0.0506706	0.099851	0.0670641	0.0178838	0.00149031	0.0342772	0.00149031	


Vector Phi :

0.000832512	0.289883	0.242596	0.174928	0.0982139	0.0817469	0.0475781	0.0342019	0.0183491	0.00583689	0.0058338	
