
Parameters: 11 states AND 11 symbols

Matrix A :

0.0454545	0.0454545	0.0454545	0.0454545	0.0454545	0.0454545	0.0454545	0.0454545	0.0454545	0.0454545	0.545455	
0.000126968	0.882809	0.103479	0.00850686	0.00431691	0.000126968	0.000126968	0.000126968	0.000126968	0.000126968	0.000126968	
0.000327011	0.273708	0.619032	0.0938522	0.0111184	0.000327011	0.000327011	0.000327011	0.000327011	0.000327011	0.000327011	
0.0011655	0.0652681	0.334499	0.36014	0.167832	0.0524476	0.013986	0.0011655	0.0011655	0.0011655	0.0011655	
0.00154083	0.0354391	0.0693374	0.272727	0.374422	0.204931	0.01849	0.00154083	0.01849	0.00154083	0.00154083	
0.0030303	0.0363636	0.0030303	0.0030303	0.40303	0.336364	0.136364	0.069697	0.0030303	0.0030303	0.0030303	
0.00568182	0.00568182	0.00568182	0.0681818	0.130682	0.130682	0.443182	0.0681818	0.0681818	0.00568182	0.0681818	
0.010101	0.010101	0.010101	0.010101	0.343434	0.010101	0.121212	0.232323	0.232323	0.010101	0.010101	
0.109091	0.00909091	0.00909091	0.00909091	0.00909091	0.109091	0.109091	0.309091	0.309091	0.00909091	0.00909091	
0.0454545	0.0454545	0.0454545	0.0454545	0.0454545	0.0454545	0.0454545	0.0454545	0.545455	0.0454545	0.0454545	
0.0181818	0.0181818	0.0181818	0.0181818	0.0181818	0.0181818	0.0181818	0.0181818	0.218182	0.218182	0.418182	


Matrix B :

0.0454545	0.0454545	0.0454545	0.0454545	0.0454545	0.0454545	0.0454545	0.0454545	0.0454545	0.545455	0.0454545	
0.000119933	0.538379	0.360278	0.0845527	0.0146318	0.00143919	0.000119933	0.000119933	0.000119933	0.000119933	0.000119933	
0.000316756	0.129237	0.519481	0.195439	0.129237	0.0212227	0.00380108	0.000316756	0.000316756	0.000316756	0.000316756	
0.00112233	0.00112233	0.334456	0.334456	0.23569	0.0751964	0.013468	0.00112233	0.00112233	0.00112233	0.00112233	
0.00146628	0.00146628	0.00146628	0.211144	0.372434	0.291789	0.0821114	0.0337243	0.00146628	0.00146628	0.00146628	
0.00284091	0.00284091	0.00284091	0.0653409	0.377841	0.252841	0.190341	0.0965909	0.00284091	0.00284091	0.00284091	
0.00534759	0.00534759	0.00534759	0.00534759	0.0641711	0.475936	0.299465	0.0641711	0.0641711	0.00534759	0.00534759	
0.010101	0.010101	0.010101	0.010101	0.010101	0.010101	0.454545	0.121212	0.121212	0.232323	0.010101	
0.00909091	0.00909091	0.00909091	0.00909091	0.00909091	0.00909091	0.109091	0.409091	0.209091	0.109091	0.109091	
0.0454545	0.0454545	0.0454545	0.0454545	0.0454545	0.0454545	0.0454545	0.545455	0.0454545	0.0454545	0.0454545	
0.0181818	0.0181818	0.0181818	0.0181818	0.0181818	0.0181818	0.0181818	0.0181818	0.218182	0.218182	0.418182	


Vector Pi :

0.00149031	0.673621	0.165425	0.0506706	0.0506706	0.0342772	0.0178838	0.00149031	0.00149031	0.00149031	0.00149031	


Vector Phi :

0.00165344	0.59677	0.228902	0.0644066	0.0487638	0.0247909	0.0132225	0.00743888	0.00826607	0.00165349	0.00413328	
