
Parameters: 11 states AND 11 symbols

Matrix A :

0.0909091	0.0909091	0.0909091	0.0909091	0.0909091	0.0909091	0.0909091	0.0909091	0.0909091	0.0909091	0.0909091	
0.000335458	0.616572	0.306609	0.0667561	0.00771553	0.000335458	0.000335458	0.000335458	0.000335458	0.000335458	0.000335458	
0.00032352	0.306373	0.445163	0.196053	0.0430281	0.00744096	0.00032352	0.00032352	0.00032352	0.00032352	0.00032352	
0.000396983	0.070266	0.262406	0.410877	0.218738	0.0353315	0.000396983	0.000396983	0.000396983	0.000396983	0.000396983	
0.000534759	0.00641711	0.0534759	0.277005	0.418182	0.18877	0.0534759	0.000534759	0.000534759	0.000534759	0.000534759	
0.000757576	0.000757576	0.0257576	0.100758	0.259091	0.425758	0.125758	0.0507576	0.00909091	0.000757576	0.000757576	
0.00149031	0.00149031	0.00149031	0.00149031	0.0506706	0.312966	0.444113	0.149031	0.0342772	0.00149031	0.00149031	
0.00227273	0.00227273	0.00227273	0.0272727	0.00227273	0.177273	0.202273	0.377273	0.202273	0.00227273	0.00227273	
0.00378788	0.00378788	0.00378788	0.00378788	0.00378788	0.00378788	0.0871212	0.337121	0.462121	0.0454545	0.0454545	
0.030303	0.030303	0.030303	0.030303	0.030303	0.030303	0.030303	0.363636	0.030303	0.030303	0.363636	
0.0181818	0.0181818	0.0181818	0.0181818	0.0181818	0.0181818	0.0181818	0.0181818	0.218182	0.218182	0.418182	


Matrix B :

0.0909091	0.0909091	0.0909091	0.0909091	0.0909091	0.0909091	0.0909091	0.0909091	0.0909091	0.0909091	0.0909091	
0.000318979	0.319617	0.252951	0.210845	0.1126	0.0529506	0.0178628	0.0213716	0.00733652	0.00382775	0.000318979	
0.000314564	0.304813	0.325574	0.183706	0.09028	0.0556779	0.024536	0.0106952	0.000314564	0.000314564	0.00377477	
0.000371058	0.0697588	0.461596	0.208534	0.110575	0.0575139	0.0493506	0.0248609	0.012616	0.000371058	0.00445269	
0.000507872	0.000507872	0.296597	0.413916	0.106653	0.0843068	0.0452006	0.0284408	0.0228542	0.000507872	0.000507872	
0.000721501	0.000721501	0.175325	0.429293	0.238817	0.0880231	0.0324675	0.024531	0.00865801	0.000721501	0.000721501	
0.0013986	0.0013986	0.0167832	0.401399	0.278322	0.186014	0.0475524	0.0475524	0.0167832	0.0013986	0.0013986	
0.0021645	0.0021645	0.0021645	0.359307	0.21645	0.145022	0.121212	0.145022	0.0021645	0.0021645	0.0021645	
0.00363636	0.00363636	0.00363636	0.00363636	0.603636	0.163636	0.0836364	0.0436364	0.0436364	0.0436364	0.00363636	
0.030303	0.030303	0.030303	0.030303	0.363636	0.030303	0.030303	0.030303	0.030303	0.363636	0.030303	
0.0181818	0.0181818	0.0181818	0.0181818	0.0181818	0.418182	0.218182	0.0181818	0.218182	0.0181818	0.0181818	


Vector Pi :

0.00149031	0.230999	0.132638	0.280179	0.149031	0.099851	0.0506706	0.0342772	0.0178838	0.00149031	0.00149031	


Vector Phi :

0.00084119	0.223167	0.231424	0.188139	0.141051	0.100996	0.0528946	0.0342031	0.0205023	0.00254318	0.00423864	
