
Parameters: 11 states AND 11 symbols

Matrix A :

0.090909	0.090909	0.090909	0.090909	0.090909	0.090909	0.090909	0.090909	0.090909	0.090909	0.090909	
0.000777	0.744367	0.205905	0.026418	0.000777	0.000777	0.000777	0.009324	0.000777	0.009324	0.000777	
0.000805	0.186645	0.540628	0.186645	0.036203	0.027353	0.000805	0.000805	0.000805	0.000805	0.018504	
0.001196	0.040670	0.277512	0.422249	0.132775	0.040670	0.027512	0.001196	0.040670	0.001196	0.014354	
0.002020	0.046465	0.046465	0.246465	0.357576	0.179798	0.090909	0.024242	0.002020	0.002020	0.002020	
0.003247	0.003247	0.074675	0.038961	0.288961	0.146104	0.253247	0.074675	0.074675	0.003247	0.038961	
0.003953	0.003953	0.003953	0.134387	0.090909	0.177866	0.134387	0.221344	0.047431	0.090909	0.090909	
0.004132	0.004132	0.004132	0.004132	0.095041	0.185950	0.140496	0.185950	0.185950	0.095041	0.095041	
0.003636	0.003636	0.043636	0.083636	0.043636	0.003636	0.083636	0.243636	0.163636	0.243636	0.083636	
0.001595	0.036683	0.019139	0.019139	0.001595	0.001595	0.019139	0.036683	0.124402	0.492823	0.247209	
0.000978	0.000978	0.000978	0.011730	0.011730	0.011730	0.000978	0.000978	0.033236	0.194526	0.732160	


Matrix B :

0.090909	0.090909	0.090909	0.090909	0.090909	0.090909	0.090909	0.090909	0.090909	0.090909	0.090909	
0.000745	0.279434	0.320417	0.172876	0.115499	0.058122	0.033532	0.017139	0.000745	0.000745	0.000745	
0.000764	0.042781	0.370512	0.244461	0.135218	0.126814	0.051184	0.017571	0.009167	0.000764	0.000764	
0.001151	0.064442	0.153049	0.418872	0.127733	0.089758	0.077100	0.039125	0.001151	0.026467	0.001151	
0.001783	0.080214	0.080214	0.217469	0.158645	0.060606	0.119430	0.099822	0.060606	0.040998	0.080214	
0.003135	0.003135	0.141066	0.244514	0.210031	0.106583	0.037618	0.106583	0.141066	0.003135	0.003135	
0.003953	0.003953	0.134387	0.134387	0.177866	0.264822	0.090909	0.047431	0.003953	0.047431	0.090909	
0.003788	0.003788	0.128788	0.003788	0.128788	0.128788	0.128788	0.128788	0.128788	0.212121	0.003788	
0.003636	0.003636	0.043636	0.123636	0.123636	0.243636	0.083636	0.163636	0.083636	0.123636	0.003636	
0.001567	0.001567	0.105016	0.122257	0.173981	0.156740	0.139498	0.087774	0.087774	0.087774	0.036050	
0.000918	0.041322	0.011019	0.061524	0.132231	0.283747	0.253444	0.081726	0.041322	0.081726	0.011019	


Vector Pi :

0.002933	0.196481	0.196481	0.099707	0.196481	0.035191	0.002933	0.067449	0.002933	0.002933	0.196481	


Vector Phi :

0.001681	0.186010	0.183941	0.125391	0.074876	0.046747	0.038668	0.037326	0.042943	0.101269	0.161149	
