
Parameters: 11 states AND 11 symbols

Matrix A :

0.090909	0.090909	0.090909	0.090909	0.090909	0.090909	0.090909	0.090909	0.090909	0.090909	0.090909	
0.000362	0.868888	0.119884	0.008330	0.000362	0.000362	0.000362	0.000362	0.000362	0.000362	0.000362	
0.000481	0.169793	0.714767	0.106301	0.005772	0.000481	0.000481	0.000481	0.000481	0.000481	0.000481	
0.001377	0.016529	0.243802	0.516529	0.183196	0.031680	0.001377	0.001377	0.001377	0.001377	0.001377	
0.003135	0.003135	0.106583	0.278997	0.278997	0.210031	0.106583	0.003135	0.003135	0.003135	0.003135	
0.004132	0.004132	0.095041	0.049587	0.231405	0.413223	0.095041	0.095041	0.004132	0.004132	0.004132	
0.007576	0.007576	0.090909	0.007576	0.090909	0.257576	0.257576	0.090909	0.090909	0.090909	0.007576	
0.015152	0.015152	0.015152	0.015152	0.015152	0.015152	0.181818	0.181818	0.348485	0.015152	0.181818	
0.015152	0.015152	0.015152	0.015152	0.181818	0.015152	0.015152	0.181818	0.348485	0.181818	0.015152	
0.018182	0.018182	0.018182	0.018182	0.018182	0.218182	0.418182	0.018182	0.018182	0.018182	0.218182	
0.006993	0.006993	0.006993	0.006993	0.006993	0.006993	0.006993	0.006993	0.006993	0.160839	0.776224	


Matrix B :

0.090909	0.090909	0.090909	0.090909	0.090909	0.090909	0.090909	0.090909	0.090909	0.090909	0.090909	
0.000340	0.180116	0.322438	0.210078	0.105209	0.067756	0.049030	0.034048	0.019067	0.011576	0.000340	
0.000464	0.041280	0.224954	0.235158	0.199443	0.128015	0.097403	0.031076	0.041280	0.000464	0.000464	
0.001337	0.045455	0.207219	0.163102	0.266043	0.133690	0.089572	0.060160	0.030749	0.001337	0.001337	
0.002841	0.034091	0.284091	0.221591	0.159091	0.096591	0.096591	0.002841	0.034091	0.065341	0.002841	
0.004132	0.004132	0.049587	0.231405	0.095041	0.231405	0.004132	0.049587	0.185950	0.049587	0.095041	
0.006993	0.006993	0.083916	0.160839	0.237762	0.237762	0.160839	0.006993	0.006993	0.006993	0.083916	
0.015152	0.015152	0.181818	0.015152	0.015152	0.015152	0.348485	0.181818	0.181818	0.015152	0.015152	
0.015152	0.015152	0.015152	0.015152	0.015152	0.015152	0.015152	0.681818	0.181818	0.015152	0.015152	
0.015152	0.015152	0.015152	0.515152	0.015152	0.181818	0.015152	0.015152	0.181818	0.015152	0.015152	
0.006993	0.006993	0.006993	0.237762	0.545455	0.160839	0.006993	0.006993	0.006993	0.006993	0.006993	


Vector Pi :

0.002933	0.486804	0.260997	0.067449	0.099707	0.002933	0.035191	0.002933	0.002933	0.035191	0.002933	


Vector Phi :

0.001655	0.425232	0.310688	0.108839	0.047846	0.036320	0.019821	0.009914	0.009918	0.008268	0.021499	
