
Parameters: 11 states AND 11 symbols

Matrix A :

0.0909091	0.0909091	0.0909091	0.0909091	0.0909091	0.0909091	0.0909091	0.0909091	0.0909091	0.0909091	0.0909091	
9.28591e-05	0.923484	0.0695515	0.00520011	9.28591e-05	9.28591e-05	0.00111431	9.28591e-05	9.28591e-05	9.28591e-05	9.28591e-05	
0.000561167	0.407969	0.494388	0.0931538	0.000561167	0.000561167	0.000561167	0.000561167	0.000561167	0.000561167	0.000561167	
0.00211416	0.141649	0.281184	0.443975	0.0718816	0.02537	0.00211416	0.02537	0.00211416	0.00211416	0.00211416	
0.012987	0.012987	0.155844	0.298701	0.298701	0.012987	0.155844	0.012987	0.012987	0.012987	0.012987	
0.0227273	0.272727	0.0227273	0.272727	0.272727	0.0227273	0.0227273	0.0227273	0.0227273	0.0227273	0.0227273	
0.0227273	0.0227273	0.0227273	0.0227273	0.0227273	0.522727	0.0227273	0.0227273	0.272727	0.0227273	0.0227273	
0.030303	0.030303	0.363636	0.030303	0.030303	0.030303	0.030303	0.030303	0.363636	0.030303	0.030303	
0.030303	0.030303	0.030303	0.030303	0.030303	0.030303	0.363636	0.030303	0.030303	0.030303	0.363636	
0.0909091	0.0909091	0.0909091	0.0909091	0.0909091	0.0909091	0.0909091	0.0909091	0.0909091	0.0909091	0.0909091	
0.0454545	0.0454545	0.0454545	0.0454545	0.0454545	0.0454545	0.0454545	0.545455	0.0454545	0.0454545	0.0454545	


Matrix B :

0.0909091	0.0909091	0.0909091	0.0909091	0.0909091	0.0909091	0.0909091	0.0909091	0.0909091	0.0909091	0.0909091	
8.8347e-05	0.14003	0.283859	0.262479	0.181818	0.0778337	0.0302147	0.012722	0.00689107	0.0030038	0.00106016	
0.000541126	0.000541126	0.125541	0.262446	0.155303	0.262446	0.101732	0.0600649	0.0124459	0.00649351	0.0124459	
0.00197628	0.00197628	0.00197628	0.175889	0.262846	0.132411	0.132411	0.132411	0.0889328	0.0671937	0.00197628	
0.0113636	0.0113636	0.0113636	0.0113636	0.136364	0.386364	0.261364	0.0113636	0.0113636	0.0113636	0.136364	
0.0227273	0.0227273	0.0227273	0.272727	0.0227273	0.0227273	0.0227273	0.0227273	0.0227273	0.522727	0.0227273	
0.0227273	0.0227273	0.0227273	0.0227273	0.522727	0.0227273	0.0227273	0.0227273	0.0227273	0.272727	0.0227273	
0.030303	0.030303	0.030303	0.030303	0.030303	0.030303	0.030303	0.030303	0.363636	0.363636	0.030303	
0.030303	0.030303	0.030303	0.030303	0.363636	0.030303	0.030303	0.363636	0.030303	0.030303	0.030303	
0.0909091	0.0909091	0.0909091	0.0909091	0.0909091	0.0909091	0.0909091	0.0909091	0.0909091	0.0909091	0.0909091	
0.0454545	0.0454545	0.0454545	0.0454545	0.545455	0.0454545	0.0454545	0.0454545	0.0454545	0.0454545	0.0454545	


Vector Pi :

0.00149031	0.837556	0.0834575	0.0506706	0.0178838	0.00149031	0.00149031	0.00149031	0.00149031	0.00149031	0.00149031	


Vector Phi :

0.000831648	0.807821	0.135545	0.0358417	0.0058291	0.00332562	0.00332089	0.00249668	0.0024941	0.000831648	0.00166301	
