
Parameters: 11 states AND 11 symbols

Matrix A :

0.090909	0.090909	0.090909	0.090909	0.090909	0.090909	0.090909	0.090909	0.090909	0.090909	0.090909	
0.000172	0.924700	0.071870	0.002058	0.000172	0.000172	0.000172	0.000172	0.000172	0.000172	0.000172	
0.001229	0.501229	0.379607	0.082310	0.028256	0.001229	0.001229	0.001229	0.001229	0.001229	0.001229	
0.008264	0.190083	0.553719	0.099174	0.008264	0.008264	0.099174	0.008264	0.008264	0.008264	0.008264	
0.015152	0.015152	0.181818	0.015152	0.348485	0.015152	0.348485	0.015152	0.015152	0.015152	0.015152	
0.090909	0.090909	0.090909	0.090909	0.090909	0.090909	0.090909	0.090909	0.090909	0.090909	0.090909	
0.018182	0.018182	0.018182	0.218182	0.218182	0.018182	0.218182	0.018182	0.018182	0.018182	0.218182	
0.090909	0.090909	0.090909	0.090909	0.090909	0.090909	0.090909	0.090909	0.090909	0.090909	0.090909	
0.045455	0.045455	0.045455	0.545455	0.045455	0.045455	0.045455	0.045455	0.045455	0.045455	0.045455	
0.090909	0.090909	0.090909	0.090909	0.090909	0.090909	0.090909	0.090909	0.090909	0.090909	0.090909	
0.045455	0.045455	0.045455	0.045455	0.045455	0.045455	0.045455	0.045455	0.545455	0.045455	0.045455	


Matrix B :

0.090909	0.090909	0.090909	0.090909	0.090909	0.090909	0.090909	0.090909	0.090909	0.090909	0.090909	
0.000164	0.327470	0.441394	0.126747	0.059839	0.029097	0.012823	0.000164	0.001973	0.000164	0.000164	
0.001212	0.001212	0.121212	0.321212	0.361212	0.094545	0.067879	0.014545	0.014545	0.001212	0.001212	
0.008264	0.008264	0.008264	0.008264	0.462810	0.280992	0.099174	0.099174	0.008264	0.008264	0.008264	
0.012987	0.012987	0.012987	0.012987	0.012987	0.012987	0.012987	0.441558	0.155844	0.298701	0.012987	
0.090909	0.090909	0.090909	0.090909	0.090909	0.090909	0.090909	0.090909	0.090909	0.090909	0.090909	
0.018182	0.018182	0.018182	0.018182	0.018182	0.018182	0.218182	0.018182	0.218182	0.018182	0.418182	
0.090909	0.090909	0.090909	0.090909	0.090909	0.090909	0.090909	0.090909	0.090909	0.090909	0.090909	
0.045455	0.045455	0.045455	0.045455	0.045455	0.045455	0.045455	0.045455	0.045455	0.545455	0.045455	
0.090909	0.090909	0.090909	0.090909	0.090909	0.090909	0.090909	0.090909	0.090909	0.090909	0.090909	
0.045455	0.045455	0.045455	0.045455	0.045455	0.045455	0.045455	0.045455	0.045455	0.045455	0.545455	


Vector Pi :

0.003497	0.888112	0.041958	0.003497	0.041958	0.003497	0.003497	0.003497	0.003497	0.003497	0.003497	


Vector Phi :

0.001577	0.835962	0.116719	0.017350	0.009464	0.001577	0.007886	0.001577	0.003155	0.001577	0.003155	
