
Parameters: 11 states AND 11 symbols

Matrix A :

0.0909091	0.0909091	0.0909091	0.0909091	0.0909091	0.0909091	0.0909091	0.0909091	0.0909091	0.0909091	0.0909091	
9.65065e-05	0.957634	0.0404362	9.65065e-05	9.65065e-05	9.65065e-05	0.00115808	9.65065e-05	9.65065e-05	9.65065e-05	9.65065e-05	
0.000550964	0.224793	0.709642	0.0550964	0.000550964	0.00661157	0.000550964	0.000550964	0.000550964	0.000550964	0.000550964	
0.0025974	0.0311688	0.25974	0.631169	0.0597403	0.0025974	0.0025974	0.0025974	0.0025974	0.0025974	0.0025974	
0.00478469	0.00478469	0.0574163	0.162679	0.636364	0.110048	0.00478469	0.00478469	0.00478469	0.00478469	0.00478469	
0.00649351	0.00649351	0.00649351	0.00649351	0.220779	0.506494	0.149351	0.00649351	0.00649351	0.0779221	0.00649351	
0.0181818	0.0181818	0.0181818	0.0181818	0.0181818	0.618182	0.0181818	0.0181818	0.218182	0.0181818	0.0181818	
0.0181818	0.0181818	0.0181818	0.0181818	0.0181818	0.0181818	0.218182	0.618182	0.0181818	0.0181818	0.0181818	
0.030303	0.030303	0.030303	0.030303	0.030303	0.030303	0.030303	0.363636	0.363636	0.030303	0.030303	
0.0227273	0.0227273	0.0227273	0.0227273	0.0227273	0.0227273	0.0227273	0.0227273	0.0227273	0.272727	0.522727	
0.012987	0.155844	0.012987	0.012987	0.012987	0.012987	0.012987	0.012987	0.012987	0.155844	0.584416	


Matrix B :

0.0909091	0.0909091	0.0909091	0.0909091	0.0909091	0.0909091	0.0909091	0.0909091	0.0909091	0.0909091	0.0909091	
9.21999e-05	0.237415	0.400701	0.205975	0.0923843	0.034575	0.0224046	0.00516319	0.0011064	9.21999e-05	9.21999e-05	
0.000513611	0.011813	0.119158	0.356446	0.322548	0.119158	0.0570108	0.011813	0.000513611	0.000513611	0.000513611	
0.002457	0.002457	0.0565111	0.164619	0.380835	0.137592	0.164619	0.0565111	0.029484	0.002457	0.002457	
0.00454545	0.00454545	0.00454545	0.104545	0.0545455	0.0545455	0.0545455	0.204545	0.404545	0.104545	0.00454545	
0.00649351	0.00649351	0.00649351	0.00649351	0.00649351	0.149351	0.149351	0.0779221	0.149351	0.149351	0.292208	
0.0181818	0.0181818	0.0181818	0.0181818	0.218182	0.0181818	0.218182	0.218182	0.0181818	0.0181818	0.218182	
0.0151515	0.0151515	0.0151515	0.0151515	0.0151515	0.0151515	0.0151515	0.181818	0.181818	0.515152	0.0151515	
0.030303	0.030303	0.030303	0.030303	0.030303	0.030303	0.030303	0.363636	0.030303	0.363636	0.030303	
0.0227273	0.0227273	0.0227273	0.0227273	0.0227273	0.0227273	0.0227273	0.272727	0.272727	0.272727	0.0227273	
0.012987	0.012987	0.012987	0.012987	0.012987	0.012987	0.155844	0.012987	0.155844	0.012987	0.584416	


Vector Pi :

0.00149031	0.722802	0.181818	0.0342772	0.0342772	0.00149031	0.00149031	0.0178838	0.00149031	0.00149031	0.00149031	


Vector Phi :

0.000777925	0.790332	0.139201	0.0278912	0.0125946	0.0105846	0.00390796	0.00389448	0.00233933	0.00307441	0.00540234	
