
Parameters: 11 states AND 11 symbols

Matrix A :

0.0909091	0.0909091	0.0909091	0.0909091	0.0909091	0.0909091	0.0909091	0.0909091	0.0909091	0.0909091	0.0909091	
0.00027137	0.848033	0.137585	0.00922659	0.00325645	0.00027137	0.00027137	0.00027137	0.00027137	0.00027137	0.00027137	
0.000296121	0.156648	0.716908	0.111045	0.0133254	0.000296121	0.000296121	0.000296121	0.000296121	0.000296121	0.000296121	
0.000372578	0.0126677	0.15611	0.725782	0.102832	0.000372578	0.000372578	0.000372578	0.000372578	0.000372578	0.000372578	
0.000683527	0.000683527	0.0157211	0.21121	0.602187	0.143541	0.0157211	0.00820232	0.000683527	0.000683527	0.000683527	
0.0013369	0.0013369	0.0013369	0.0160428	0.295455	0.516043	0.163102	0.0013369	0.0013369	0.0013369	0.0013369	
0.00178253	0.00178253	0.00178253	0.00178253	0.0213904	0.256684	0.550802	0.158645	0.00178253	0.00178253	0.00178253	
0.00363636	0.00363636	0.00363636	0.00363636	0.00363636	0.00363636	0.283636	0.483636	0.163636	0.0436364	0.00363636	
0.00757576	0.00757576	0.00757576	0.00757576	0.00757576	0.00757576	0.174242	0.257576	0.257576	0.257576	0.00757576	
0.00649351	0.00649351	0.00649351	0.00649351	0.00649351	0.00649351	0.00649351	0.00649351	0.292208	0.435065	0.220779	
0.00909091	0.00909091	0.00909091	0.00909091	0.00909091	0.00909091	0.00909091	0.00909091	0.00909091	0.309091	0.609091	


Matrix B :

0.0909091	0.0909091	0.0909091	0.0909091	0.0909091	0.0909091	0.0909091	0.0909091	0.0909091	0.0909091	0.0909091	
0.000256805	0.418336	0.277093	0.110426	0.076528	0.0426297	0.03698	0.0341551	0.00308166	0.000256805	0.000256805	
0.000283206	0.137355	0.542339	0.162277	0.0625885	0.0438969	0.0220901	0.0189748	0.009629	0.000283206	0.000283206	
0.000352361	0.000352361	0.368569	0.395701	0.0894996	0.0546159	0.0236082	0.0313601	0.0236082	0.0119803	0.000352361	
0.000649351	0.000649351	0.0649351	0.479221	0.307792	0.0720779	0.0292208	0.0220779	0.0149351	0.00779221	0.000649351	
0.00128041	0.00128041	0.0294494	0.254802	0.339309	0.226633	0.0294494	0.0857875	0.0294494	0.00128041	0.00128041	
0.00174825	0.00174825	0.00174825	0.0786713	0.501748	0.251748	0.0594406	0.0786713	0.00174825	0.020979	0.00174825	
0.003367	0.003367	0.003367	0.003367	0.225589	0.410774	0.299663	0.040404	0.003367	0.003367	0.003367	
0.00757576	0.00757576	0.00757576	0.00757576	0.00757576	0.424242	0.257576	0.174242	0.00757576	0.00757576	0.0909091	
0.00649351	0.00649351	0.00649351	0.00649351	0.00649351	0.220779	0.220779	0.292208	0.149351	0.00649351	0.0779221	
0.00909091	0.00909091	0.00909091	0.00909091	0.00909091	0.00909091	0.109091	0.309091	0.309091	0.109091	0.109091	


Vector Pi :

0.00149031	0.296572	0.230999	0.230999	0.132638	0.0506706	0.0178838	0.0342772	0.00149031	0.00149031	0.00149031	


Vector Phi :

0.000821584	0.286525	0.258059	0.201434	0.107049	0.0549509	0.0413671	0.0203293	0.0098025	0.0114614	0.00820081	
