
Parameters: 11 states AND 11 symbols

Matrix A :

0.0909091	0.0909091	0.0909091	0.0909091	0.0909091	0.0909091	0.0909091	0.0909091	0.0909091	0.0909091	0.0909091	
0.000120091	0.916897	0.0807013	0.000120091	0.0014411	0.000120091	0.000120091	0.000120091	0.000120091	0.000120091	0.000120091	
0.000308166	0.200308	0.712173	0.0816641	0.003698	0.000308166	0.000308166	0.000308166	0.000308166	0.000308166	0.000308166	
0.00103306	0.0237603	0.262397	0.591942	0.103306	0.0123967	0.00103306	0.00103306	0.00103306	0.00103306	0.00103306	
0.0025974	0.0025974	0.0025974	0.316883	0.574026	0.0597403	0.0025974	0.0311688	0.0025974	0.0025974	0.0025974	
0.010101	0.010101	0.010101	0.121212	0.343434	0.343434	0.121212	0.010101	0.010101	0.010101	0.010101	
0.0227273	0.0227273	0.0227273	0.0227273	0.0227273	0.522727	0.0227273	0.272727	0.0227273	0.0227273	0.0227273	
0.030303	0.030303	0.030303	0.030303	0.030303	0.030303	0.363636	0.030303	0.030303	0.363636	0.030303	
0.0454545	0.0454545	0.0454545	0.0454545	0.0454545	0.0454545	0.545455	0.0454545	0.0454545	0.0454545	0.0454545	
0.030303	0.030303	0.030303	0.030303	0.030303	0.030303	0.030303	0.030303	0.363636	0.030303	0.363636	
0.030303	0.030303	0.030303	0.030303	0.030303	0.030303	0.030303	0.030303	0.030303	0.363636	0.363636	


Matrix B :

0.0909091	0.0909091	0.0909091	0.0909091	0.0909091	0.0909091	0.0909091	0.0909091	0.0909091	0.0909091	0.0909091	
0.000114639	0.301502	0.336811	0.18927	0.10478	0.0329015	0.0215522	0.00389774	0.00768084	0.00137567	0.000114639	
0.000294204	0.000294204	0.230068	0.388644	0.204178	0.116799	0.0261842	0.0100029	0.0132392	0.0067667	0.00353045	
0.00094697	0.00094697	0.0217803	0.105114	0.30303	0.355114	0.0842803	0.105114	0.0113636	0.00094697	0.0113636	
0.00252525	0.00252525	0.00252525	0.0580808	0.113636	0.224747	0.335859	0.169192	0.0858586	0.00252525	0.00252525	
0.010101	0.010101	0.010101	0.010101	0.010101	0.010101	0.232323	0.343434	0.232323	0.010101	0.121212	
0.0227273	0.0227273	0.0227273	0.0227273	0.0227273	0.0227273	0.0227273	0.522727	0.0227273	0.0227273	0.272727	
0.0227273	0.0227273	0.0227273	0.0227273	0.0227273	0.522727	0.0227273	0.272727	0.0227273	0.0227273	0.0227273	
0.0454545	0.0454545	0.0454545	0.0454545	0.0454545	0.0454545	0.0454545	0.0454545	0.0454545	0.0454545	0.545455	
0.030303	0.030303	0.030303	0.030303	0.030303	0.030303	0.363636	0.030303	0.030303	0.030303	0.363636	
0.030303	0.030303	0.030303	0.030303	0.030303	0.030303	0.030303	0.030303	0.363636	0.363636	0.030303	


Vector Pi :

0.00149031	0.608048	0.230999	0.116244	0.0178838	0.00149031	0.00149031	0.0178838	0.00149031	0.00149031	0.00149031	


Vector Phi :

0.000852267	0.624918	0.247088	0.0764681	0.0301292	0.00772948	0.00342018	0.00256815	0.00170605	0.00256134	0.00255908	
