
Parameters: 11 states AND 11 symbols

Matrix A :

0.090909	0.090909	0.090909	0.090909	0.090909	0.090909	0.090909	0.090909	0.090909	0.090909	0.090909	
0.000177	0.912628	0.056597	0.009904	0.009904	0.002122	0.004068	0.000177	0.000177	0.000177	0.004068	
0.001934	0.555126	0.235977	0.087041	0.001934	0.044487	0.001934	0.044487	0.001934	0.023211	0.001934	
0.005682	0.380682	0.193182	0.193182	0.130682	0.005682	0.068182	0.005682	0.005682	0.005682	0.005682	
0.007576	0.507576	0.007576	0.090909	0.257576	0.090909	0.007576	0.007576	0.007576	0.007576	0.007576	
0.018182	0.418182	0.018182	0.018182	0.218182	0.018182	0.218182	0.018182	0.018182	0.018182	0.018182	
0.018182	0.218182	0.218182	0.418182	0.018182	0.018182	0.018182	0.018182	0.018182	0.018182	0.018182	
0.030303	0.363636	0.363636	0.030303	0.030303	0.030303	0.030303	0.030303	0.030303	0.030303	0.030303	
0.090909	0.090909	0.090909	0.090909	0.090909	0.090909	0.090909	0.090909	0.090909	0.090909	0.090909	
0.045455	0.045455	0.545455	0.045455	0.045455	0.045455	0.045455	0.045455	0.045455	0.045455	0.045455	
0.030303	0.696970	0.030303	0.030303	0.030303	0.030303	0.030303	0.030303	0.030303	0.030303	0.030303	


Matrix B :

0.090909	0.090909	0.090909	0.090909	0.090909	0.090909	0.090909	0.090909	0.090909	0.090909	0.090909	
0.000169	0.241805	0.275262	0.217641	0.124704	0.087530	0.035485	0.009463	0.005745	0.002028	0.000169	
0.001818	0.081818	0.281818	0.241818	0.161818	0.101818	0.061818	0.041818	0.021818	0.001818	0.001818	
0.005682	0.005682	0.193182	0.193182	0.130682	0.193182	0.193182	0.068182	0.005682	0.005682	0.005682	
0.006061	0.006061	0.072727	0.206061	0.072727	0.272727	0.206061	0.072727	0.072727	0.006061	0.006061	
0.018182	0.018182	0.218182	0.418182	0.018182	0.018182	0.018182	0.018182	0.018182	0.218182	0.018182	
0.018182	0.018182	0.218182	0.418182	0.218182	0.018182	0.018182	0.018182	0.018182	0.018182	0.018182	
0.030303	0.030303	0.030303	0.030303	0.030303	0.363636	0.030303	0.363636	0.030303	0.030303	0.030303	
0.090909	0.090909	0.090909	0.090909	0.090909	0.090909	0.090909	0.090909	0.090909	0.090909	0.090909	
0.045455	0.045455	0.545455	0.045455	0.045455	0.045455	0.045455	0.045455	0.045455	0.045455	0.045455	
0.030303	0.030303	0.030303	0.363636	0.030303	0.030303	0.030303	0.030303	0.030303	0.030303	0.363636	


Vector Pi :

0.002933	0.777126	0.099707	0.002933	0.099707	0.002933	0.002933	0.002933	0.002933	0.002933	0.002933	


Vector Phi :

0.001642	0.844007	0.077176	0.026273	0.019704	0.008210	0.008210	0.004926	0.001642	0.003284	0.004926	
