
Parameters: 11 states AND 11 symbols

Matrix A :

0.090909	0.090909	0.090909	0.090909	0.090909	0.090909	0.090909	0.090909	0.090909	0.090909	0.090909	
0.000166	0.956291	0.020276	0.007479	0.005651	0.001994	0.001994	0.003823	0.000166	0.000166	0.001994	
0.003953	0.612648	0.134387	0.047431	0.047431	0.047431	0.003953	0.047431	0.003953	0.047431	0.003953	
0.008264	0.099174	0.280992	0.099174	0.099174	0.099174	0.190083	0.008264	0.099174	0.008264	0.008264	
0.015152	0.015152	0.181818	0.348485	0.015152	0.181818	0.015152	0.015152	0.181818	0.015152	0.015152	
0.015152	0.515152	0.181818	0.181818	0.015152	0.015152	0.015152	0.015152	0.015152	0.015152	0.015152	
0.022727	0.522727	0.022727	0.022727	0.022727	0.272727	0.022727	0.022727	0.022727	0.022727	0.022727	
0.022727	0.022727	0.522727	0.272727	0.022727	0.022727	0.022727	0.022727	0.022727	0.022727	0.022727	
0.030303	0.363636	0.363636	0.030303	0.030303	0.030303	0.030303	0.030303	0.030303	0.030303	0.030303	
0.045455	0.545455	0.045455	0.045455	0.045455	0.045455	0.045455	0.045455	0.045455	0.045455	0.045455	
0.045455	0.545455	0.045455	0.045455	0.045455	0.045455	0.045455	0.045455	0.045455	0.045455	0.045455	


Matrix B :

0.090909	0.090909	0.090909	0.090909	0.090909	0.090909	0.090909	0.090909	0.090909	0.090909	0.090909	
0.000159	0.261939	0.310804	0.172934	0.122323	0.056005	0.031572	0.010630	0.021101	0.005394	0.007139	
0.003788	0.170455	0.337121	0.212121	0.045455	0.128788	0.045455	0.003788	0.003788	0.045455	0.003788	
0.008264	0.280992	0.099174	0.190083	0.099174	0.190083	0.008264	0.099174	0.008264	0.008264	0.008264	
0.012987	0.012987	0.155844	0.012987	0.298701	0.012987	0.012987	0.441558	0.012987	0.012987	0.012987	
0.012987	0.012987	0.584416	0.012987	0.298701	0.012987	0.012987	0.012987	0.012987	0.012987	0.012987	
0.022727	0.022727	0.272727	0.022727	0.522727	0.022727	0.022727	0.022727	0.022727	0.022727	0.022727	
0.018182	0.018182	0.218182	0.018182	0.218182	0.018182	0.018182	0.018182	0.418182	0.018182	0.018182	
0.030303	0.030303	0.030303	0.030303	0.030303	0.030303	0.696970	0.030303	0.030303	0.030303	0.030303	
0.045455	0.045455	0.545455	0.045455	0.045455	0.045455	0.045455	0.045455	0.045455	0.045455	0.045455	
0.045455	0.045455	0.045455	0.545455	0.045455	0.045455	0.045455	0.045455	0.045455	0.045455	0.045455	


Vector Pi :

0.002933	0.841642	0.035191	0.002933	0.035191	0.035191	0.002933	0.035191	0.002933	0.002933	0.002933	


Vector Phi :

0.001642	0.898194	0.037767	0.018062	0.009852	0.009852	0.006568	0.006568	0.004926	0.003284	0.003284	
