
Parameters: 11 states AND 11 symbols

Matrix A :

0.090909	0.090909	0.090909	0.090909	0.090909	0.090909	0.090909	0.090909	0.090909	0.090909	0.090909	
0.000165	0.963802	0.018347	0.003802	0.005620	0.001983	0.001983	0.000165	0.000165	0.001983	0.001983	
0.004132	0.504132	0.185950	0.231405	0.004132	0.004132	0.004132	0.004132	0.004132	0.004132	0.049587	
0.006494	0.292208	0.220779	0.220779	0.149351	0.077922	0.006494	0.006494	0.006494	0.006494	0.006494	
0.012987	0.155844	0.298701	0.298701	0.012987	0.012987	0.155844	0.012987	0.012987	0.012987	0.012987	
0.030303	0.030303	0.363636	0.030303	0.030303	0.030303	0.030303	0.363636	0.030303	0.030303	0.030303	
0.030303	0.363636	0.030303	0.030303	0.363636	0.030303	0.030303	0.030303	0.030303	0.030303	0.030303	
0.030303	0.363636	0.363636	0.030303	0.030303	0.030303	0.030303	0.030303	0.030303	0.030303	0.030303	
0.090909	0.090909	0.090909	0.090909	0.090909	0.090909	0.090909	0.090909	0.090909	0.090909	0.090909	
0.045455	0.045455	0.045455	0.545455	0.045455	0.045455	0.045455	0.045455	0.045455	0.045455	0.045455	
0.030303	0.696970	0.030303	0.030303	0.030303	0.030303	0.030303	0.030303	0.030303	0.030303	0.030303	


Matrix B :

0.090909	0.090909	0.090909	0.090909	0.090909	0.090909	0.090909	0.090909	0.090909	0.090909	0.090909	
0.000158	0.241059	0.298251	0.223728	0.093745	0.079880	0.027887	0.017489	0.008823	0.003624	0.005357	
0.003953	0.003953	0.221344	0.395257	0.177866	0.047431	0.047431	0.090909	0.003953	0.003953	0.003953	
0.006494	0.006494	0.077922	0.363636	0.435065	0.077922	0.006494	0.006494	0.006494	0.006494	0.006494	
0.010101	0.010101	0.121212	0.454545	0.010101	0.232323	0.121212	0.010101	0.010101	0.010101	0.010101	
0.030303	0.030303	0.363636	0.030303	0.030303	0.030303	0.030303	0.363636	0.030303	0.030303	0.030303	
0.030303	0.030303	0.030303	0.030303	0.696970	0.030303	0.030303	0.030303	0.030303	0.030303	0.030303	
0.030303	0.030303	0.030303	0.030303	0.030303	0.363636	0.363636	0.030303	0.030303	0.030303	0.030303	
0.090909	0.090909	0.090909	0.090909	0.090909	0.090909	0.090909	0.090909	0.090909	0.090909	0.090909	
0.045455	0.045455	0.045455	0.545455	0.045455	0.045455	0.045455	0.045455	0.045455	0.045455	0.045455	
0.030303	0.030303	0.030303	0.030303	0.696970	0.030303	0.030303	0.030303	0.030303	0.030303	0.030303	


Vector Pi :

0.002933	0.841642	0.035191	0.002933	0.067449	0.002933	0.002933	0.035191	0.002933	0.002933	0.002933	


Vector Phi :

0.001546	0.907257	0.035123	0.022472	0.011309	0.004801	0.004811	0.003146	0.001546	0.003196	0.004792	
