
Parameters: 11 states AND 11 symbols

Matrix A :

0.0909091	0.0909091	0.0909091	0.0909091	0.0909091	0.0909091	0.0909091	0.0909091	0.0909091	0.0909091	0.0909091	
9.45001e-05	0.882631	0.0874126	0.0125685	0.003213	0.0042525	0.0021735	0.001134	9.45001e-05	0.001134	0.00529201	
0.000568182	0.513068	0.319318	0.106818	0.0318182	0.00681818	0.0130682	0.000568182	0.000568182	0.00681818	0.000568182	
0.0021645	0.335498	0.359307	0.168831	0.121212	0.0021645	0.0021645	0.0021645	0.0021645	0.0021645	0.0021645	
0.00568182	0.443182	0.255682	0.130682	0.00568182	0.0681818	0.0681818	0.00568182	0.00568182	0.00568182	0.00568182	
0.010101	0.343434	0.010101	0.232323	0.121212	0.121212	0.010101	0.121212	0.010101	0.010101	0.010101	
0.0151515	0.181818	0.515152	0.0151515	0.0151515	0.181818	0.0151515	0.0151515	0.0151515	0.0151515	0.0151515	
0.030303	0.030303	0.030303	0.363636	0.363636	0.030303	0.030303	0.030303	0.030303	0.030303	0.030303	
0.0909091	0.0909091	0.0909091	0.0909091	0.0909091	0.0909091	0.0909091	0.0909091	0.0909091	0.0909091	0.0909091	
0.030303	0.363636	0.363636	0.030303	0.030303	0.030303	0.030303	0.030303	0.030303	0.030303	0.030303	
0.0151515	0.681818	0.181818	0.0151515	0.0151515	0.0151515	0.0151515	0.0151515	0.0151515	0.0151515	0.0151515	


Matrix B :

0.0909091	0.0909091	0.0909091	0.0909091	0.0909091	0.0909091	0.0909091	0.0909091	0.0909091	0.0909091	0.0909091	
8.992e-05	0.289902	0.399694	0.191979	0.0851542	0.0238288	0.00503552	0.00206816	0.00107904	8.992e-05	0.00107904	
0.000547645	0.0306681	0.265608	0.319825	0.235487	0.0788609	0.0427163	0.0186199	0.00657174	0.000547645	0.000547645	
0.00206612	0.00206612	0.320248	0.320248	0.183884	0.115702	0.0247934	0.0247934	0.00206612	0.00206612	0.00206612	
0.00505051	0.00505051	0.171717	0.393939	0.227273	0.0606061	0.0606061	0.0606061	0.00505051	0.00505051	0.00505051	
0.010101	0.121212	0.121212	0.343434	0.232323	0.010101	0.121212	0.010101	0.010101	0.010101	0.010101	
0.0151515	0.0151515	0.181818	0.515152	0.0151515	0.181818	0.0151515	0.0151515	0.0151515	0.0151515	0.0151515	
0.030303	0.363636	0.030303	0.030303	0.030303	0.363636	0.030303	0.030303	0.030303	0.030303	0.030303	
0.0909091	0.0909091	0.0909091	0.0909091	0.0909091	0.0909091	0.0909091	0.0909091	0.0909091	0.0909091	0.0909091	
0.030303	0.030303	0.030303	0.363636	0.030303	0.030303	0.363636	0.030303	0.030303	0.030303	0.030303	
0.012987	0.298701	0.155844	0.155844	0.012987	0.012987	0.155844	0.155844	0.012987	0.012987	0.012987	


Vector Pi :

0.00149031	0.804769	0.099851	0.0342772	0.0342772	0.00149031	0.00149031	0.00149031	0.00149031	0.00149031	0.0178838	


Vector Phi :

0.00082713	0.795699	0.132341	0.0347395	0.0132341	0.00744417	0.00496278	0.00248139	0.00082713	0.00248139	0.00496278	
