
Parameters: 11 states AND 11 symbols

Matrix A :

0.0454545	0.0454545	0.0454545	0.0454545	0.0454545	0.0454545	0.0454545	0.0454545	0.545455	0.0454545	0.0454545	
0.000142714	0.869844	0.122592	0.00485229	0.000142714	0.000142714	0.000142714	0.00171257	0.000142714	0.000142714	0.000142714	
0.000289519	0.251882	0.611754	0.114939	0.0193978	0.000289519	0.000289519	0.000289519	0.000289519	0.000289519	0.000289519	
0.000668449	0.0153743	0.287433	0.552139	0.118316	0.0227273	0.000668449	0.000668449	0.000668449	0.000668449	0.000668449	
0.00126263	0.00126263	0.0429293	0.265152	0.598485	0.084596	0.00126263	0.00126263	0.00126263	0.00126263	0.00126263	
0.00413223	0.0495868	0.0495868	0.0495868	0.27686	0.322314	0.0950413	0.0950413	0.00413223	0.00413223	0.0495868	
0.0151515	0.0151515	0.0151515	0.181818	0.0151515	0.681818	0.0151515	0.0151515	0.0151515	0.0151515	0.0151515	
0.0151515	0.0151515	0.0151515	0.0151515	0.0151515	0.0151515	0.181818	0.181818	0.348485	0.181818	0.0151515	
0.0151515	0.0151515	0.0151515	0.0151515	0.0151515	0.181818	0.348485	0.181818	0.181818	0.0151515	0.0151515	
0.0454545	0.0454545	0.0454545	0.0454545	0.0454545	0.0454545	0.0454545	0.0454545	0.545455	0.0454545	0.0454545	
0.545455	0.0454545	0.0454545	0.0454545	0.0454545	0.0454545	0.0454545	0.0454545	0.0454545	0.0454545	0.0454545	


Matrix B :

0.0454545	0.0454545	0.0454545	0.0454545	0.0454545	0.0454545	0.0454545	0.0454545	0.0454545	0.545455	0.0454545	
0.000135483	0.493429	0.323533	0.110419	0.0552771	0.0150386	0.0016258	0.000135483	0.000135483	0.000135483	0.000135483	
0.00027972	0.0341259	0.56028	0.267972	0.071049	0.0433566	0.0187413	0.00335664	0.00027972	0.00027972	0.00027972	
0.000626959	0.000626959	0.152351	0.455799	0.179937	0.0902821	0.0420063	0.0489028	0.0282132	0.000626959	0.000626959	
0.00121212	0.00121212	0.00121212	0.187879	0.521212	0.147879	0.0412121	0.0278788	0.0412121	0.00121212	0.0278788	
0.00413223	0.00413223	0.00413223	0.00413223	0.140496	0.68595	0.140496	0.00413223	0.00413223	0.00413223	0.00413223	
0.012987	0.012987	0.012987	0.012987	0.012987	0.441558	0.155844	0.298701	0.012987	0.012987	0.012987	
0.0113636	0.0113636	0.0113636	0.0113636	0.0113636	0.136364	0.386364	0.386364	0.0113636	0.0113636	0.0113636	
0.0151515	0.0151515	0.0151515	0.0151515	0.0151515	0.0151515	0.181818	0.181818	0.181818	0.348485	0.0151515	
0.0454545	0.0454545	0.0454545	0.0454545	0.0454545	0.0454545	0.0454545	0.0454545	0.545455	0.0454545	0.0454545	
0.0454545	0.0454545	0.0454545	0.0454545	0.0454545	0.0454545	0.0454545	0.0454545	0.545455	0.0454545	0.0454545	


Vector Pi :

0.00149031	0.558867	0.181818	0.149031	0.0506706	0.00149031	0.0178838	0.0342772	0.00149031	0.00149031	0.00149031	


Vector Phi :

0.00165975	0.528631	0.260581	0.112863	0.0597511	0.0182573	0.00497926	0.00497926	0.00497926	0.00165975	0.00165975	
