
Parameters: 11 states AND 11 symbols

Matrix A :

0.0909091	0.0909091	0.0909091	0.0909091	0.0909091	0.0909091	0.0909091	0.0909091	0.0909091	0.0909091	0.0909091	
0.000226706	0.788257	0.179778	0.0176831	0.0102018	0.00272047	0.000226706	0.000226706	0.000226706	0.000226706	0.000226706	
0.000355114	0.29723	0.473011	0.207386	0.0198864	0.000355114	0.000355114	0.000355114	0.000355114	0.000355114	0.000355114	
0.000452284	0.0402533	0.269109	0.478064	0.179557	0.030303	0.000452284	0.000452284	0.000452284	0.000452284	0.000452284	
0.00071582	0.00071582	0.0637079	0.292054	0.425913	0.173944	0.0322119	0.00858984	0.00071582	0.00071582	0.00071582	
0.0013369	0.0013369	0.0013369	0.0895722	0.339572	0.280749	0.192513	0.0748663	0.0160428	0.0013369	0.0013369	
0.00165289	0.00165289	0.00165289	0.00165289	0.0743802	0.292562	0.401653	0.219835	0.00165289	0.00165289	0.00165289	
0.00211416	0.00211416	0.00211416	0.00211416	0.00211416	0.0718816	0.327696	0.350951	0.211416	0.02537	0.00211416	
0.0030303	0.0030303	0.0030303	0.0030303	0.0030303	0.0030303	0.0363636	0.30303	0.50303	0.10303	0.0363636	
0.0113636	0.0113636	0.0113636	0.0113636	0.0113636	0.0113636	0.0113636	0.0113636	0.386364	0.136364	0.386364	
0.00909091	0.00909091	0.00909091	0.00909091	0.00909091	0.00909091	0.00909091	0.00909091	0.209091	0.209091	0.509091	


Matrix B :

0.0909091	0.0909091	0.0909091	0.0909091	0.0909091	0.0909091	0.0909091	0.0909091	0.0909091	0.0909091	0.0909091	
0.00021645	0.416883	0.340693	0.162121	0.0406926	0.0264069	0.0025974	0.00735931	0.0025974	0.00021645	0.00021645	
0.000341763	0.316131	0.398838	0.184552	0.0717703	0.0153794	0.00410116	0.00410116	0.00410116	0.000341763	0.000341763	
0.0004329	0.0290043	0.529004	0.238528	0.114719	0.0385281	0.0194805	0.0147186	0.0147186	0.0004329	0.0004329	
0.000673401	0.000673401	0.29697	0.408081	0.178451	0.0673401	0.0377104	0.00808081	0.000673401	0.000673401	0.000673401	
0.00121212	0.00121212	0.0678788	0.441212	0.334545	0.0545455	0.0545455	0.0278788	0.0145455	0.00121212	0.00121212	
0.0015949	0.0015949	0.0015949	0.264753	0.38756	0.15949	0.124402	0.0542265	0.0015949	0.0015949	0.0015949	
0.0020202	0.0020202	0.0020202	0.179798	0.268687	0.268687	0.135354	0.113131	0.0242424	0.0020202	0.0020202	
0.00275482	0.00275482	0.00275482	0.0330579	0.214876	0.214876	0.366391	0.0936639	0.0330579	0.00275482	0.0330579	
0.0113636	0.0113636	0.0113636	0.0113636	0.0113636	0.136364	0.636364	0.0113636	0.136364	0.0113636	0.0113636	
0.00909091	0.00909091	0.00909091	0.00909091	0.00909091	0.00909091	0.309091	0.309091	0.00909091	0.109091	0.209091	


Vector Pi :

0.00149031	0.312966	0.165425	0.165425	0.132638	0.116244	0.0342772	0.0342772	0.0342772	0.00149031	0.00149031	


Vector Phi :

0.000870096	0.329656	0.210384	0.164655	0.105574	0.0575225	0.0477119	0.0383217	0.0287051	0.00739732	0.00920268	
