
Parameters: 11 states AND 11 symbols

Matrix A :

0.0909091	0.0909091	0.0909091	0.0909091	0.0909091	0.0909091	0.0909091	0.0909091	0.0909091	0.0909091	0.0909091	
0.000164393	0.859116	0.13398	0.00558935	0.000164393	0.000164393	0.000164393	0.000164393	0.000164393	0.000164393	0.000164393	
0.000272183	0.224823	0.646979	0.123027	0.00326619	0.000272183	0.000272183	0.000272183	0.000272183	0.000272183	0.000272183	
0.000519481	0.0119481	0.246234	0.646234	0.0748052	0.0176623	0.000519481	0.000519481	0.000519481	0.000519481	0.000519481	
0.00151515	0.00151515	0.0181818	0.268182	0.551515	0.151515	0.00151515	0.00151515	0.00151515	0.00151515	0.00151515	
0.00395257	0.00395257	0.00395257	0.0474308	0.351779	0.264822	0.264822	0.00395257	0.0474308	0.00395257	0.00395257	
0.00413223	0.00413223	0.00413223	0.00413223	0.18595	0.0950413	0.549587	0.0950413	0.0495868	0.00413223	0.00413223	
0.00909091	0.00909091	0.00909091	0.00909091	0.00909091	0.109091	0.209091	0.409091	0.209091	0.00909091	0.00909091	
0.012987	0.012987	0.012987	0.012987	0.012987	0.012987	0.155844	0.298701	0.155844	0.155844	0.155844	
0.012987	0.012987	0.012987	0.012987	0.012987	0.012987	0.012987	0.155844	0.155844	0.441558	0.155844	
0.0113636	0.0113636	0.0113636	0.0113636	0.0113636	0.0113636	0.0113636	0.0113636	0.0113636	0.261364	0.636364	


Matrix B :

0.0909091	0.0909091	0.0909091	0.0909091	0.0909091	0.0909091	0.0909091	0.0909091	0.0909091	0.0909091	0.0909091	
0.000156201	0.348953	0.280225	0.182287	0.135895	0.0379569	0.00359263	0.00531084	0.00187441	0.00187441	0.00187441	
0.00025974	0.0545455	0.448831	0.22026	0.12026	0.105974	0.0431169	0.00311688	0.00025974	0.00025974	0.00311688	
0.000494071	0.000494071	0.190711	0.505929	0.147233	0.0874506	0.0385375	0.0113636	0.00592885	0.00592885	0.00592885	
0.001443	0.001443	0.001443	0.620491	0.271284	0.0649351	0.033189	0.001443	0.001443	0.001443	0.001443	
0.00378788	0.00378788	0.00378788	0.0454545	0.712121	0.212121	0.00378788	0.00378788	0.00378788	0.00378788	0.00378788	
0.00395257	0.00395257	0.00395257	0.00395257	0.134387	0.699605	0.0474308	0.0909091	0.00395257	0.00395257	0.00395257	
0.00909091	0.00909091	0.00909091	0.00909091	0.00909091	0.209091	0.109091	0.309091	0.309091	0.00909091	0.00909091	
0.012987	0.012987	0.012987	0.012987	0.012987	0.012987	0.298701	0.155844	0.298701	0.155844	0.012987	
0.012987	0.012987	0.012987	0.012987	0.012987	0.012987	0.012987	0.298701	0.298701	0.155844	0.155844	
0.010101	0.010101	0.010101	0.010101	0.010101	0.010101	0.010101	0.010101	0.010101	0.676768	0.232323	


Vector Pi :

0.00149031	0.4769	0.247392	0.149031	0.0506706	0.0342772	0.0178838	0.00149031	0.00149031	0.00149031	0.0178838	


Vector Phi :

0.00079258	0.465999	0.281823	0.144979	0.0476228	0.0172021	0.0167168	0.00773007	0.00540043	0.00547576	0.00625813	
