
Parameters: 11 states AND 11 symbols

Matrix A :

0.0454545	0.0454545	0.0454545	0.0454545	0.0454545	0.0454545	0.0454545	0.0454545	0.0454545	0.0454545	0.545455	
0.000149768	0.827168	0.127003	0.0265089	0.00673955	0.00179721	0.00344466	0.000149768	0.00179721	0.00344466	0.00179721	
0.000351	0.316953	0.49842	0.143208	0.031239	0.000351	0.000351	0.004212	0.000351	0.004212	0.000351	
0.000739098	0.09017	0.317812	0.325942	0.147081	0.09017	0.0169993	0.00886918	0.000739098	0.000739098	0.000739098	
0.00126263	0.0568182	0.112374	0.292929	0.320707	0.167929	0.0290404	0.00126263	0.0151515	0.00126263	0.00126263	
0.0016835	0.0387205	0.0572391	0.0757576	0.279461	0.335017	0.112795	0.0572391	0.020202	0.0016835	0.020202	
0.00378788	0.00378788	0.0454545	0.0871212	0.0871212	0.337121	0.170455	0.170455	0.00378788	0.0454545	0.0454545	
0.00505051	0.00505051	0.00505051	0.0606061	0.00505051	0.116162	0.227273	0.393939	0.116162	0.0606061	0.00505051	
0.00699301	0.160839	0.0839161	0.00699301	0.00699301	0.0839161	0.0839161	0.0839161	0.160839	0.314685	0.00699301	
0.00413223	0.0495868	0.00413223	0.0495868	0.0495868	0.00413223	0.0950413	0.00413223	0.140496	0.413223	0.18595	
0.0991736	0.190083	0.00826446	0.00826446	0.00826446	0.00826446	0.00826446	0.00826446	0.190083	0.280992	0.190083	


Matrix B :

0.0454545	0.0454545	0.0454545	0.0454545	0.0454545	0.0454545	0.0454545	0.0454545	0.545455	0.0454545	0.0454545	
0.000142939	0.224986	0.388508	0.217124	0.100772	0.0520297	0.00328759	0.00800457	0.00485992	0.000142939	0.000142939	
0.000337952	0.0523826	0.279148	0.308888	0.267996	0.0598175	0.0189253	0.00405542	0.0077729	0.000337952	0.000337952	
0.000699301	0.00839161	0.239161	0.26993	0.200699	0.146853	0.093007	0.0314685	0.000699301	0.00839161	0.000699301	
0.0011655	0.013986	0.257576	0.334499	0.129371	0.0909091	0.0909091	0.0524476	0.0268065	0.0011655	0.0011655	
0.00162338	0.00162338	0.108766	0.269481	0.251623	0.198052	0.0909091	0.00162338	0.0373377	0.0373377	0.00162338	
0.00363636	0.00363636	0.0836364	0.363636	0.163636	0.203636	0.0836364	0.0436364	0.00363636	0.0436364	0.00363636	
0.004329	0.004329	0.004329	0.290043	0.147186	0.290043	0.0995671	0.0995671	0.004329	0.0519481	0.004329	
0.00699301	0.00699301	0.160839	0.237762	0.160839	0.0839161	0.160839	0.0839161	0.00699301	0.00699301	0.0839161	
0.00395257	0.00395257	0.0474308	0.177866	0.221344	0.0474308	0.177866	0.134387	0.0909091	0.0474308	0.0474308	
0.00757576	0.00757576	0.00757576	0.257576	0.174242	0.174242	0.00757576	0.174242	0.174242	0.00757576	0.00757576	


Vector Pi :

0.00149031	0.4769	0.165425	0.116244	0.099851	0.0342772	0.0178838	0.0506706	0.00149031	0.0178838	0.0178838	


Vector Phi :

0.00165975	0.503734	0.214938	0.102075	0.059751	0.0448133	0.019917	0.0149378	0.0107884	0.0182573	0.00912863	
