
Parameters: 11 states AND 11 symbols

Matrix A :

0.090909	0.090909	0.090909	0.090909	0.090909	0.090909	0.090909	0.090909	0.090909	0.090909	0.090909	
0.000319	0.793301	0.175758	0.024880	0.003828	0.000319	0.000319	0.000319	0.000319	0.000319	0.000319	
0.000739	0.431633	0.407243	0.114560	0.033259	0.008869	0.000739	0.000739	0.000739	0.000739	0.000739	
0.001715	0.096055	0.341338	0.360206	0.133791	0.058319	0.001715	0.001715	0.001715	0.001715	0.001715	
0.003788	0.045455	0.170455	0.295455	0.337121	0.087121	0.003788	0.003788	0.045455	0.003788	0.003788	
0.006993	0.006993	0.006993	0.237762	0.160839	0.468531	0.006993	0.006993	0.083916	0.006993	0.006993	
0.030303	0.030303	0.030303	0.696970	0.030303	0.030303	0.030303	0.030303	0.030303	0.030303	0.030303	
0.090909	0.090909	0.090909	0.090909	0.090909	0.090909	0.090909	0.090909	0.090909	0.090909	0.090909	
0.030303	0.030303	0.030303	0.030303	0.030303	0.030303	0.363636	0.030303	0.030303	0.030303	0.363636	
0.090909	0.090909	0.090909	0.090909	0.090909	0.090909	0.090909	0.090909	0.090909	0.090909	0.090909	
0.045455	0.045455	0.045455	0.045455	0.045455	0.045455	0.545455	0.045455	0.045455	0.045455	0.045455	


Matrix B :

0.090909	0.090909	0.090909	0.090909	0.090909	0.090909	0.090909	0.090909	0.090909	0.090909	0.090909	
0.000305	0.433191	0.295607	0.144600	0.067419	0.030506	0.013728	0.010372	0.000305	0.003661	0.000305	
0.000722	0.135642	0.341991	0.230880	0.111833	0.111833	0.040404	0.008658	0.000722	0.016595	0.000722	
0.001653	0.001653	0.292562	0.238017	0.165289	0.074380	0.128926	0.074380	0.019835	0.001653	0.001653	
0.003636	0.003636	0.123636	0.243636	0.243636	0.163636	0.083636	0.043636	0.043636	0.003636	0.043636	
0.006993	0.006993	0.006993	0.314685	0.160839	0.160839	0.314685	0.006993	0.006993	0.006993	0.006993	
0.030303	0.030303	0.363636	0.030303	0.030303	0.363636	0.030303	0.030303	0.030303	0.030303	0.030303	
0.090909	0.090909	0.090909	0.090909	0.090909	0.090909	0.090909	0.090909	0.090909	0.090909	0.090909	
0.030303	0.030303	0.030303	0.030303	0.030303	0.696970	0.030303	0.030303	0.030303	0.030303	0.030303	
0.090909	0.090909	0.090909	0.090909	0.090909	0.090909	0.090909	0.090909	0.090909	0.090909	0.090909	
0.030303	0.030303	0.030303	0.030303	0.030303	0.696970	0.030303	0.030303	0.030303	0.030303	0.030303	


Vector Pi :

0.004329	0.575758	0.147186	0.099567	0.099567	0.004329	0.004329	0.004329	0.004329	0.004329	0.051948	


Vector Phi :

0.001905	0.567327	0.241576	0.102112	0.043549	0.024660	0.005666	0.001905	0.005617	0.001905	0.003778	
