
Parameters: 11 states AND 11 symbols

Matrix A :

0.0454545	0.0454545	0.0454545	0.0454545	0.0454545	0.0454545	0.0454545	0.0454545	0.0454545	0.0454545	0.545455	
0.00025974	0.757403	0.197403	0.0374026	0.00597403	0.00025974	0.00025974	0.00025974	0.00025974	0.00025974	0.00025974	
0.000306091	0.256198	0.545761	0.182124	0.0104071	0.00367309	0.000306091	0.000306091	0.000306091	0.000306091	0.000306091	
0.0003885	0.03885	0.248252	0.52603	0.154235	0.021756	0.00893551	0.0003885	0.0003885	0.0003885	0.0003885	
0.000640205	0.000640205	0.0288092	0.261204	0.486556	0.204866	0.00768246	0.00768246	0.000640205	0.000640205	0.000640205	
0.000834028	0.000834028	0.028357	0.0558799	0.276063	0.542118	0.0742285	0.000834028	0.0191827	0.000834028	0.000834028	
0.00275482	0.00275482	0.00275482	0.00275482	0.0330579	0.336088	0.4573	0.0936639	0.0633609	0.00275482	0.00275482	
0.00757576	0.00757576	0.00757576	0.00757576	0.00757576	0.0909091	0.507576	0.257576	0.00757576	0.0909091	0.00757576	
0.010101	0.010101	0.010101	0.010101	0.010101	0.121212	0.010101	0.454545	0.010101	0.232323	0.121212	
0.155844	0.012987	0.012987	0.012987	0.012987	0.012987	0.012987	0.012987	0.441558	0.298701	0.012987	
0.0181818	0.0181818	0.0181818	0.0181818	0.0181818	0.0181818	0.0181818	0.0181818	0.218182	0.218182	0.418182	


Matrix B :

0.0454545	0.0454545	0.0454545	0.0454545	0.0454545	0.0454545	0.0454545	0.0454545	0.0454545	0.0454545	0.545455	
0.000247036	0.323617	0.418725	0.146986	0.0600296	0.0464427	0.00296443	0.000247036	0.000247036	0.000247036	0.000247036	
0.000292312	0.042093	0.569424	0.308974	0.0517393	0.0163695	0.00993861	0.000292312	0.000292312	0.000292312	0.000292312	
0.000366569	0.000366569	0.177786	0.520528	0.218109	0.0447214	0.0285924	0.00439883	0.00439883	0.000366569	0.000366569	
0.000614251	0.000614251	0.000614251	0.318182	0.419533	0.19656	0.0411548	0.0141278	0.00737101	0.000614251	0.000614251	
0.000790514	0.000790514	0.000790514	0.0181818	0.357312	0.392095	0.166008	0.0355731	0.00948617	0.0181818	0.000790514	
0.0026738	0.0026738	0.0026738	0.0026738	0.208556	0.237968	0.414439	0.0320856	0.0320856	0.0614973	0.0026738	
0.00757576	0.00757576	0.00757576	0.00757576	0.00757576	0.174242	0.340909	0.257576	0.00757576	0.0909091	0.0909091	
0.010101	0.010101	0.010101	0.010101	0.010101	0.010101	0.121212	0.232323	0.454545	0.010101	0.121212	
0.012987	0.012987	0.012987	0.012987	0.012987	0.012987	0.012987	0.441558	0.012987	0.155844	0.298701	
0.0151515	0.0151515	0.0151515	0.0151515	0.0151515	0.0151515	0.0151515	0.0151515	0.515152	0.0151515	0.348485	


Vector Pi :

0.00149031	0.280179	0.230999	0.230999	0.099851	0.116244	0.0178838	0.00149031	0.00149031	0.00149031	0.0178838	


Vector Phi :

0.00163748	0.296752	0.249172	0.194637	0.116512	0.0875868	0.0268066	0.0097758	0.00731916	0.00571248	0.00408898	
