
Parameters: 11 states AND 11 symbols

Matrix A :

0.0909091	0.0909091	0.0909091	0.0909091	0.0909091	0.0909091	0.0909091	0.0909091	0.0909091	0.0909091	0.0909091	
0.000218531	0.468969	0.281469	0.154065	0.0651224	0.0218531	0.00502622	0.00262238	0.000218531	0.000218531	0.000218531	
0.000301023	0.420831	0.278447	0.15593	0.0930163	0.0334136	0.0102348	0.00692354	0.000301023	0.000301023	0.000301023	
0.000478469	0.284689	0.284689	0.189952	0.132057	0.05311	0.0425837	0.00574163	0.00574163	0.000478469	0.000478469	
0.000699301	0.177622	0.231469	0.193007	0.146853	0.116084	0.0853147	0.0314685	0.0160839	0.000699301	0.000699301	
0.00106952	0.0834225	0.130481	0.165775	0.224599	0.212834	0.059893	0.106952	0.00106952	0.0128342	0.00106952	
0.00211416	0.118393	0.0951374	0.0718816	0.188161	0.211416	0.164905	0.0718816	0.02537	0.0486258	0.00211416	
0.00395257	0.134387	0.0474308	0.00395257	0.0909091	0.482213	0.0909091	0.00395257	0.0474308	0.0909091	0.00395257	
0.00909091	0.109091	0.00909091	0.00909091	0.109091	0.209091	0.209091	0.109091	0.109091	0.00909091	0.109091	
0.012987	0.012987	0.012987	0.012987	0.012987	0.012987	0.298701	0.155844	0.441558	0.012987	0.012987	
0.0454545	0.0454545	0.0454545	0.0454545	0.0454545	0.0454545	0.0454545	0.0454545	0.0454545	0.545455	0.0454545	


Matrix B :

0.0909091	0.0909091	0.0909091	0.0909091	0.0909091	0.0909091	0.0909091	0.0909091	0.0909091	0.0909091	0.0909091	
0.000207082	0.417064	0.280389	0.152827	0.0822116	0.0320977	0.0207082	0.0115966	0.00248499	0.000207082	0.000207082	
0.0002886	0.286003	0.42886	0.193939	0.0352092	0.0352092	0.0161616	0.0034632	0.0002886	0.0002886	0.0002886	
0.000447828	0.054635	0.473354	0.256605	0.128527	0.0398567	0.0201523	0.00537394	0.0152262	0.00537394	0.000447828	
0.000673401	0.000673401	0.46734	0.274747	0.148822	0.0599327	0.0228956	0.0154882	0.000673401	0.00808081	0.000673401	
0.00102145	0.00102145	0.180797	0.427988	0.270684	0.0459653	0.0347293	0.0347293	0.00102145	0.00102145	0.00102145	
0.00206612	0.00206612	0.0475207	0.433884	0.274793	0.115702	0.0702479	0.00206612	0.00206612	0.0247934	0.0247934	
0.00378788	0.00378788	0.00378788	0.170455	0.337121	0.170455	0.212121	0.0454545	0.00378788	0.00378788	0.0454545	
0.00909091	0.00909091	0.00909091	0.00909091	0.609091	0.109091	0.00909091	0.109091	0.00909091	0.00909091	0.109091	
0.012987	0.012987	0.012987	0.012987	0.155844	0.584416	0.012987	0.155844	0.012987	0.012987	0.012987	
0.0454545	0.0454545	0.0454545	0.0454545	0.0454545	0.0454545	0.0454545	0.545455	0.0454545	0.0454545	0.0454545	


Vector Pi :

0.00149031	0.378539	0.214605	0.214605	0.0834575	0.0670641	0.0178838	0.0178838	0.00149031	0.00149031	0.00149031	


Vector Phi :

0.00082713	0.344086	0.249793	0.157155	0.107527	0.070306	0.0355666	0.019024	0.0082713	0.00578991	0.00165426	
