
Parameters: 11 states AND 11 symbols

Matrix A :

0.0454545	0.0454545	0.0454545	0.0454545	0.0454545	0.0454545	0.0454545	0.0454545	0.545455	0.0454545	0.0454545	
0.000236742	0.737216	0.203362	0.0314867	0.0132576	0.000236742	0.00804924	0.00284091	0.000236742	0.00284091	0.000236742	
0.000359324	0.296802	0.403521	0.205893	0.0438376	0.0161696	0.0201222	0.00431189	0.000359324	0.000359324	0.00826446	
0.000510725	0.0735444	0.236466	0.376915	0.247702	0.0454545	0.0173647	0.000510725	0.000510725	0.000510725	0.000510725	
0.000699301	0.0545455	0.123776	0.262238	0.285315	0.146853	0.0622378	0.0314685	0.0237762	0.000699301	0.00839161	
0.0011655	0.013986	0.10373	0.0780886	0.283217	0.321678	0.10373	0.0652681	0.013986	0.0011655	0.013986	
0.00151515	0.0181818	0.0848485	0.0181818	0.0848485	0.218182	0.268182	0.168182	0.0848485	0.0181818	0.0348485	
0.00239234	0.00239234	0.00239234	0.00239234	0.0287081	0.212919	0.26555	0.212919	0.186603	0.0287081	0.0550239	
0.00284091	0.0653409	0.00284091	0.0965909	0.0340909	0.00284091	0.127841	0.190341	0.159091	0.221591	0.0965909	
0.00478469	0.00478469	0.00478469	0.0574163	0.0574163	0.00478469	0.110048	0.0574163	0.320574	0.215311	0.162679	
0.0351906	0.0351906	0.0351906	0.0351906	0.0674487	0.00293255	0.00293255	0.0351906	0.0997067	0.131965	0.519062	


Matrix B :

0.0454545	0.0454545	0.0454545	0.0454545	0.545455	0.0454545	0.0454545	0.0454545	0.0454545	0.0454545	0.0454545	
0.000223914	0.23914	0.443574	0.160322	0.0913569	0.049485	0.0150022	0.000223914	0.000223914	0.000223914	0.000223914	
0.000340483	0.041539	0.389854	0.356146	0.142663	0.041539	0.0190671	0.00783112	0.000340483	0.000340483	0.000340483	
0.0004914	0.0167076	0.157248	0.395086	0.24914	0.0923833	0.0545455	0.022113	0.0113022	0.0004914	0.0004914	
0.000673401	0.0154882	0.141414	0.26734	0.259933	0.163636	0.0895623	0.0525253	0.00808081	0.000673401	0.000673401	
0.00113636	0.00113636	0.0636364	0.226136	0.326136	0.213636	0.0761364	0.0511364	0.0261364	0.0136364	0.00113636	
0.00142045	0.00142045	0.0795455	0.329545	0.18892	0.173295	0.142045	0.0482955	0.00142045	0.0326705	0.00142045	
0.002331	0.002331	0.027972	0.361305	0.181818	0.181818	0.207459	0.027972	0.002331	0.002331	0.002331	
0.0026738	0.0026738	0.0909091	0.414439	0.179144	0.179144	0.0614973	0.0320856	0.0320856	0.0026738	0.0026738	
0.004329	0.004329	0.0995671	0.147186	0.290043	0.194805	0.0519481	0.0519481	0.004329	0.0519481	0.0995671	
0.00284091	0.00284091	0.00284091	0.252841	0.159091	0.159091	0.284091	0.127841	0.00284091	0.00284091	0.00284091	


Vector Pi :

0.00149031	0.362146	0.230999	0.116244	0.0834575	0.0342772	0.0670641	0.0178838	0.0342772	0.0342772	0.0178838	


Vector Phi :

0.00165975	0.318672	0.209959	0.147718	0.107884	0.0647303	0.0497925	0.0315353	0.026556	0.0157676	0.0257261	
