
Parameters: 11 states AND 11 symbols

Matrix A :

0.0909091	0.0909091	0.0909091	0.0909091	0.0909091	0.0909091	0.0909091	0.0909091	0.0909091	0.0909091	0.0909091	
0.000129316	0.879219	0.10966	0.0100866	0.000129316	0.000129316	0.000129316	0.000129316	0.000129316	0.000129316	0.000129316	
0.000307125	0.263821	0.601658	0.11855	0.00706388	0.00706388	0.000307125	0.000307125	0.000307125	0.000307125	0.000307125	
0.000804505	0.0450523	0.319389	0.478681	0.115849	0.0362027	0.000804505	0.000804505	0.000804505	0.000804505	0.000804505	
0.0021645	0.025974	0.025974	0.311688	0.502165	0.121212	0.0021645	0.0021645	0.0021645	0.0021645	0.0021645	
0.00478469	0.00478469	0.00478469	0.162679	0.215311	0.267943	0.215311	0.110048	0.00478469	0.00478469	0.00478469	
0.010101	0.010101	0.232323	0.010101	0.121212	0.121212	0.010101	0.343434	0.010101	0.121212	0.010101	
0.00826446	0.00826446	0.00826446	0.00826446	0.00826446	0.0991736	0.371901	0.280992	0.190083	0.00826446	0.00826446	
0.0181818	0.0181818	0.218182	0.0181818	0.0181818	0.0181818	0.0181818	0.418182	0.218182	0.0181818	0.0181818	
0.030303	0.030303	0.030303	0.030303	0.030303	0.030303	0.030303	0.030303	0.030303	0.363636	0.363636	
0.030303	0.030303	0.030303	0.030303	0.030303	0.030303	0.030303	0.030303	0.363636	0.030303	0.363636	


Matrix B :

0.0909091	0.0909091	0.0909091	0.0909091	0.0909091	0.0909091	0.0909091	0.0909091	0.0909091	0.0909091	0.0909091	
0.000124363	0.165651	0.292874	0.224475	0.164283	0.0904116	0.0439	0.0124363	0.00559632	0.000124363	0.000124363	
0.000290444	0.00348533	0.121696	0.252687	0.233517	0.207958	0.124891	0.0450189	0.00987511	0.000290444	0.000290444	
0.000757576	0.000757576	0.0174242	0.0924242	0.184091	0.259091	0.217424	0.117424	0.0840909	0.0174242	0.00909091	
0.00197628	0.00197628	0.00197628	0.0889328	0.15415	0.284585	0.15415	0.197628	0.0889328	0.0237154	0.00197628	
0.00454545	0.00454545	0.00454545	0.104545	0.104545	0.254545	0.354545	0.104545	0.00454545	0.00454545	0.0545455	
0.00909091	0.00909091	0.00909091	0.409091	0.109091	0.209091	0.209091	0.00909091	0.00909091	0.00909091	0.00909091	
0.00699301	0.00699301	0.00699301	0.160839	0.0839161	0.0839161	0.237762	0.0839161	0.160839	0.00699301	0.160839	
0.0181818	0.0181818	0.0181818	0.0181818	0.218182	0.218182	0.0181818	0.0181818	0.218182	0.218182	0.0181818	
0.030303	0.030303	0.030303	0.030303	0.69697	0.030303	0.030303	0.030303	0.030303	0.030303	0.030303	
0.030303	0.030303	0.030303	0.363636	0.363636	0.030303	0.030303	0.030303	0.030303	0.030303	0.030303	


Vector Pi :

0.00149031	0.460507	0.280179	0.116244	0.0670641	0.0178838	0.0178838	0.0342772	0.00149031	0.00149031	0.00149031	


Vector Phi :

0.000829876	0.583402	0.245643	0.0937759	0.0348548	0.0157676	0.00746888	0.00912863	0.00414938	0.00248963	0.00248963	
