
Parameters: 11 states AND 11 symbols

Matrix A :

0.0909091	0.0909091	0.0909091	0.0909091	0.0909091	0.0909091	0.0909091	0.0909091	0.0909091	0.0909091	0.0909091	
0.000318979	0.737161	0.193301	0.0529506	0.000318979	0.00733652	0.00382775	0.000318979	0.00382775	0.000318979	0.000318979	
0.000454545	0.280455	0.480455	0.185455	0.0404545	0.000454545	0.000454545	0.000454545	0.000454545	0.0104545	0.000454545	
0.000528541	0.0761099	0.221459	0.407505	0.215645	0.0528541	0.0179704	0.000528541	0.000528541	0.000528541	0.00634249	
0.000654022	0.0150425	0.0654022	0.259647	0.432309	0.158927	0.058208	0.000654022	0.000654022	0.000654022	0.00784827	
0.000834028	0.0100083	0.000834028	0.101751	0.221018	0.45955	0.175146	0.0191827	0.000834028	0.0100083	0.000834028	
0.00103306	0.00103306	0.00103306	0.00103306	0.0805785	0.251033	0.421488	0.171488	0.035124	0.0237603	0.0123967	
0.00128041	0.0153649	0.0153649	0.0294494	0.0153649	0.0294494	0.198464	0.480154	0.184379	0.0294494	0.00128041	
0.00154083	0.00154083	0.00154083	0.00154083	0.00154083	0.00154083	0.0693374	0.238829	0.493066	0.120185	0.0693374	
0.00227273	0.00227273	0.00227273	0.00227273	0.00227273	0.0272727	0.0272727	0.0772727	0.277273	0.402273	0.177273	
0.00252525	0.030303	0.00252525	0.030303	0.030303	0.00252525	0.00252525	0.0580808	0.030303	0.224747	0.585859	


Matrix B :

0.0909091	0.0909091	0.0909091	0.0909091	0.0909091	0.0909091	0.0909091	0.0909091	0.0909091	0.0909091	0.0909091	
0.00030303	0.440303	0.330303	0.180303	0.040303	0.0069697	0.00030303	0.00030303	0.00030303	0.00030303	0.00030303	
0.000437063	0.144668	0.591783	0.192745	0.0533217	0.0100524	0.00524476	0.000437063	0.000437063	0.000437063	0.000437063	
0.0004995	0.027972	0.335664	0.429071	0.165335	0.0334665	0.00599401	0.0004995	0.0004995	0.0004995	0.0004995	
0.000614251	0.000614251	0.203317	0.412776	0.183047	0.162776	0.034398	0.000614251	0.000614251	0.000614251	0.000614251	
0.000797448	0.000797448	0.062201	0.19378	0.342903	0.290271	0.0885167	0.0183413	0.000797448	0.000797448	0.000797448	
0.000999001	0.000999001	0.033966	0.143856	0.264735	0.407592	0.044955	0.0559441	0.022977	0.022977	0.000999001	
0.00118064	0.00118064	0.0141677	0.118064	0.144038	0.338843	0.260921	0.118064	0.00118064	0.00118064	0.00118064	
0.00149031	0.00149031	0.099851	0.0834575	0.0506706	0.181818	0.312966	0.198212	0.0342772	0.0178838	0.0178838	
0.0021645	0.0021645	0.0974026	0.145022	0.192641	0.24026	0.192641	0.0735931	0.0021645	0.0021645	0.0497835	
0.00252525	0.00252525	0.0858586	0.0858586	0.252525	0.141414	0.252525	0.169192	0.00252525	0.00252525	0.00252525	


Vector Pi :

0.00149031	0.247392	0.132638	0.149031	0.149031	0.0834575	0.0506706	0.099851	0.0342772	0.0506706	0.00149031	


Vector Phi :

0.000821123	0.240243	0.168786	0.145841	0.116678	0.0907844	0.0725655	0.0574909	0.0471521	0.0309622	0.0286758	
