
Parameters: 11 states AND 11 symbols

Matrix A :

0.0909091	0.0909091	0.0909091	0.0909091	0.0909091	0.0909091	0.0909091	0.0909091	0.0909091	0.0909091	0.0909091	
0.000198491	0.818976	0.161771	0.0154823	0.000198491	0.0023819	0.000198491	0.000198491	0.000198491	0.000198491	0.000198491	
0.000253936	0.209751	0.667852	0.106399	0.0142204	0.000253936	0.000253936	0.000253936	0.000253936	0.000253936	0.000253936	
0.000626959	0.0420063	0.255799	0.490282	0.159248	0.0282132	0.0144201	0.00752351	0.000626959	0.000626959	0.000626959	
0.00115075	0.0264672	0.0644419	0.304948	0.342923	0.241657	0.013809	0.00115075	0.00115075	0.00115075	0.00115075	
0.00149031	0.00149031	0.0178838	0.0506706	0.280179	0.378539	0.230999	0.0178838	0.0178838	0.00149031	0.00149031	
0.00227273	0.00227273	0.00227273	0.00227273	0.127273	0.327273	0.252273	0.252273	0.0272727	0.00227273	0.00227273	
0.0030303	0.0030303	0.0363636	0.0030303	0.0030303	0.0030303	0.369697	0.469697	0.069697	0.0363636	0.0030303	
0.00757576	0.00757576	0.00757576	0.00757576	0.0909091	0.00757576	0.0909091	0.174242	0.424242	0.0909091	0.0909091	
0.012987	0.012987	0.012987	0.012987	0.012987	0.012987	0.012987	0.155844	0.298701	0.155844	0.298701	
0.010101	0.010101	0.010101	0.010101	0.010101	0.010101	0.010101	0.010101	0.010101	0.343434	0.565657	


Matrix B :

0.0909091	0.0909091	0.0909091	0.0909091	0.0909091	0.0909091	0.0909091	0.0909091	0.0909091	0.0909091	0.0909091	
0.000189789	0.384323	0.401025	0.129626	0.0398558	0.0273297	0.00436515	0.00854052	0.00436515	0.000189789	0.000189789	
0.0002405	0.018759	0.352092	0.354738	0.196008	0.0610871	0.0161135	0.0002405	0.0002405	0.0002405	0.0002405	
0.000598086	0.000598086	0.0795455	0.415072	0.283493	0.125598	0.0663876	0.0203349	0.00717703	0.000598086	0.000598086	
0.00106952	0.00106952	0.0128342	0.165775	0.506952	0.17754	0.059893	0.0481283	0.0128342	0.0128342	0.00106952	
0.00146628	0.00146628	0.00146628	0.11437	0.178886	0.501466	0.178886	0.0175953	0.00146628	0.00146628	0.00146628	
0.00221729	0.00221729	0.00221729	0.00221729	0.0997783	0.124169	0.416851	0.31929	0.0266075	0.00221729	0.00221729	
0.00284091	0.00284091	0.00284091	0.00284091	0.00284091	0.221591	0.284091	0.127841	0.159091	0.190341	0.00284091	
0.00699301	0.00699301	0.00699301	0.00699301	0.00699301	0.0839161	0.0839161	0.0839161	0.00699301	0.314685	0.391608	
0.012987	0.012987	0.012987	0.012987	0.012987	0.012987	0.012987	0.298701	0.155844	0.155844	0.298701	
0.00909091	0.00909091	0.00909091	0.00909091	0.00909091	0.00909091	0.00909091	0.00909091	0.309091	0.609091	0.00909091	


Vector Pi :

0.00149031	0.329359	0.329359	0.132638	0.099851	0.0178838	0.0178838	0.0342772	0.0178838	0.00149031	0.0178838	


Vector Phi :

0.000826066	0.38593	0.298591	0.118794	0.0649731	0.0501961	0.0329143	0.0246928	0.00988686	0.00577223	0.00742343	
