
Parameters: 11 states AND 11 symbols

Matrix A :

0.090909	0.090909	0.090909	0.090909	0.090909	0.090909	0.090909	0.090909	0.090909	0.090909	0.090909	
0.000164	0.971231	0.027289	0.000164	0.000164	0.000164	0.000164	0.000164	0.000164	0.000164	0.000164	
0.002674	0.326203	0.414439	0.090909	0.002674	0.032086	0.032086	0.002674	0.002674	0.002674	0.090909	
0.018182	0.218182	0.218182	0.018182	0.218182	0.018182	0.018182	0.018182	0.218182	0.018182	0.018182	
0.030303	0.363636	0.363636	0.030303	0.030303	0.030303	0.030303	0.030303	0.030303	0.030303	0.030303	
0.030303	0.030303	0.363636	0.030303	0.363636	0.030303	0.030303	0.030303	0.030303	0.030303	0.030303	
0.045455	0.045455	0.045455	0.545455	0.045455	0.045455	0.045455	0.045455	0.045455	0.045455	0.045455	
0.090909	0.090909	0.090909	0.090909	0.090909	0.090909	0.090909	0.090909	0.090909	0.090909	0.090909	
0.045455	0.045455	0.045455	0.045455	0.045455	0.545455	0.045455	0.045455	0.045455	0.045455	0.045455	
0.090909	0.090909	0.090909	0.090909	0.090909	0.090909	0.090909	0.090909	0.090909	0.090909	0.090909	
0.022727	0.522727	0.272727	0.022727	0.022727	0.022727	0.022727	0.022727	0.022727	0.022727	0.022727	


Matrix B :

0.090909	0.090909	0.090909	0.090909	0.090909	0.090909	0.090909	0.090909	0.090909	0.090909	0.090909	
0.000156	0.230397	0.283661	0.184005	0.101531	0.101531	0.031084	0.031084	0.017338	0.012184	0.007029	
0.002597	0.059740	0.116883	0.488312	0.031169	0.116883	0.116883	0.002597	0.031169	0.031169	0.002597	
0.018182	0.218182	0.018182	0.418182	0.018182	0.018182	0.218182	0.018182	0.018182	0.018182	0.018182	
0.030303	0.030303	0.030303	0.363636	0.030303	0.030303	0.030303	0.363636	0.030303	0.030303	0.030303	
0.030303	0.030303	0.030303	0.363636	0.030303	0.030303	0.030303	0.030303	0.363636	0.030303	0.030303	
0.045455	0.045455	0.045455	0.045455	0.045455	0.045455	0.545455	0.045455	0.045455	0.045455	0.045455	
0.090909	0.090909	0.090909	0.090909	0.090909	0.090909	0.090909	0.090909	0.090909	0.090909	0.090909	
0.045455	0.045455	0.545455	0.045455	0.045455	0.045455	0.045455	0.045455	0.045455	0.045455	0.045455	
0.090909	0.090909	0.090909	0.090909	0.090909	0.090909	0.090909	0.090909	0.090909	0.090909	0.090909	
0.022727	0.022727	0.022727	0.272727	0.272727	0.272727	0.022727	0.022727	0.022727	0.022727	0.022727	


Vector Pi :

0.002933	0.938416	0.035191	0.002933	0.002933	0.002933	0.002933	0.002933	0.002933	0.002933	0.002933	


Vector Phi :

0.001642	0.908046	0.055829	0.008210	0.004926	0.004926	0.003284	0.001642	0.003284	0.001642	0.006568	
