
Parameters: 11 states AND 11 symbols

Matrix A :

0.0909091	0.0909091	0.0909091	0.0909091	0.0909091	0.0909091	0.0909091	0.0909091	0.0909091	0.0909091	0.0909091	
8.0952e-05	0.966243	0.0267951	0.00275237	0.000971424	0.000971424	8.0952e-05	0.0018619	8.0952e-05	8.0952e-05	8.0952e-05	
0.0015949	0.475279	0.38756	0.0542265	0.0366826	0.0191388	0.0015949	0.0015949	0.0015949	0.0015949	0.0191388	
0.00826446	0.644628	0.0991736	0.00826446	0.190083	0.00826446	0.00826446	0.00826446	0.00826446	0.00826446	0.00826446	
0.0151515	0.181818	0.348485	0.348485	0.0151515	0.0151515	0.0151515	0.0151515	0.0151515	0.0151515	0.0151515	
0.030303	0.69697	0.030303	0.030303	0.030303	0.030303	0.030303	0.030303	0.030303	0.030303	0.030303	
0.0909091	0.0909091	0.0909091	0.0909091	0.0909091	0.0909091	0.0909091	0.0909091	0.0909091	0.0909091	0.0909091	
0.030303	0.030303	0.363636	0.363636	0.030303	0.030303	0.030303	0.030303	0.030303	0.030303	0.030303	
0.0909091	0.0909091	0.0909091	0.0909091	0.0909091	0.0909091	0.0909091	0.0909091	0.0909091	0.0909091	0.0909091	
0.0909091	0.0909091	0.0909091	0.0909091	0.0909091	0.0909091	0.0909091	0.0909091	0.0909091	0.0909091	0.0909091	
0.0454545	0.0454545	0.0454545	0.545455	0.0454545	0.0454545	0.0454545	0.0454545	0.0454545	0.0454545	0.0454545	


Matrix B :

0.0909091	0.0909091	0.0909091	0.0909091	0.0909091	0.0909091	0.0909091	0.0909091	0.0909091	0.0909091	0.0909091	
7.70416e-05	0.217026	0.350924	0.233975	0.0992296	0.0568567	0.0212635	0.0161787	0.00261941	7.70416e-05	0.00177196	
0.0015949	0.0015949	0.106858	0.177033	0.141946	0.264753	0.124402	0.0542265	0.0542265	0.0717703	0.0015949	
0.00757576	0.00757576	0.257576	0.340909	0.00757576	0.0909091	0.0909091	0.0909091	0.0909091	0.00757576	0.00757576	
0.0151515	0.0151515	0.0151515	0.515152	0.0151515	0.0151515	0.181818	0.0151515	0.0151515	0.0151515	0.181818	
0.0227273	0.0227273	0.0227273	0.772727	0.0227273	0.0227273	0.0227273	0.0227273	0.0227273	0.0227273	0.0227273	
0.0909091	0.0909091	0.0909091	0.0909091	0.0909091	0.0909091	0.0909091	0.0909091	0.0909091	0.0909091	0.0909091	
0.030303	0.030303	0.030303	0.363636	0.363636	0.030303	0.030303	0.030303	0.030303	0.030303	0.030303	
0.0909091	0.0909091	0.0909091	0.0909091	0.0909091	0.0909091	0.0909091	0.0909091	0.0909091	0.0909091	0.0909091	
0.0909091	0.0909091	0.0909091	0.0909091	0.0909091	0.0909091	0.0909091	0.0909091	0.0909091	0.0909091	0.0909091	
0.030303	0.030303	0.030303	0.69697	0.030303	0.030303	0.030303	0.030303	0.030303	0.030303	0.030303	


Vector Pi :

0.00149031	0.935917	0.00149031	0.0178838	0.00149031	0.0178838	0.00149031	0.00149031	0.00149031	0.00149031	0.0178838	


Vector Phi :

0.00082713	0.928867	0.0471464	0.00909843	0.00496278	0.00248139	0.00082713	0.00248139	0.00082713	0.00082713	0.00165426	
