
Parameters: 11 states AND 11 symbols

Matrix A :

0.0909091	0.0909091	0.0909091	0.0909091	0.0909091	0.0909091	0.0909091	0.0909091	0.0909091	0.0909091	0.0909091	
0.000142268	0.77479	0.21141	0.0126618	0.000142268	0.000142268	0.000142268	0.000142268	0.000142268	0.000142268	0.000142268	
0.000257533	0.351532	0.470512	0.150399	0.0257533	0.000257533	0.000257533	0.000257533	0.000257533	0.000257533	0.000257533	
0.000640205	0.134443	0.296415	0.387964	0.148528	0.0288092	0.000640205	0.000640205	0.000640205	0.000640205	0.000640205	
0.00171527	0.0205832	0.171527	0.473413	0.265866	0.0394511	0.0205832	0.00171527	0.00171527	0.00171527	0.00171527	
0.00826446	0.00826446	0.00826446	0.00826446	0.553719	0.280992	0.0991736	0.00826446	0.00826446	0.00826446	0.00826446	
0.0227273	0.0227273	0.0227273	0.0227273	0.272727	0.272727	0.0227273	0.0227273	0.0227273	0.272727	0.0227273	
0.0909091	0.0909091	0.0909091	0.0909091	0.0909091	0.0909091	0.0909091	0.0909091	0.0909091	0.0909091	0.0909091	
0.0909091	0.0909091	0.0909091	0.0909091	0.0909091	0.0909091	0.0909091	0.0909091	0.0909091	0.0909091	0.0909091	
0.0454545	0.0454545	0.0454545	0.0454545	0.0454545	0.0454545	0.0454545	0.0454545	0.0454545	0.0454545	0.545455	
0.0454545	0.0454545	0.0454545	0.0454545	0.0454545	0.0454545	0.545455	0.0454545	0.0454545	0.0454545	0.0454545	


Matrix B :

0.0909091	0.0909091	0.0909091	0.0909091	0.0909091	0.0909091	0.0909091	0.0909091	0.0909091	0.0909091	0.0909091	
0.000136091	0.384867	0.323489	0.188759	0.0704954	0.0181002	0.00762112	0.0016331	0.0031301	0.000136091	0.0016331	
0.000242424	0.0242424	0.488242	0.306909	0.0989091	0.0455758	0.0295758	0.000242424	0.00290909	0.00290909	0.000242424	
0.000614251	0.000614251	0.0952088	0.453317	0.297912	0.0952088	0.0411548	0.00737101	0.00737101	0.000614251	0.000614251	
0.0016835	0.0016835	0.0016835	0.242424	0.316498	0.316498	0.0942761	0.020202	0.0016835	0.0016835	0.0016835	
0.00757576	0.00757576	0.00757576	0.0909091	0.0909091	0.340909	0.340909	0.00757576	0.0909091	0.00757576	0.00757576	
0.0227273	0.0227273	0.0227273	0.0227273	0.272727	0.0227273	0.272727	0.0227273	0.0227273	0.272727	0.0227273	
0.0909091	0.0909091	0.0909091	0.0909091	0.0909091	0.0909091	0.0909091	0.0909091	0.0909091	0.0909091	0.0909091	
0.0909091	0.0909091	0.0909091	0.0909091	0.0909091	0.0909091	0.0909091	0.0909091	0.0909091	0.0909091	0.0909091	
0.0454545	0.0454545	0.0454545	0.0454545	0.0454545	0.0454545	0.0454545	0.545455	0.0454545	0.0454545	0.0454545	
0.030303	0.030303	0.030303	0.030303	0.030303	0.030303	0.030303	0.030303	0.030303	0.030303	0.69697	


Vector Pi :

0.00149031	0.460507	0.362146	0.099851	0.0342772	0.0178838	0.00149031	0.00149031	0.00149031	0.00149031	0.0178838	


Vector Phi :

0.000816024	0.531423	0.292008	0.116346	0.0423371	0.00893962	0.00324219	0.000816024	0.000816024	0.00162657	0.00162931	
