
Parameters: 11 states AND 11 symbols

Matrix A :

0.0909091	0.0909091	0.0909091	0.0909091	0.0909091	0.0909091	0.0909091	0.0909091	0.0909091	0.0909091	0.0909091	
0.00020429	0.663126	0.249642	0.06762	0.0114402	0.00469867	0.00245148	0.00020429	0.00020429	0.00020429	0.00020429	
0.000283206	0.349193	0.386576	0.196545	0.056358	0.00651374	0.000283206	0.00339847	0.000283206	0.000283206	0.000283206	
0.000437063	0.13986	0.269668	0.365822	0.163899	0.048514	0.00524476	0.00524476	0.000437063	0.000437063	0.000437063	
0.000804505	0.0539019	0.204344	0.230893	0.301689	0.168946	0.0185036	0.00965406	0.000804505	0.00965406	0.000804505	
0.00142045	0.0170455	0.0795455	0.173295	0.235795	0.31392	0.110795	0.0326705	0.0170455	0.00142045	0.0170455	
0.00454545	0.00454545	0.0545455	0.00454545	0.154545	0.304545	0.154545	0.104545	0.204545	0.00454545	0.00454545	
0.00699301	0.00699301	0.00699301	0.0839161	0.160839	0.160839	0.237762	0.00699301	0.314685	0.00699301	0.00699301	
0.00606061	0.0727273	0.00606061	0.00606061	0.0727273	0.139394	0.139394	0.206061	0.206061	0.0727273	0.0727273	
0.0181818	0.0181818	0.0181818	0.0181818	0.0181818	0.0181818	0.0181818	0.418182	0.418182	0.0181818	0.0181818	
0.0227273	0.0227273	0.0227273	0.0227273	0.0227273	0.0227273	0.0227273	0.0227273	0.0227273	0.522727	0.272727	


Matrix B :

0.0909091	0.0909091	0.0909091	0.0909091	0.0909091	0.0909091	0.0909091	0.0909091	0.0909091	0.0909091	0.0909091	
0.000193013	0.352635	0.293187	0.138197	0.116966	0.0532716	0.0277939	0.00656244	0.0044393	0.0044393	0.00231616	
0.000270563	0.0687229	0.467532	0.202652	0.116342	0.0657468	0.0449134	0.0211039	0.00324675	0.00919913	0.000270563	
0.000417014	0.000417014	0.225188	0.358215	0.179316	0.087573	0.105922	0.0233528	0.0141785	0.00500417	0.000417014	
0.000770416	0.000770416	0.0261941	0.348228	0.288906	0.161787	0.068567	0.0855162	0.0177196	0.000770416	0.000770416	
0.00135685	0.00135685	0.00135685	0.165536	0.240163	0.434193	0.0909091	0.046133	0.0162822	0.00135685	0.00135685	
0.004329	0.004329	0.004329	0.0995671	0.147186	0.337662	0.242424	0.0995671	0.0519481	0.004329	0.004329	
0.00699301	0.00699301	0.00699301	0.00699301	0.160839	0.545455	0.0839161	0.0839161	0.0839161	0.00699301	0.00699301	
0.00606061	0.00606061	0.00606061	0.0727273	0.00606061	0.206061	0.339394	0.139394	0.206061	0.00606061	0.00606061	
0.0181818	0.0181818	0.0181818	0.0181818	0.0181818	0.0181818	0.818182	0.0181818	0.0181818	0.0181818	0.0181818	
0.0227273	0.0227273	0.0227273	0.0227273	0.0227273	0.0227273	0.0227273	0.272727	0.522727	0.0227273	0.0227273	


Vector Pi :

0.00149031	0.42772	0.247392	0.165425	0.0834575	0.0506706	0.0178838	0.00149031	0.00149031	0.00149031	0.00149031	


Vector Phi :

0.00082713	0.368073	0.265509	0.172043	0.0934657	0.0529363	0.0165426	0.0107527	0.0124069	0.00413565	0.00330852	
