
Parameters: 11 states AND 11 symbols

Matrix A :

0.090909	0.090909	0.090909	0.090909	0.090909	0.090909	0.090909	0.090909	0.090909	0.090909	0.090909	
0.000705	0.737139	0.210007	0.023961	0.023961	0.000705	0.000705	0.000705	0.000705	0.000705	0.000705	
0.001181	0.247934	0.364817	0.273908	0.066116	0.001181	0.001181	0.027155	0.001181	0.001181	0.014168	
0.001280	0.113956	0.128041	0.409731	0.170294	0.057618	0.043534	0.057618	0.015365	0.001280	0.001280	
0.001595	0.019139	0.089314	0.177033	0.422648	0.177033	0.054226	0.019139	0.019139	0.001595	0.019139	
0.002841	0.002841	0.002841	0.065341	0.159091	0.315341	0.221591	0.096591	0.096591	0.002841	0.034091	
0.002165	0.002165	0.097403	0.049784	0.025974	0.168831	0.264069	0.264069	0.121212	0.002165	0.002165	
0.002066	0.002066	0.024793	0.047521	0.047521	0.024793	0.297521	0.206612	0.183884	0.092975	0.070248	
0.001818	0.041818	0.001818	0.001818	0.021818	0.001818	0.041818	0.201818	0.341818	0.221818	0.121818	
0.001684	0.038721	0.020202	0.001684	0.038721	0.001684	0.038721	0.020202	0.205387	0.427609	0.205387	
0.002114	0.002114	0.025370	0.025370	0.025370	0.002114	0.002114	0.048626	0.071882	0.350951	0.443975	


Matrix B :

0.090909	0.090909	0.090909	0.090909	0.090909	0.090909	0.090909	0.090909	0.090909	0.090909	0.090909	
0.000668	0.265374	0.272727	0.302139	0.088904	0.052139	0.015374	0.000668	0.000668	0.000668	0.000668	
0.001122	0.013468	0.420875	0.322110	0.124579	0.062851	0.038159	0.013468	0.001122	0.001122	0.001122	
0.001263	0.084596	0.167929	0.265152	0.167929	0.181818	0.098485	0.029040	0.001263	0.001263	0.001263	
0.001515	0.018182	0.201515	0.234848	0.201515	0.134848	0.118182	0.084848	0.001515	0.001515	0.001515	
0.002674	0.002674	0.032086	0.267380	0.296791	0.149733	0.120321	0.061497	0.061497	0.002674	0.002674	
0.001976	0.001976	0.110672	0.328063	0.241107	0.154150	0.088933	0.067194	0.001976	0.001976	0.001976	
0.001976	0.023715	0.175889	0.241107	0.371542	0.045455	0.045455	0.023715	0.067194	0.001976	0.001976	
0.001783	0.021390	0.119430	0.315508	0.178253	0.197861	0.080214	0.060606	0.001783	0.001783	0.021390	
0.001595	0.019139	0.106858	0.177033	0.177033	0.229665	0.106858	0.089314	0.019139	0.036683	0.036683	
0.001976	0.001976	0.067194	0.197628	0.284585	0.197628	0.219368	0.023715	0.001976	0.001976	0.001976	


Vector Pi :

0.002933	0.260997	0.131965	0.035191	0.099707	0.035191	0.131965	0.067449	0.035191	0.099707	0.099707	


Vector Phi :

0.001683	0.206800	0.125981	0.117680	0.095437	0.056275	0.071612	0.074684	0.085113	0.091735	0.073000	
