
Parameters: 11 states AND 11 symbols

Matrix A :

0.0909091	0.0909091	0.0909091	0.0909091	0.0909091	0.0909091	0.0909091	0.0909091	0.0909091	0.0909091	0.0909091	
0.000113779	0.923768	0.0651951	0.00512004	0.00136534	0.00136534	0.000113779	0.00136534	0.00136534	0.000113779	0.000113779	
0.000447828	0.27631	0.581729	0.103896	0.0300045	0.000447828	0.000447828	0.00537394	0.000447828	0.000447828	0.000447828	
0.00128041	0.0576184	0.339309	0.409731	0.128041	0.0294494	0.0153649	0.00128041	0.0153649	0.00128041	0.00128041	
0.00239234	0.00239234	0.0550239	0.239234	0.370813	0.186603	0.0550239	0.0550239	0.0287081	0.00239234	0.00239234	
0.0031348	0.0031348	0.0721003	0.175549	0.175549	0.416928	0.0721003	0.0031348	0.0376176	0.0031348	0.0376176	
0.00699301	0.0839161	0.0839161	0.00699301	0.0839161	0.314685	0.314685	0.0839161	0.00699301	0.00699301	0.00699301	
0.00757576	0.00757576	0.00757576	0.0909091	0.0909091	0.0909091	0.0909091	0.257576	0.174242	0.0909091	0.0909091	
0.00757576	0.00757576	0.0909091	0.00757576	0.00757576	0.00757576	0.00757576	0.257576	0.174242	0.257576	0.174242	
0.00909091	0.00909091	0.109091	0.109091	0.00909091	0.00909091	0.109091	0.00909091	0.209091	0.209091	0.209091	
0.00534759	0.00534759	0.00534759	0.00534759	0.00534759	0.0641711	0.0641711	0.00534759	0.0641711	0.181818	0.593583	


Matrix B :

0.0909091	0.0909091	0.0909091	0.0909091	0.0909091	0.0909091	0.0909091	0.0909091	0.0909091	0.0909091	0.0909091	
0.000107968	0.281581	0.401533	0.173505	0.0511769	0.044051	0.0321745	0.0107968	0.00485856	0.000107968	0.000107968	
0.000430849	0.00517019	0.142611	0.322706	0.28953	0.161568	0.0430849	0.0336062	0.000430849	0.000430849	0.000430849	
0.00126263	0.0290404	0.112374	0.15404	0.265152	0.181818	0.126263	0.084596	0.0429293	0.00126263	0.00126263	
0.00221729	0.00221729	0.148559	0.0997783	0.172949	0.221729	0.124169	0.0997783	0.0509978	0.075388	0.00221729	
0.00284091	0.00284091	0.0653409	0.0653409	0.252841	0.284091	0.0965909	0.0653409	0.0965909	0.00284091	0.0653409	
0.00606061	0.00606061	0.0727273	0.139394	0.206061	0.206061	0.272727	0.0727273	0.00606061	0.00606061	0.00606061	
0.00757576	0.00757576	0.174242	0.0909091	0.257576	0.0909091	0.00757576	0.0909091	0.0909091	0.0909091	0.0909091	
0.00757576	0.00757576	0.0909091	0.174242	0.257576	0.174242	0.00757576	0.0909091	0.174242	0.00757576	0.00757576	
0.00909091	0.00909091	0.109091	0.109091	0.409091	0.309091	0.00909091	0.00909091	0.00909091	0.00909091	0.00909091	
0.00534759	0.0641711	0.181818	0.122995	0.358289	0.0641711	0.122995	0.0641711	0.00534759	0.00534759	0.00534759	


Vector Pi :

0.00149031	0.690015	0.149031	0.0178838	0.0506706	0.0506706	0.0342772	0.00149031	0.00149031	0.00149031	0.00149031	


Vector Phi :

0.000825016	0.666268	0.16648	0.0584301	0.0312831	0.0239082	0.0107163	0.009902	0.0099068	0.00825309	0.0140283	
