
Parameters: 11 states AND 11 symbols

Matrix A :

0.0909091	0.0909091	0.0909091	0.0909091	0.0909091	0.0909091	0.0909091	0.0909091	0.0909091	0.0909091	0.0909091	
0.000171204	0.843862	0.148947	0.00393768	0.00205444	0.000171204	0.000171204	0.000171204	0.000171204	0.000171204	0.000171204	
0.000309215	0.248609	0.558132	0.156772	0.0343228	0.000309215	0.000309215	0.000309215	0.000309215	0.000309215	0.000309215	
0.00050226	0.050226	0.243596	0.558513	0.144149	0.00050226	0.00050226	0.00050226	0.00050226	0.00050226	0.00050226	
0.00106952	0.0128342	0.059893	0.271658	0.389305	0.212834	0.0481283	0.00106952	0.00106952	0.00106952	0.00106952	
0.00189394	0.00189394	0.00189394	0.147727	0.210227	0.376894	0.231061	0.0227273	0.00189394	0.00189394	0.00189394	
0.0021645	0.0021645	0.025974	0.025974	0.0974026	0.24026	0.502165	0.0735931	0.0021645	0.025974	0.0021645	
0.0113636	0.0113636	0.0113636	0.0113636	0.0113636	0.0113636	0.386364	0.136364	0.261364	0.136364	0.0113636	
0.012987	0.012987	0.012987	0.012987	0.012987	0.155844	0.298701	0.155844	0.298701	0.012987	0.012987	
0.030303	0.030303	0.030303	0.030303	0.030303	0.030303	0.030303	0.030303	0.030303	0.030303	0.69697	
0.0181818	0.0181818	0.0181818	0.0181818	0.0181818	0.0181818	0.0181818	0.0181818	0.418182	0.0181818	0.418182	


Matrix B :

0.0909091	0.0909091	0.0909091	0.0909091	0.0909091	0.0909091	0.0909091	0.0909091	0.0909091	0.0909091	0.0909091	
0.000163212	0.398727	0.346662	0.152766	0.0647952	0.0270932	0.00913987	0.000163212	0.000163212	0.000163212	0.000163212	
0.000294204	0.0294204	0.537511	0.268903	0.0973816	0.0423654	0.0067667	0.0132392	0.00353045	0.000294204	0.000294204	
0.000481	0.000481	0.122174	0.450216	0.280904	0.0904281	0.016354	0.016354	0.021645	0.000481	0.000481	
0.000999001	0.000999001	0.044955	0.165834	0.418581	0.165834	0.0889111	0.044955	0.044955	0.022977	0.000999001	
0.00181818	0.00181818	0.00181818	0.0818182	0.361818	0.221818	0.121818	0.121818	0.0418182	0.0418182	0.00181818	
0.00206612	0.00206612	0.00206612	0.0702479	0.161157	0.229339	0.320248	0.115702	0.0702479	0.00206612	0.0247934	
0.0113636	0.0113636	0.0113636	0.0113636	0.386364	0.261364	0.261364	0.0113636	0.0113636	0.0113636	0.0113636	
0.012987	0.012987	0.012987	0.012987	0.155844	0.441558	0.155844	0.155844	0.012987	0.012987	0.012987	
0.030303	0.030303	0.030303	0.030303	0.030303	0.363636	0.030303	0.030303	0.030303	0.030303	0.363636	
0.0151515	0.0151515	0.0151515	0.0151515	0.0151515	0.0151515	0.181818	0.181818	0.348485	0.0151515	0.181818	


Vector Pi :

0.00149031	0.411326	0.247392	0.132638	0.099851	0.0342772	0.0342772	0.0178838	0.00149031	0.00149031	0.0178838	


Vector Phi :

0.000775362	0.447773	0.245546	0.149413	0.0694784	0.0382992	0.032468	0.00526915	0.00502667	0.00220706	0.00374456	
