
Parameters: 11 states AND 11 symbols

Matrix A :

0.090909	0.090909	0.090909	0.090909	0.090909	0.090909	0.090909	0.090909	0.090909	0.090909	0.090909	
0.000214	0.901390	0.084920	0.009626	0.002567	0.000214	0.000214	0.000214	0.000214	0.000214	0.000214	
0.000891	0.383244	0.520499	0.069519	0.000891	0.010695	0.010695	0.000891	0.000891	0.000891	0.000891	
0.003367	0.077441	0.410774	0.299663	0.077441	0.040404	0.003367	0.040404	0.040404	0.003367	0.003367	
0.012987	0.012987	0.155844	0.298701	0.155844	0.012987	0.155844	0.155844	0.012987	0.012987	0.012987	
0.009091	0.009091	0.009091	0.209091	0.109091	0.509091	0.109091	0.009091	0.009091	0.009091	0.009091	
0.015152	0.015152	0.015152	0.015152	0.181818	0.015152	0.015152	0.181818	0.515152	0.015152	0.015152	
0.011364	0.011364	0.011364	0.136364	0.011364	0.011364	0.136364	0.386364	0.136364	0.136364	0.011364	
0.011364	0.011364	0.011364	0.136364	0.011364	0.261364	0.011364	0.136364	0.011364	0.261364	0.136364	
0.012987	0.012987	0.012987	0.155844	0.012987	0.012987	0.155844	0.012987	0.155844	0.298701	0.155844	
0.022727	0.022727	0.022727	0.022727	0.022727	0.022727	0.022727	0.022727	0.272727	0.272727	0.272727	


Matrix B :

0.090909	0.090909	0.090909	0.090909	0.090909	0.090909	0.090909	0.090909	0.090909	0.090909	0.090909	
0.000203	0.120739	0.261364	0.281453	0.194399	0.076096	0.024756	0.002435	0.011364	0.013596	0.013596	
0.000866	0.000866	0.162771	0.229437	0.238961	0.267532	0.077056	0.000866	0.019913	0.000866	0.000866	
0.003135	0.003135	0.037618	0.210031	0.210031	0.244514	0.210031	0.037618	0.037618	0.003135	0.003135	
0.011364	0.011364	0.136364	0.136364	0.261364	0.261364	0.011364	0.136364	0.011364	0.011364	0.011364	
0.009091	0.009091	0.009091	0.709091	0.009091	0.109091	0.109091	0.009091	0.009091	0.009091	0.009091	
0.015152	0.015152	0.015152	0.015152	0.181818	0.181818	0.015152	0.181818	0.348485	0.015152	0.015152	
0.011364	0.011364	0.011364	0.011364	0.261364	0.136364	0.386364	0.011364	0.136364	0.011364	0.011364	
0.010101	0.010101	0.010101	0.010101	0.121212	0.121212	0.010101	0.232323	0.454545	0.010101	0.010101	
0.012987	0.012987	0.012987	0.012987	0.012987	0.012987	0.155844	0.155844	0.155844	0.441558	0.012987	
0.022727	0.022727	0.022727	0.022727	0.022727	0.022727	0.022727	0.022727	0.022727	0.772727	0.022727	


Vector Pi :

0.002933	0.744868	0.099707	0.067449	0.035191	0.002933	0.002933	0.002933	0.035191	0.002933	0.002933	


Vector Phi :

0.001653	0.702479	0.168595	0.044628	0.011570	0.016529	0.009917	0.013223	0.013223	0.011570	0.006612	
