
Parameters: 11 states AND 11 symbols

Matrix A :

0.090909	0.090909	0.090909	0.090909	0.090909	0.090909	0.090909	0.090909	0.090909	0.090909	0.090909	
0.000517	0.710744	0.205062	0.057335	0.011880	0.006198	0.000517	0.000517	0.000517	0.000517	0.006198	
0.000727	0.296727	0.400727	0.152727	0.088727	0.032727	0.008727	0.000727	0.000727	0.000727	0.016727	
0.001045	0.104493	0.253918	0.380355	0.173459	0.047022	0.024033	0.001045	0.012539	0.001045	0.001045	
0.001443	0.064935	0.160173	0.207792	0.255411	0.112554	0.080808	0.033189	0.049062	0.017316	0.017316	
0.002674	0.032086	0.061497	0.090909	0.179144	0.237968	0.179144	0.090909	0.090909	0.002674	0.032086	
0.002841	0.002841	0.034091	0.065341	0.221591	0.159091	0.284091	0.159091	0.034091	0.034091	0.002841	
0.003367	0.003367	0.040404	0.114478	0.151515	0.077441	0.040404	0.225589	0.151515	0.151515	0.040404	
0.003788	0.003788	0.003788	0.128788	0.045455	0.045455	0.212121	0.170455	0.170455	0.170455	0.045455	
0.004329	0.004329	0.051948	0.004329	0.004329	0.004329	0.099567	0.194805	0.242424	0.194805	0.194805	
0.006061	0.006061	0.072727	0.006061	0.006061	0.006061	0.006061	0.139394	0.139394	0.406061	0.206061	


Matrix B :

0.090909	0.090909	0.090909	0.090909	0.090909	0.090909	0.090909	0.090909	0.090909	0.090909	0.090909	
0.000489	0.183284	0.339198	0.220919	0.156403	0.054252	0.032747	0.011241	0.000489	0.000489	0.000489	
0.000689	0.030992	0.227961	0.341598	0.159780	0.099174	0.091598	0.038567	0.000689	0.000689	0.008264	
0.000978	0.033236	0.097752	0.398827	0.205279	0.173021	0.065494	0.000978	0.011730	0.011730	0.000978	
0.001377	0.001377	0.107438	0.274105	0.304408	0.213499	0.061983	0.016529	0.001377	0.001377	0.016529	
0.002674	0.002674	0.002674	0.208556	0.296791	0.149733	0.090909	0.179144	0.002674	0.002674	0.061497	
0.002841	0.002841	0.065341	0.190341	0.190341	0.127841	0.159091	0.065341	0.096591	0.065341	0.034091	
0.003030	0.003030	0.136364	0.103030	0.269697	0.136364	0.103030	0.203030	0.036364	0.003030	0.003030	
0.003788	0.045455	0.045455	0.212121	0.212121	0.087121	0.128788	0.087121	0.087121	0.045455	0.045455	
0.004329	0.004329	0.051948	0.194805	0.194805	0.051948	0.051948	0.337662	0.051948	0.051948	0.004329	
0.005682	0.005682	0.005682	0.130682	0.193182	0.255682	0.193182	0.068182	0.130682	0.005682	0.005682	


Vector Pi :

0.002933	0.293255	0.228739	0.196481	0.099707	0.035191	0.002933	0.099707	0.002933	0.002933	0.035191	


Vector Phi :

0.001633	0.297275	0.207906	0.143516	0.103108	0.053581	0.051764	0.043681	0.038887	0.034145	0.024504	
