
Parameters: 11 states AND 11 symbols

Matrix A :

0.0909091	0.0909091	0.0909091	0.0909091	0.0909091	0.0909091	0.0909091	0.0909091	0.0909091	0.0909091	0.0909091	
0.000150761	0.749736	0.207448	0.036635	0.00346751	0.00180914	0.000150761	0.000150761	0.000150761	0.000150761	0.000150761	
0.000278009	0.382541	0.403948	0.153183	0.0430915	0.00639422	0.00639422	0.00333611	0.000278009	0.000278009	0.000278009	
0.000575374	0.133487	0.32336	0.367664	0.120829	0.0322209	0.0132336	0.000575374	0.00690449	0.000575374	0.000575374	
0.0013369	0.0601604	0.177807	0.339572	0.236631	0.148396	0.0307487	0.0013369	0.0013369	0.0013369	0.0013369	
0.0034965	0.041958	0.195804	0.118881	0.426573	0.118881	0.041958	0.0034965	0.041958	0.0034965	0.0034965	
0.00757576	0.00757576	0.00757576	0.00757576	0.340909	0.174242	0.340909	0.00757576	0.00757576	0.00757576	0.0909091	
0.0454545	0.0454545	0.0454545	0.0454545	0.0454545	0.0454545	0.0454545	0.0454545	0.545455	0.0454545	0.0454545	
0.012987	0.012987	0.012987	0.155844	0.155844	0.298701	0.012987	0.012987	0.155844	0.012987	0.155844	
0.0909091	0.0909091	0.0909091	0.0909091	0.0909091	0.0909091	0.0909091	0.0909091	0.0909091	0.0909091	0.0909091	
0.0227273	0.0227273	0.0227273	0.0227273	0.0227273	0.0227273	0.0227273	0.0227273	0.522727	0.0227273	0.272727	


Matrix B :

0.0909091	0.0909091	0.0909091	0.0909091	0.0909091	0.0909091	0.0909091	0.0909091	0.0909091	0.0909091	0.0909091	
0.00014339	0.526957	0.329796	0.0963579	0.0269573	0.00960711	0.00487525	0.00329796	0.00172068	0.00014339	0.00014339	
0.000265041	0.0673204	0.498807	0.303472	0.0673204	0.0294196	0.0177578	0.00609594	0.0090114	0.000265041	0.000265041	
0.000547645	0.000547645	0.102957	0.482475	0.271632	0.0728368	0.0607886	0.000547645	0.000547645	0.00657174	0.000547645	
0.00128041	0.00128041	0.00128041	0.423816	0.297055	0.170294	0.099872	0.00128041	0.00128041	0.00128041	0.00128041	
0.003367	0.003367	0.003367	0.0774411	0.373737	0.225589	0.188552	0.0774411	0.003367	0.040404	0.003367	
0.00757576	0.00757576	0.00757576	0.00757576	0.00757576	0.590909	0.00757576	0.174242	0.174242	0.00757576	0.00757576	
0.0454545	0.0454545	0.0454545	0.0454545	0.0454545	0.545455	0.0454545	0.0454545	0.0454545	0.0454545	0.0454545	
0.012987	0.012987	0.012987	0.012987	0.012987	0.012987	0.298701	0.155844	0.298701	0.155844	0.012987	
0.0909091	0.0909091	0.0909091	0.0909091	0.0909091	0.0909091	0.0909091	0.0909091	0.0909091	0.0909091	0.0909091	
0.0181818	0.0181818	0.0181818	0.0181818	0.0181818	0.0181818	0.0181818	0.0181818	0.0181818	0.218182	0.618182	


Vector Pi :

0.00149031	0.493294	0.280179	0.132638	0.0506706	0.0178838	0.00149031	0.00149031	0.00149031	0.00149031	0.0178838	


Vector Phi :

0.000825565	0.500287	0.269424	0.130437	0.0561128	0.0214595	0.0099004	0.00164949	0.00577714	0.000825565	0.0033012	
