
Parameters: 11 states AND 11 symbols

Matrix A :

0.0454545	0.0454545	0.0454545	0.0454545	0.0454545	0.545455	0.0454545	0.0454545	0.0454545	0.0454545	0.0454545	
0.000101122	0.902215	0.0935383	0.00343816	0.000101122	0.000101122	0.000101122	0.000101122	0.000101122	0.000101122	0.000101122	
0.000390168	0.356613	0.528287	0.0948108	0.0132657	0.000390168	0.000390168	0.000390168	0.000390168	0.00468201	0.000390168	
0.00197628	0.0889328	0.458498	0.262846	0.15415	0.00197628	0.00197628	0.00197628	0.0237154	0.00197628	0.00197628	
0.00505051	0.00505051	0.171717	0.338384	0.393939	0.0606061	0.00505051	0.00505051	0.00505051	0.00505051	0.00505051	
0.030303	0.030303	0.363636	0.363636	0.030303	0.030303	0.030303	0.030303	0.030303	0.030303	0.030303	
0.0909091	0.0909091	0.0909091	0.0909091	0.0909091	0.0909091	0.0909091	0.0909091	0.0909091	0.0909091	0.0909091	
0.0909091	0.0909091	0.0909091	0.0909091	0.0909091	0.0909091	0.0909091	0.0909091	0.0909091	0.0909091	0.0909091	
0.030303	0.030303	0.030303	0.363636	0.030303	0.030303	0.030303	0.030303	0.363636	0.030303	0.030303	
0.545455	0.0454545	0.0454545	0.0454545	0.0454545	0.0454545	0.0454545	0.0454545	0.0454545	0.0454545	0.0454545	
0.0909091	0.0909091	0.0909091	0.0909091	0.0909091	0.0909091	0.0909091	0.0909091	0.0909091	0.0909091	0.0909091	


Matrix B :

0.0454545	0.0454545	0.0454545	0.0454545	0.0454545	0.545455	0.0454545	0.0454545	0.0454545	0.0454545	0.0454545	
9.57946e-05	0.275122	0.388926	0.214005	0.0854488	0.0285468	0.0053645	0.00220328	9.57946e-05	9.57946e-05	9.57946e-05	
0.000380373	0.0129327	0.0924306	0.289083	0.322556	0.14264	0.0715101	0.0422214	0.00456447	0.0171168	0.00456447	
0.00185529	0.00185529	0.0222635	0.185529	0.246753	0.267161	0.0834879	0.165121	0.00185529	0.0222635	0.00185529	
0.00505051	0.00505051	0.00505051	0.227273	0.338384	0.0606061	0.171717	0.116162	0.00505051	0.00505051	0.0606061	
0.0227273	0.0227273	0.0227273	0.0227273	0.0227273	0.522727	0.272727	0.0227273	0.0227273	0.0227273	0.0227273	
0.0909091	0.0909091	0.0909091	0.0909091	0.0909091	0.0909091	0.0909091	0.0909091	0.0909091	0.0909091	0.0909091	
0.0909091	0.0909091	0.0909091	0.0909091	0.0909091	0.0909091	0.0909091	0.0909091	0.0909091	0.0909091	0.0909091	
0.030303	0.030303	0.030303	0.030303	0.030303	0.030303	0.030303	0.69697	0.030303	0.030303	0.030303	
0.0454545	0.0454545	0.0454545	0.0454545	0.545455	0.0454545	0.0454545	0.0454545	0.0454545	0.0454545	0.0454545	
0.0909091	0.0909091	0.0909091	0.0909091	0.0909091	0.0909091	0.0909091	0.0909091	0.0909091	0.0909091	0.0909091	


Vector Pi :

0.00149031	0.821162	0.099851	0.0506706	0.00149031	0.0178838	0.00149031	0.00149031	0.00149031	0.00149031	0.00149031	


Vector Phi :

0.00165426	0.74359	0.192721	0.038048	0.0148883	0.00248139	0.00082713	0.00082713	0.00248139	0.00165426	0.00082713	
