
Parameters: 11 states AND 11 symbols

Matrix A :

0.090909	0.090909	0.090909	0.090909	0.090909	0.090909	0.090909	0.090909	0.090909	0.090909	0.090909	
0.000400	0.885863	0.084101	0.009211	0.004806	0.000400	0.004806	0.000400	0.000400	0.004806	0.004806	
0.001443	0.271284	0.414141	0.160173	0.096681	0.001443	0.017316	0.017316	0.001443	0.017316	0.001443	
0.002597	0.088312	0.202597	0.231169	0.288312	0.059740	0.031169	0.002597	0.031169	0.031169	0.031169	
0.002674	0.032086	0.149733	0.237968	0.120321	0.179144	0.179144	0.061497	0.032086	0.002674	0.002674	
0.003788	0.003788	0.170455	0.170455	0.128788	0.212121	0.128788	0.128788	0.045455	0.003788	0.003788	
0.003497	0.041958	0.003497	0.003497	0.157343	0.118881	0.234266	0.311189	0.080420	0.041958	0.003497	
0.002273	0.027273	0.027273	0.052273	0.052273	0.102273	0.127273	0.402273	0.177273	0.002273	0.027273	
0.002755	0.033058	0.002755	0.002755	0.063361	0.033058	0.033058	0.184573	0.275482	0.275482	0.093664	
0.002457	0.002457	0.002457	0.002457	0.002457	0.056511	0.029484	0.029484	0.191646	0.488943	0.191646	
0.001136	0.001136	0.001136	0.001136	0.013636	0.001136	0.001136	0.026136	0.051136	0.063636	0.838636	


Matrix B :

0.090909	0.090909	0.090909	0.090909	0.090909	0.090909	0.090909	0.090909	0.090909	0.090909	0.090909	
0.000379	0.350379	0.317045	0.200379	0.062879	0.033712	0.017045	0.012879	0.004545	0.000379	0.000379	
0.001420	0.126420	0.485795	0.235795	0.048295	0.017045	0.017045	0.048295	0.017045	0.001420	0.001420	
0.002457	0.056511	0.353808	0.245700	0.218673	0.029484	0.002457	0.056511	0.029484	0.002457	0.002457	
0.002674	0.090909	0.385027	0.237968	0.120321	0.061497	0.061497	0.032086	0.002674	0.002674	0.002674	
0.003788	0.087121	0.128788	0.337121	0.253788	0.087121	0.045455	0.003788	0.045455	0.003788	0.003788	
0.003497	0.041958	0.118881	0.272727	0.195804	0.234266	0.041958	0.080420	0.003497	0.003497	0.003497	
0.002066	0.002066	0.115702	0.092975	0.297521	0.206612	0.138430	0.138430	0.002066	0.002066	0.002066	
0.002597	0.031169	0.059740	0.316883	0.231169	0.174026	0.059740	0.059740	0.031169	0.002597	0.031169	
0.002217	0.026608	0.124169	0.124169	0.246120	0.294900	0.099778	0.026608	0.050998	0.002217	0.002217	
0.001082	0.012987	0.048701	0.096320	0.274892	0.191558	0.132035	0.096320	0.060606	0.060606	0.024892	


Vector Pi :

0.002933	0.454545	0.035191	0.067449	0.002933	0.002933	0.002933	0.131965	0.067449	0.131965	0.099707	


Vector Phi :

0.001694	0.358689	0.102379	0.057893	0.056804	0.040604	0.043793	0.068443	0.057272	0.064468	0.147961	
