
Parameters: 11 states AND 11 symbols

Matrix A :

0.0909091	0.0909091	0.0909091	0.0909091	0.0909091	0.0909091	0.0909091	0.0909091	0.0909091	0.0909091	0.0909091	
8.40195e-05	0.949252	0.0416737	0.00378088	0.00193245	8.40195e-05	8.40195e-05	8.40195e-05	8.40195e-05	0.00100823	0.00193245	
0.00094697	0.469697	0.417614	0.0530303	0.032197	0.0113636	0.0113636	0.00094697	0.00094697	0.00094697	0.00094697	
0.00757576	0.257576	0.590909	0.0909091	0.00757576	0.00757576	0.00757576	0.00757576	0.00757576	0.00757576	0.00757576	
0.0151515	0.348485	0.181818	0.0151515	0.0151515	0.0151515	0.348485	0.0151515	0.0151515	0.0151515	0.0151515	
0.0454545	0.0454545	0.0454545	0.545455	0.0454545	0.0454545	0.0454545	0.0454545	0.0454545	0.0454545	0.0454545	
0.0227273	0.522727	0.272727	0.0227273	0.0227273	0.0227273	0.0227273	0.0227273	0.0227273	0.0227273	0.0227273	
0.0909091	0.0909091	0.0909091	0.0909091	0.0909091	0.0909091	0.0909091	0.0909091	0.0909091	0.0909091	0.0909091	
0.0909091	0.0909091	0.0909091	0.0909091	0.0909091	0.0909091	0.0909091	0.0909091	0.0909091	0.0909091	0.0909091	
0.0454545	0.0454545	0.545455	0.0454545	0.0454545	0.0454545	0.0454545	0.0454545	0.0454545	0.0454545	0.0454545	
0.0454545	0.545455	0.0454545	0.0454545	0.0454545	0.0454545	0.0454545	0.0454545	0.0454545	0.0454545	0.0454545	


Matrix B :

0.0909091	0.0909091	0.0909091	0.0909091	0.0909091	0.0909091	0.0909091	0.0909091	0.0909091	0.0909091	0.0909091	
7.9885e-05	0.207461	0.351574	0.272488	0.103771	0.0405017	0.0167758	0.00535229	0.00095862	7.9885e-05	0.00095862	
0.000918274	0.0413223	0.101928	0.22314	0.283747	0.172635	0.0817264	0.0413223	0.0312213	0.0110193	0.0110193	
0.00757576	0.0909091	0.174242	0.174242	0.174242	0.174242	0.174242	0.00757576	0.00757576	0.00757576	0.00757576	
0.0151515	0.0151515	0.181818	0.0151515	0.348485	0.181818	0.181818	0.0151515	0.0151515	0.0151515	0.0151515	
0.0454545	0.0454545	0.545455	0.0454545	0.0454545	0.0454545	0.0454545	0.0454545	0.0454545	0.0454545	0.0454545	
0.0227273	0.0227273	0.0227273	0.272727	0.522727	0.0227273	0.0227273	0.0227273	0.0227273	0.0227273	0.0227273	
0.0909091	0.0909091	0.0909091	0.0909091	0.0909091	0.0909091	0.0909091	0.0909091	0.0909091	0.0909091	0.0909091	
0.0909091	0.0909091	0.0909091	0.0909091	0.0909091	0.0909091	0.0909091	0.0909091	0.0909091	0.0909091	0.0909091	
0.0454545	0.0454545	0.0454545	0.0454545	0.0454545	0.545455	0.0454545	0.0454545	0.0454545	0.0454545	0.0454545	
0.030303	0.030303	0.030303	0.030303	0.363636	0.030303	0.363636	0.030303	0.030303	0.030303	0.030303	


Vector Pi :

0.00149031	0.935917	0.0506706	0.00149031	0.00149031	0.00149031	0.00149031	0.00149031	0.00149031	0.00149031	0.00149031	


Vector Phi :

0.000897996	0.893167	0.0796452	0.0100494	0.00503786	0.00172763	0.00340692	0.000897996	0.000897996	0.00172347	0.00254895	
