
Parameters: 11 states AND 11 symbols

Matrix A :

0.0909091	0.0909091	0.0909091	0.0909091	0.0909091	0.0909091	0.0909091	0.0909091	0.0909091	0.0909091	0.0909091	
0.000185151	0.825032	0.161081	0.0103685	0.00222181	0.000185151	0.000185151	0.000185151	0.000185151	0.000185151	0.000185151	
0.000251826	0.219088	0.659532	0.116595	0.00302191	0.000251826	0.000251826	0.000251826	0.000251826	0.000251826	0.000251826	
0.000522466	0.0350052	0.22466	0.586729	0.138454	0.0120167	0.000522466	0.000522466	0.000522466	0.000522466	0.000522466	
0.00118064	0.00118064	0.0271547	0.299882	0.455726	0.157025	0.0531287	0.00118064	0.00118064	0.00118064	0.00118064	
0.002457	0.002457	0.029484	0.029484	0.380835	0.380835	0.164619	0.002457	0.002457	0.002457	0.002457	
0.00378788	0.00378788	0.00378788	0.0454545	0.00378788	0.295455	0.337121	0.253788	0.0454545	0.00378788	0.00378788	
0.00649351	0.00649351	0.00649351	0.00649351	0.0779221	0.0779221	0.363636	0.220779	0.220779	0.00649351	0.00649351	
0.0113636	0.0113636	0.0113636	0.0113636	0.0113636	0.0113636	0.0113636	0.261364	0.261364	0.386364	0.0113636	
0.00909091	0.00909091	0.00909091	0.00909091	0.00909091	0.00909091	0.00909091	0.209091	0.109091	0.509091	0.109091	
0.030303	0.030303	0.030303	0.030303	0.030303	0.030303	0.030303	0.030303	0.030303	0.363636	0.363636	


Matrix B :

0.0909091	0.0909091	0.0909091	0.0909091	0.0909091	0.0909091	0.0909091	0.0909091	0.0909091	0.0909091	0.0909091	
0.000177557	0.295099	0.310724	0.218928	0.0958807	0.0450994	0.0236151	0.00799006	0.000177557	0.00213068	0.000177557	
0.000234907	0.00798685	0.292225	0.413672	0.175946	0.0415786	0.0312427	0.0131548	0.00281889	0.0131548	0.00798685	
0.000496771	0.000496771	0.0332837	0.290114	0.339295	0.246398	0.0387481	0.0387481	0.000496771	0.0114257	0.000496771	
0.0011655	0.0011655	0.0268065	0.10373	0.244755	0.167832	0.231935	0.167832	0.0524476	0.0011655	0.0011655	
0.002331	0.002331	0.027972	0.0536131	0.130536	0.181818	0.310023	0.2331	0.0536131	0.002331	0.002331	
0.00378788	0.00378788	0.00378788	0.170455	0.170455	0.0454545	0.0871212	0.462121	0.0454545	0.00378788	0.00378788	
0.00606061	0.00606061	0.00606061	0.139394	0.339394	0.0727273	0.0727273	0.139394	0.0727273	0.139394	0.00606061	
0.0113636	0.0113636	0.0113636	0.0113636	0.261364	0.386364	0.136364	0.0113636	0.0113636	0.136364	0.0113636	
0.00909091	0.00909091	0.00909091	0.00909091	0.109091	0.409091	0.309091	0.109091	0.00909091	0.00909091	0.00909091	
0.030303	0.030303	0.030303	0.030303	0.030303	0.69697	0.030303	0.030303	0.030303	0.030303	0.030303	


Vector Pi :

0.00149031	0.345753	0.444113	0.132638	0.0178838	0.0342772	0.00149031	0.0178838	0.00149031	0.00149031	0.00149031	


Vector Phi :

0.000839791	0.407273	0.298967	0.147078	0.0649599	0.0312019	0.0202267	0.0117881	0.00673307	0.00841069	0.00252136	
