
Parameters: 11 states AND 11 symbols

Matrix A :

0.090909	0.090909	0.090909	0.090909	0.090909	0.090909	0.090909	0.090909	0.090909	0.090909	0.090909	
0.000239	0.876879	0.097351	0.013362	0.002863	0.002863	0.002863	0.000239	0.002863	0.000239	0.000239	
0.000850	0.365336	0.440102	0.150382	0.019541	0.000850	0.000850	0.010195	0.010195	0.000850	0.000850	
0.002217	0.124169	0.294900	0.319290	0.124169	0.026608	0.026608	0.026608	0.026608	0.002217	0.026608	
0.005682	0.005682	0.255682	0.255682	0.193182	0.130682	0.005682	0.068182	0.005682	0.068182	0.005682	
0.007576	0.007576	0.257576	0.007576	0.090909	0.257576	0.090909	0.090909	0.090909	0.007576	0.090909	
0.006993	0.006993	0.237762	0.006993	0.237762	0.083916	0.314685	0.083916	0.006993	0.006993	0.006993	
0.010101	0.121212	0.010101	0.010101	0.010101	0.121212	0.232323	0.232323	0.121212	0.121212	0.010101	
0.006993	0.083916	0.006993	0.083916	0.006993	0.006993	0.160839	0.083916	0.468531	0.006993	0.083916	
0.015152	0.015152	0.015152	0.015152	0.181818	0.015152	0.181818	0.015152	0.015152	0.348485	0.181818	
0.015152	0.015152	0.015152	0.181818	0.015152	0.348485	0.015152	0.015152	0.015152	0.181818	0.181818	


Matrix B :

0.090909	0.090909	0.090909	0.090909	0.090909	0.090909	0.090909	0.090909	0.090909	0.090909	0.090909	
0.000228	0.188671	0.374600	0.228872	0.095706	0.050480	0.035404	0.010279	0.007766	0.005254	0.002741	
0.000812	0.027597	0.125812	0.215097	0.304383	0.215097	0.054383	0.036526	0.018669	0.000812	0.000812	
0.002165	0.025974	0.073593	0.192641	0.240260	0.192641	0.168831	0.073593	0.025974	0.002165	0.002165	
0.004329	0.004329	0.194805	0.147186	0.290043	0.194805	0.051948	0.099567	0.004329	0.004329	0.004329	
0.007576	0.007576	0.257576	0.257576	0.007576	0.007576	0.174242	0.090909	0.007576	0.007576	0.174242	
0.006993	0.006993	0.083916	0.237762	0.314685	0.160839	0.006993	0.006993	0.006993	0.083916	0.083916	
0.010101	0.010101	0.010101	0.343434	0.121212	0.232323	0.010101	0.121212	0.010101	0.010101	0.121212	
0.006494	0.006494	0.220779	0.292208	0.292208	0.149351	0.006494	0.006494	0.006494	0.006494	0.006494	
0.015152	0.015152	0.015152	0.015152	0.515152	0.015152	0.348485	0.015152	0.015152	0.015152	0.015152	
0.012987	0.012987	0.012987	0.441558	0.298701	0.012987	0.012987	0.155844	0.012987	0.012987	0.012987	


Vector Pi :

0.002933	0.551320	0.164223	0.035191	0.131965	0.002933	0.002933	0.002933	0.067449	0.002933	0.035191	


Vector Phi :

0.001631	0.630701	0.177804	0.068241	0.028351	0.019906	0.020734	0.014654	0.018386	0.009956	0.009634	
