
Parameters: 11 states AND 11 symbols

Matrix A :

0.090909	0.090909	0.090909	0.090909	0.090909	0.090909	0.090909	0.090909	0.090909	0.090909	0.090909	
0.000280	0.824895	0.141818	0.015664	0.009510	0.003357	0.000280	0.000280	0.003357	0.000280	0.000280	
0.000784	0.397335	0.362853	0.173197	0.052508	0.000784	0.009404	0.000784	0.000784	0.000784	0.000784	
0.001399	0.124476	0.278322	0.339860	0.109091	0.047552	0.016783	0.062937	0.016783	0.001399	0.001399	
0.002755	0.002755	0.184573	0.275482	0.336088	0.123967	0.033058	0.002755	0.033058	0.002755	0.002755	
0.005348	0.005348	0.064171	0.181818	0.181818	0.299465	0.122995	0.122995	0.005348	0.005348	0.005348	
0.007576	0.090909	0.090909	0.257576	0.174242	0.007576	0.007576	0.090909	0.090909	0.007576	0.174242	
0.005682	0.005682	0.005682	0.068182	0.005682	0.130682	0.318182	0.380682	0.068182	0.005682	0.005682	
0.010101	0.121212	0.010101	0.121212	0.010101	0.121212	0.121212	0.121212	0.121212	0.232323	0.010101	
0.015152	0.015152	0.181818	0.015152	0.015152	0.015152	0.015152	0.015152	0.348485	0.348485	0.015152	
0.018182	0.018182	0.018182	0.018182	0.018182	0.018182	0.018182	0.218182	0.018182	0.218182	0.418182	


Matrix B :

0.090909	0.090909	0.090909	0.090909	0.090909	0.090909	0.090909	0.090909	0.090909	0.090909	0.090909	
0.000267	0.150267	0.223797	0.256150	0.185561	0.097326	0.053209	0.023797	0.003209	0.006150	0.000267	
0.000739	0.041390	0.163341	0.260902	0.236511	0.130820	0.082040	0.049520	0.025129	0.008869	0.000739	
0.001337	0.001337	0.177807	0.163102	0.221925	0.207219	0.074866	0.045455	0.030749	0.030749	0.045455	
0.002674	0.002674	0.061497	0.296791	0.237968	0.208556	0.032086	0.002674	0.061497	0.061497	0.032086	
0.004785	0.004785	0.057416	0.425837	0.004785	0.162679	0.110048	0.215311	0.004785	0.004785	0.004785	
0.007576	0.007576	0.090909	0.340909	0.174242	0.007576	0.257576	0.007576	0.007576	0.090909	0.007576	
0.005348	0.005348	0.005348	0.064171	0.240642	0.417112	0.064171	0.181818	0.005348	0.005348	0.005348	
0.010101	0.010101	0.010101	0.232323	0.232323	0.121212	0.121212	0.010101	0.010101	0.232323	0.010101	
0.012987	0.012987	0.298701	0.298701	0.012987	0.012987	0.012987	0.012987	0.012987	0.298701	0.012987	
0.018182	0.018182	0.018182	0.218182	0.018182	0.018182	0.018182	0.418182	0.218182	0.018182	0.018182	


Vector Pi :

0.002933	0.486804	0.228739	0.099707	0.035191	0.067449	0.002933	0.035191	0.002933	0.035191	0.002933	


Vector Phi :

0.001653	0.537190	0.191736	0.107438	0.054545	0.028099	0.019835	0.026446	0.014876	0.009917	0.008264	
