
Parameters: 11 states AND 11 symbols

Matrix A :

0.045455	0.545455	0.045455	0.045455	0.045455	0.045455	0.045455	0.045455	0.045455	0.045455	0.045455	
0.000359	0.696011	0.197988	0.051743	0.012217	0.008264	0.008264	0.000359	0.012217	0.008264	0.004312	
0.000694	0.428175	0.344205	0.145732	0.038862	0.023595	0.015961	0.000694	0.000694	0.000694	0.000694	
0.001443	0.112554	0.382395	0.191919	0.144300	0.049062	0.064935	0.049062	0.001443	0.001443	0.001443	
0.002597	0.174026	0.059740	0.231169	0.174026	0.174026	0.116883	0.031169	0.031169	0.002597	0.002597	
0.003247	0.146104	0.110390	0.146104	0.253247	0.146104	0.110390	0.003247	0.003247	0.074675	0.003247	
0.003247	0.038961	0.003247	0.003247	0.146104	0.217532	0.253247	0.038961	0.146104	0.110390	0.038961	
0.006993	0.083916	0.160839	0.083916	0.006993	0.083916	0.160839	0.160839	0.083916	0.160839	0.006993	
0.005682	0.005682	0.130682	0.318182	0.005682	0.005682	0.005682	0.130682	0.130682	0.130682	0.130682	
0.064171	0.005348	0.064171	0.005348	0.005348	0.064171	0.181818	0.064171	0.122995	0.064171	0.358289	
0.004785	0.057416	0.057416	0.004785	0.004785	0.057416	0.004785	0.057416	0.110048	0.215311	0.425837	


Matrix B :

0.045455	0.045455	0.545455	0.045455	0.045455	0.045455	0.045455	0.045455	0.045455	0.045455	0.045455	
0.000344	0.708678	0.231405	0.045799	0.007920	0.004132	0.000344	0.000344	0.000344	0.000344	0.000344	
0.000668	0.471257	0.485963	0.022727	0.015374	0.000668	0.000668	0.000668	0.000668	0.000668	0.000668	
0.001399	0.201399	0.678322	0.093706	0.016783	0.001399	0.001399	0.001399	0.001399	0.001399	0.001399	
0.002392	0.107656	0.581340	0.265550	0.028708	0.002392	0.002392	0.002392	0.002392	0.002392	0.002392	
0.003030	0.169697	0.436364	0.136364	0.136364	0.036364	0.036364	0.036364	0.003030	0.003030	0.003030	
0.003030	0.069697	0.436364	0.203030	0.269697	0.003030	0.003030	0.003030	0.003030	0.003030	0.003030	
0.006494	0.149351	0.435065	0.220779	0.006494	0.149351	0.006494	0.006494	0.006494	0.006494	0.006494	
0.005682	0.130682	0.505682	0.193182	0.130682	0.005682	0.005682	0.005682	0.005682	0.005682	0.005682	
0.005051	0.282828	0.393939	0.171717	0.060606	0.005051	0.005051	0.005051	0.005051	0.060606	0.005051	
0.004132	0.140496	0.140496	0.322314	0.140496	0.049587	0.004132	0.004132	0.095041	0.004132	0.095041	


Vector Pi :

0.002933	0.325513	0.164223	0.067449	0.099707	0.067449	0.067449	0.067449	0.002933	0.035191	0.099707	


Vector Phi :

0.003239	0.423035	0.217068	0.103980	0.057623	0.045808	0.045593	0.019313	0.026017	0.027461	0.030864	
