
Parameters: 11 states AND 11 symbols

Matrix A :

0.0909091	0.0909091	0.0909091	0.0909091	0.0909091	0.0909091	0.0909091	0.0909091	0.0909091	0.0909091	0.0909091	
0.000101916	0.959743	0.0370974	0.00122299	0.00122299	0.000101916	0.000101916	0.000101916	0.000101916	0.000101916	0.000101916	
0.000437063	0.159091	0.803322	0.0340909	0.000437063	0.000437063	0.000437063	0.000437063	0.000437063	0.000437063	0.000437063	
0.00324675	0.038961	0.253247	0.538961	0.11039	0.038961	0.00324675	0.00324675	0.00324675	0.00324675	0.00324675	
0.00568182	0.00568182	0.00568182	0.193182	0.568182	0.193182	0.00568182	0.00568182	0.00568182	0.00568182	0.00568182	
0.00505051	0.00505051	0.0606061	0.00505051	0.116162	0.616162	0.0606061	0.0606061	0.00505051	0.0606061	0.00505051	
0.0227273	0.0227273	0.0227273	0.272727	0.0227273	0.272727	0.0227273	0.0227273	0.272727	0.0227273	0.0227273	
0.012987	0.012987	0.012987	0.012987	0.012987	0.012987	0.298701	0.298701	0.298701	0.012987	0.012987	
0.010101	0.010101	0.010101	0.010101	0.010101	0.010101	0.010101	0.343434	0.232323	0.121212	0.232323	
0.010101	0.010101	0.010101	0.010101	0.010101	0.121212	0.010101	0.010101	0.343434	0.232323	0.232323	
0.0113636	0.0113636	0.0113636	0.0113636	0.0113636	0.0113636	0.0113636	0.0113636	0.0113636	0.511364	0.386364	


Matrix B :

0.0909091	0.0909091	0.0909091	0.0909091	0.0909091	0.0909091	0.0909091	0.0909091	0.0909091	0.0909091	0.0909091	
9.70214e-05	0.105753	0.291452	0.295721	0.210342	0.0609295	0.0161056	0.00756767	0.00650044	0.00116426	0.00436596	
0.00041511	0.00041511	0.0232462	0.0871731	0.251557	0.310917	0.183064	0.0917393	0.0278124	0.0232462	0.00041511	
0.0031348	0.0031348	0.0031348	0.0031348	0.31348	0.210031	0.31348	0.106583	0.0031348	0.0031348	0.0376176	
0.00568182	0.00568182	0.00568182	0.00568182	0.0681818	0.318182	0.380682	0.193182	0.00568182	0.00568182	0.00568182	
0.00478469	0.00478469	0.00478469	0.00478469	0.373206	0.0574163	0.215311	0.215311	0.110048	0.00478469	0.00478469	
0.0181818	0.0181818	0.0181818	0.0181818	0.418182	0.0181818	0.0181818	0.0181818	0.0181818	0.418182	0.0181818	
0.012987	0.012987	0.012987	0.012987	0.155844	0.584416	0.012987	0.012987	0.155844	0.012987	0.012987	
0.010101	0.010101	0.010101	0.010101	0.121212	0.565657	0.010101	0.121212	0.121212	0.010101	0.010101	
0.00909091	0.00909091	0.00909091	0.00909091	0.00909091	0.809091	0.00909091	0.109091	0.00909091	0.00909091	0.00909091	
0.0113636	0.0113636	0.0113636	0.0113636	0.0113636	0.386364	0.261364	0.261364	0.0113636	0.0113636	0.0113636	


Vector Pi :

0.00149031	0.755589	0.165425	0.0178838	0.00149031	0.0178838	0.0178838	0.00149031	0.00149031	0.0178838	0.00149031	


Vector Phi :

0.000851791	0.737468	0.177265	0.0238017	0.013578	0.0153512	0.00341894	0.00599139	0.00770879	0.00770989	0.00685589	
