
Parameters: 11 states AND 11 symbols

Matrix A :

0.0909091	0.0909091	0.0909091	0.0909091	0.0909091	0.0909091	0.0909091	0.0909091	0.0909091	0.0909091	0.0909091	
0.000203832	0.787199	0.188545	0.0203832	0.00244598	0.000203832	0.000203832	0.000203832	0.000203832	0.000203832	0.000203832	
0.000268168	0.265755	0.57254	0.147761	0.0120676	0.000268168	0.000268168	0.000268168	0.000268168	0.000268168	0.000268168	
0.000443459	0.0199557	0.268736	0.532151	0.156541	0.0150776	0.00532151	0.000443459	0.000443459	0.000443459	0.000443459	
0.00090009	0.00090009	0.0405041	0.347435	0.387039	0.189019	0.0207021	0.0108011	0.00090009	0.00090009	0.00090009	
0.00162338	0.00162338	0.0373377	0.0194805	0.376623	0.448052	0.108766	0.00162338	0.00162338	0.00162338	0.00162338	
0.00363636	0.00363636	0.00363636	0.00363636	0.123636	0.283636	0.283636	0.163636	0.123636	0.00363636	0.00363636	
0.010101	0.010101	0.010101	0.010101	0.010101	0.010101	0.454545	0.121212	0.232323	0.121212	0.010101	
0.00826446	0.00826446	0.00826446	0.00826446	0.00826446	0.00826446	0.371901	0.0991736	0.280992	0.190083	0.00826446	
0.0151515	0.0151515	0.0151515	0.0151515	0.0151515	0.0151515	0.0151515	0.181818	0.181818	0.181818	0.348485	
0.0151515	0.0151515	0.0151515	0.0151515	0.0151515	0.0151515	0.0151515	0.0151515	0.181818	0.181818	0.515152	


Matrix B :

0.0909091	0.0909091	0.0909091	0.0909091	0.0909091	0.0909091	0.0909091	0.0909091	0.0909091	0.0909091	0.0909091	
0.000192197	0.330002	0.298289	0.188353	0.0974438	0.0424755	0.023448	0.0192197	0.000192197	0.000192197	0.000192197	
0.000258264	0.0343492	0.346849	0.315599	0.147986	0.0968492	0.0371901	0.0173037	0.00309917	0.000258264	0.000258264	
0.000426803	0.0145113	0.0708493	0.305591	0.310286	0.164746	0.0755442	0.0192061	0.0285958	0.00512164	0.00512164	
0.000849618	0.000849618	0.0475786	0.159728	0.262532	0.206457	0.225149	0.0382328	0.028887	0.0101954	0.0195412	
0.0015674	0.0015674	0.0188088	0.0360502	0.225705	0.311912	0.191223	0.0877743	0.0705329	0.0360502	0.0188088	
0.00324675	0.00324675	0.038961	0.038961	0.11039	0.146104	0.288961	0.217532	0.0746753	0.038961	0.038961	
0.00909091	0.00909091	0.00909091	0.209091	0.00909091	0.00909091	0.209091	0.00909091	0.309091	0.209091	0.00909091	
0.00826446	0.00826446	0.00826446	0.0991736	0.00826446	0.0991736	0.190083	0.0991736	0.0991736	0.0991736	0.280992	
0.0151515	0.0151515	0.0151515	0.0151515	0.0151515	0.0151515	0.0151515	0.348485	0.348485	0.0151515	0.181818	
0.0151515	0.0151515	0.0151515	0.0151515	0.0151515	0.0151515	0.0151515	0.0151515	0.0151515	0.348485	0.515152	


Vector Pi :

0.00149031	0.444113	0.198212	0.132638	0.099851	0.0506706	0.0506706	0.0178838	0.00149031	0.00149031	0.00149031	


Vector Phi :

0.000813303	0.373428	0.284071	0.169731	0.0821009	0.0439919	0.0200382	0.00725225	0.00886544	0.0048491	0.00485937	
