
Parameters: 11 states AND 11 symbols

Matrix A :

0.0909091	0.0909091	0.0909091	0.0909091	0.0909091	0.0909091	0.0909091	0.0909091	0.0909091	0.0909091	0.0909091	
0.000172503	0.68708	0.254442	0.0476108	0.00776264	0.000172503	0.00207004	0.000172503	0.000172503	0.000172503	0.000172503	
0.000264271	0.352008	0.395613	0.209567	0.032241	0.0089852	0.000264271	0.000264271	0.000264271	0.000264271	0.000264271	
0.000488759	0.194037	0.285435	0.301564	0.161779	0.0488759	0.0058651	0.000488759	0.000488759	0.000488759	0.000488759	
0.00121212	0.0678788	0.174545	0.321212	0.214545	0.0945455	0.0545455	0.0678788	0.00121212	0.00121212	0.00121212	
0.0026738	0.0614973	0.120321	0.26738	0.179144	0.149733	0.149733	0.0320856	0.0026738	0.0026738	0.0320856	
0.004329	0.004329	0.0995671	0.004329	0.194805	0.290043	0.242424	0.0995671	0.0519481	0.004329	0.004329	
0.00699301	0.00699301	0.0839161	0.00699301	0.160839	0.160839	0.314685	0.160839	0.00699301	0.0839161	0.00699301	
0.030303	0.030303	0.030303	0.030303	0.030303	0.030303	0.030303	0.363636	0.363636	0.030303	0.030303	
0.030303	0.030303	0.030303	0.030303	0.363636	0.030303	0.030303	0.363636	0.030303	0.030303	0.030303	
0.0454545	0.0454545	0.0454545	0.0454545	0.0454545	0.0454545	0.0454545	0.0454545	0.0454545	0.545455	0.0454545	


Matrix B :

0.0909091	0.0909091	0.0909091	0.0909091	0.0909091	0.0909091	0.0909091	0.0909091	0.0909091	0.0909091	0.0909091	
0.000162628	0.452757	0.357944	0.111075	0.0377297	0.0198406	0.012685	0.00552935	0.00195154	0.000162628	0.000162628	
0.00025113	0.0389252	0.549975	0.270969	0.0748368	0.0334003	0.0195881	0.00577599	0.00577599	0.00025113	0.00025113	
0.000473485	0.000473485	0.125473	0.526515	0.250473	0.0473485	0.0317235	0.0160985	0.000473485	0.000473485	0.000473485	
0.0011655	0.0011655	0.039627	0.296037	0.449883	0.10373	0.0524476	0.0268065	0.013986	0.0011655	0.013986	
0.0026738	0.0026738	0.0026738	0.0320856	0.179144	0.44385	0.208556	0.0909091	0.0320856	0.0026738	0.0026738	
0.004329	0.004329	0.004329	0.0995671	0.0995671	0.194805	0.147186	0.194805	0.147186	0.004329	0.0995671	
0.00699301	0.00699301	0.00699301	0.0839161	0.237762	0.314685	0.160839	0.0839161	0.00699301	0.00699301	0.0839161	
0.0227273	0.0227273	0.0227273	0.0227273	0.0227273	0.272727	0.522727	0.0227273	0.0227273	0.0227273	0.0227273	
0.030303	0.030303	0.030303	0.030303	0.030303	0.030303	0.030303	0.363636	0.363636	0.030303	0.030303	
0.0454545	0.0454545	0.0454545	0.0454545	0.0454545	0.0454545	0.0454545	0.0454545	0.0454545	0.0454545	0.545455	


Vector Pi :

0.00149031	0.52608	0.296572	0.0834575	0.0506706	0.0178838	0.00149031	0.00149031	0.0178838	0.00149031	0.00149031	


Vector Phi :

0.000817801	0.436496	0.284847	0.154673	0.0618677	0.0270616	0.0171	0.0106329	0.00244813	0.00244258	0.00161373	
