
Parameters: 11 states AND 11 symbols

Matrix A :

0.0909091	0.0909091	0.0909091	0.0909091	0.0909091	0.0909091	0.0909091	0.0909091	0.0909091	0.0909091	0.0909091	
8.3022e-05	0.964467	0.0311333	0.00282275	0.000996264	8.3022e-05	8.3022e-05	8.3022e-05	8.3022e-05	8.3022e-05	8.3022e-05	
0.00118064	0.429752	0.442739	0.0661157	0.0271547	0.00118064	0.0141677	0.00118064	0.00118064	0.00118064	0.0141677	
0.00826446	0.00826446	0.46281	0.00826446	0.371901	0.0991736	0.00826446	0.00826446	0.00826446	0.00826446	0.00826446	
0.00826446	0.371901	0.0991736	0.190083	0.0991736	0.190083	0.00826446	0.00826446	0.00826446	0.00826446	0.00826446	
0.0227273	0.0227273	0.272727	0.0227273	0.272727	0.0227273	0.0227273	0.0227273	0.0227273	0.272727	0.0227273	
0.0454545	0.0454545	0.0454545	0.0454545	0.0454545	0.0454545	0.0454545	0.0454545	0.545455	0.0454545	0.0454545	
0.0909091	0.0909091	0.0909091	0.0909091	0.0909091	0.0909091	0.0909091	0.0909091	0.0909091	0.0909091	0.0909091	
0.0454545	0.0454545	0.545455	0.0454545	0.0454545	0.0454545	0.0454545	0.0454545	0.0454545	0.0454545	0.0454545	
0.0454545	0.0454545	0.0454545	0.0454545	0.545455	0.0454545	0.0454545	0.0454545	0.0454545	0.0454545	0.0454545	
0.030303	0.363636	0.030303	0.030303	0.030303	0.030303	0.030303	0.030303	0.030303	0.030303	0.363636	


Matrix B :

0.0909091	0.0909091	0.0909091	0.0909091	0.0909091	0.0909091	0.0909091	0.0909091	0.0909091	0.0909091	0.0909091	
7.88457e-05	0.36955	0.41465	0.163999	0.0382402	0.0122211	0.000946148	7.88457e-05	7.88457e-05	7.88457e-05	7.88457e-05	
0.00115075	0.00115075	0.0264672	0.266974	0.393556	0.191024	0.0391254	0.0391254	0.0391254	0.00115075	0.00115075	
0.00826446	0.00826446	0.00826446	0.00826446	0.00826446	0.00826446	0.280992	0.46281	0.190083	0.00826446	0.00826446	
0.00826446	0.00826446	0.00826446	0.0991736	0.0991736	0.00826446	0.00826446	0.190083	0.0991736	0.0991736	0.371901	
0.0227273	0.0227273	0.0227273	0.0227273	0.0227273	0.0227273	0.272727	0.0227273	0.272727	0.0227273	0.272727	
0.0454545	0.0454545	0.0454545	0.0454545	0.0454545	0.0454545	0.0454545	0.0454545	0.545455	0.0454545	0.0454545	
0.0909091	0.0909091	0.0909091	0.0909091	0.0909091	0.0909091	0.0909091	0.0909091	0.0909091	0.0909091	0.0909091	
0.0454545	0.0454545	0.0454545	0.0454545	0.0454545	0.545455	0.0454545	0.0454545	0.0454545	0.0454545	0.0454545	
0.0454545	0.0454545	0.0454545	0.0454545	0.0454545	0.0454545	0.545455	0.0454545	0.0454545	0.0454545	0.0454545	
0.030303	0.030303	0.030303	0.030303	0.030303	0.363636	0.030303	0.030303	0.363636	0.030303	0.030303	


Vector Pi :

0.00149031	0.95231	0.0342772	0.00149031	0.00149031	0.00149031	0.00149031	0.00149031	0.00149031	0.00149031	0.00149031	


Vector Phi :

0.00082713	0.905707	0.063689	0.00909843	0.00909843	0.00330852	0.00165426	0.00082713	0.00165426	0.00165426	0.00248139	
