
Parameters: 11 states AND 11 symbols

Matrix A :

0.090909	0.090909	0.090909	0.090909	0.090909	0.090909	0.090909	0.090909	0.090909	0.090909	0.090909	
0.000645	0.667311	0.248872	0.050290	0.007737	0.000645	0.000645	0.014829	0.000645	0.000645	0.007737	
0.000623	0.226650	0.528020	0.144458	0.062267	0.014321	0.007472	0.007472	0.000623	0.007472	0.000623	
0.000999	0.099900	0.242757	0.374625	0.198801	0.022977	0.011988	0.011988	0.011988	0.011988	0.011988	
0.001318	0.030303	0.059289	0.349144	0.276680	0.218709	0.030303	0.015810	0.015810	0.001318	0.001318	
0.001976	0.023715	0.045455	0.045455	0.349802	0.306324	0.132411	0.045455	0.023715	0.023715	0.001976	
0.003953	0.003953	0.090909	0.047431	0.177866	0.177866	0.221344	0.221344	0.047431	0.003953	0.003953	
0.002755	0.002755	0.002755	0.033058	0.033058	0.214876	0.063361	0.457300	0.093664	0.063361	0.033058	
0.005682	0.005682	0.068182	0.005682	0.005682	0.005682	0.255682	0.068182	0.318182	0.193182	0.068182	
0.004545	0.004545	0.004545	0.004545	0.004545	0.104545	0.054545	0.154545	0.154545	0.304545	0.204545	
0.004785	0.057416	0.057416	0.004785	0.004785	0.004785	0.004785	0.057416	0.004785	0.267943	0.531100	


Matrix B :

0.090909	0.090909	0.090909	0.090909	0.090909	0.090909	0.090909	0.090909	0.090909	0.090909	0.090909	
0.000627	0.145455	0.421317	0.228213	0.138558	0.055799	0.007524	0.000627	0.000627	0.000627	0.000627	
0.000594	0.046346	0.281640	0.268568	0.196673	0.144385	0.039810	0.013666	0.007130	0.000594	0.000594	
0.000918	0.011019	0.273646	0.273646	0.213039	0.091827	0.051423	0.011019	0.041322	0.011019	0.021120	
0.001263	0.015152	0.084596	0.237374	0.181818	0.265152	0.112374	0.042929	0.001263	0.015152	0.042929	
0.001855	0.022263	0.083488	0.165121	0.185529	0.226345	0.165121	0.083488	0.022263	0.022263	0.022263	
0.003953	0.003953	0.047431	0.134387	0.090909	0.482213	0.177866	0.003953	0.003953	0.003953	0.047431	
0.002597	0.002597	0.059740	0.088312	0.145455	0.174026	0.345455	0.088312	0.031169	0.002597	0.059740	
0.005051	0.005051	0.005051	0.227273	0.171717	0.171717	0.060606	0.227273	0.116162	0.005051	0.005051	
0.004545	0.004545	0.004545	0.254545	0.204545	0.254545	0.204545	0.054545	0.004545	0.004545	0.004545	
0.004545	0.004545	0.104545	0.104545	0.354545	0.104545	0.154545	0.104545	0.054545	0.004545	0.004545	


Vector Pi :

0.002933	0.131965	0.260997	0.260997	0.099707	0.067449	0.002933	0.067449	0.067449	0.002933	0.035191	


Vector Phi :

0.001667	0.230617	0.237181	0.150327	0.115377	0.079174	0.038745	0.055169	0.026785	0.033353	0.031605	
