
Parameters: 11 states AND 11 symbols

Matrix A :

0.0909091	0.0909091	0.0909091	0.0909091	0.0909091	0.0909091	0.0909091	0.0909091	0.0909091	0.0909091	0.0909091	
0.000259	0.809376	0.182595	0.00595701	0.000259	0.000259	0.000259	0.000259	0.000259	0.000259	0.000259	
0.000317864	0.220598	0.612206	0.157661	0.00731087	0.000317864	0.000317864	0.000317864	0.000317864	0.000317864	0.000317864	
0.000496771	0.0168902	0.246398	0.530551	0.186289	0.0168902	0.000496771	0.000496771	0.000496771	0.000496771	0.000496771	
0.000541126	0.000541126	0.0124459	0.220779	0.57197	0.191017	0.000541126	0.000541126	0.000541126	0.000541126	0.000541126	
0.000635728	0.000635728	0.000635728	0.00762873	0.238398	0.650985	0.0915448	0.00762873	0.000635728	0.000635728	0.000635728	
0.00284091	0.00284091	0.00284091	0.00284091	0.00284091	0.377841	0.440341	0.127841	0.0340909	0.00284091	0.00284091	
0.00478469	0.00478469	0.00478469	0.00478469	0.00478469	0.110048	0.215311	0.583732	0.0574163	0.00478469	0.00478469	
0.0227273	0.0227273	0.0227273	0.0227273	0.0227273	0.0227273	0.0227273	0.272727	0.0227273	0.522727	0.0227273	
0.0151515	0.0151515	0.0151515	0.0151515	0.0151515	0.0151515	0.0151515	0.181818	0.181818	0.0151515	0.515152	
0.012987	0.012987	0.012987	0.012987	0.012987	0.012987	0.012987	0.012987	0.012987	0.441558	0.441558	


Matrix B :

0.0909091	0.0909091	0.0909091	0.0909091	0.0909091	0.0909091	0.0909091	0.0909091	0.0909091	0.0909091	0.0909091	
0.000247709	0.338122	0.275452	0.161011	0.10924	0.0574684	0.0220461	0.0274957	0.0084221	0.000247709	0.000247709	
0.000302024	0.136515	0.392329	0.176382	0.106614	0.103292	0.0501359	0.0202356	0.0135911	0.000302024	0.000302024	
0.000473485	0.000473485	0.307765	0.266098	0.156723	0.120265	0.0629735	0.0473485	0.0108902	0.0213068	0.00568182	
0.000513611	0.000513611	0.130457	0.424242	0.203903	0.153056	0.0683102	0.00616333	0.000513611	0.00616333	0.00616333	
0.000602047	0.000602047	0.0204696	0.351595	0.331728	0.166165	0.0866948	0.0270921	0.0138471	0.000602047	0.000602047	
0.00275482	0.00275482	0.00275482	0.305785	0.426997	0.184573	0.0330579	0.0330579	0.00275482	0.00275482	0.00275482	
0.00454545	0.00454545	0.00454545	0.00454545	0.504545	0.104545	0.0545455	0.0545455	0.154545	0.104545	0.00454545	
0.0227273	0.0227273	0.0227273	0.0227273	0.272727	0.272727	0.0227273	0.0227273	0.0227273	0.272727	0.0227273	
0.012987	0.012987	0.012987	0.012987	0.155844	0.584416	0.012987	0.012987	0.155844	0.012987	0.012987	
0.012987	0.012987	0.012987	0.012987	0.012987	0.298701	0.298701	0.155844	0.155844	0.012987	0.012987	


Vector Pi :

0.00149031	0.263785	0.230999	0.149031	0.165425	0.132638	0.0178838	0.0178838	0.00149031	0.0178838	0.00149031	


Vector Phi :

0.000825136	0.296561	0.241954	0.152035	0.136435	0.116525	0.0261234	0.0155562	0.00328332	0.0049377	0.00576493	
