
Parameters: 11 states AND 11 symbols

Matrix A :

0.0909091	0.0909091	0.0909091	0.0909091	0.0909091	0.0909091	0.0909091	0.0909091	0.0909091	0.0909091	0.0909091	
0.000273	0.793066	0.195468	0.00928201	0.000273	0.000273	0.000273	0.000273	0.000273	0.000273	0.000273	
0.000305064	0.221782	0.597621	0.171446	0.00701647	0.000305064	0.000305064	0.000305064	0.000305064	0.000305064	0.000305064	
0.000441306	0.01015	0.238305	0.563548	0.16549	0.0198588	0.000441306	0.000441306	0.000441306	0.000441306	0.000441306	
0.000733138	0.000733138	0.0329912	0.274927	0.460411	0.218475	0.00879765	0.000733138	0.000733138	0.000733138	0.000733138	
0.000874126	0.000874126	0.000874126	0.0104895	0.27972	0.52972	0.15472	0.0201049	0.000874126	0.000874126	0.000874126	
0.0012987	0.0012987	0.0012987	0.0012987	0.0155844	0.215584	0.644156	0.115584	0.0012987	0.0012987	0.0012987	
0.003367	0.003367	0.003367	0.003367	0.003367	0.114478	0.262626	0.299663	0.299663	0.003367	0.003367	
0.00324675	0.00324675	0.00324675	0.00324675	0.00324675	0.00324675	0.00324675	0.288961	0.61039	0.038961	0.038961	
0.0181818	0.0181818	0.0181818	0.0181818	0.0181818	0.0181818	0.0181818	0.0181818	0.418182	0.418182	0.0181818	
0.0227273	0.0227273	0.0227273	0.0227273	0.0227273	0.0227273	0.0227273	0.0227273	0.0227273	0.272727	0.522727	


Matrix B :

0.0909091	0.0909091	0.0909091	0.0909091	0.0909091	0.0909091	0.0909091	0.0909091	0.0909091	0.0909091	0.0909091	
0.000258264	0.315599	0.219008	0.187758	0.125258	0.0826446	0.0428719	0.0229855	0.00309917	0.000258264	0.000258264	
0.000291375	0.138112	0.372086	0.240676	0.144522	0.0804196	0.0131119	0.00670163	0.000291375	0.000291375	0.0034965	
0.000418936	0.000418936	0.530373	0.189359	0.147884	0.0971931	0.0234604	0.000418936	0.00502723	0.000418936	0.00502723	
0.000710227	0.000710227	0.25071	0.360085	0.21946	0.0866477	0.0632102	0.000710227	0.0163352	0.000710227	0.000710227	
0.000819001	0.000819001	0.00982801	0.469287	0.244062	0.190008	0.0638821	0.00982801	0.00982801	0.000819001	0.000819001	
0.00126263	0.00126263	0.00126263	0.126263	0.390152	0.431818	0.0151515	0.0151515	0.0151515	0.00126263	0.00126263	
0.0031348	0.0031348	0.0031348	0.0031348	0.485893	0.416928	0.0721003	0.0031348	0.0031348	0.0031348	0.0031348	
0.0031348	0.0031348	0.0031348	0.0031348	0.451411	0.31348	0.210031	0.0031348	0.0031348	0.0031348	0.0031348	
0.0181818	0.0181818	0.0181818	0.0181818	0.0181818	0.0181818	0.218182	0.618182	0.0181818	0.0181818	0.0181818	
0.0227273	0.0227273	0.0227273	0.0227273	0.0227273	0.0227273	0.272727	0.522727	0.0227273	0.0227273	0.0227273	


Vector Pi :

0.00149031	0.312966	0.247392	0.181818	0.0670641	0.099851	0.0342772	0.0342772	0.0178838	0.00149031	0.00149031	


Vector Phi :

0.000849766	0.272479	0.243645	0.171056	0.105257	0.090673	0.0607985	0.0233729	0.0241602	0.00428265	0.00342597	
