
Parameters: 11 states AND 11 symbols

Matrix A :

0.0909091	0.0909091	0.0909091	0.0909091	0.0909091	0.0909091	0.0909091	0.0909091	0.0909091	0.0909091	0.0909091	
0.000185529	0.745083	0.220594	0.0307978	0.000185529	0.00222635	0.000185529	0.000185529	0.000185529	0.000185529	0.000185529	
0.000257533	0.297708	0.549833	0.116405	0.0200876	0.00875612	0.00592326	0.000257533	0.000257533	0.000257533	0.000257533	
0.000516529	0.0857438	0.227789	0.494835	0.13688	0.0402893	0.00619835	0.00619835	0.000516529	0.000516529	0.000516529	
0.00106952	0.0363636	0.118717	0.306952	0.354011	0.130481	0.0363636	0.0128342	0.00106952	0.00106952	0.00106952	
0.00221729	0.0266075	0.0266075	0.124169	0.392461	0.221729	0.148559	0.0509978	0.00221729	0.00221729	0.00221729	
0.00363636	0.00363636	0.00363636	0.0436364	0.163636	0.203636	0.243636	0.243636	0.0836364	0.00363636	0.00363636	
0.00478469	0.00478469	0.00478469	0.00478469	0.110048	0.215311	0.215311	0.215311	0.162679	0.00478469	0.0574163	
0.0113636	0.0113636	0.0113636	0.0113636	0.0113636	0.0113636	0.136364	0.511364	0.136364	0.0113636	0.136364	
0.0454545	0.0454545	0.0454545	0.0454545	0.0454545	0.0454545	0.545455	0.0454545	0.0454545	0.0454545	0.0454545	
0.0181818	0.0181818	0.0181818	0.0181818	0.0181818	0.0181818	0.0181818	0.0181818	0.218182	0.218182	0.418182	


Matrix B :

0.0909091	0.0909091	0.0909091	0.0909091	0.0909091	0.0909091	0.0909091	0.0909091	0.0909091	0.0909091	0.0909091	
0.000176866	0.317297	0.410683	0.185002	0.048815	0.0137955	0.00795897	0.0137955	0.000176866	0.000176866	0.00212239	
0.000242424	0.0162424	0.450909	0.333576	0.122909	0.0429091	0.0162424	0.000242424	0.00557576	0.00824242	0.00290909	
0.000494071	0.000494071	0.0711462	0.457016	0.310277	0.076581	0.0548419	0.0167984	0.0113636	0.000494071	0.000494071	
0.0010101	0.0010101	0.0010101	0.112121	0.345455	0.312121	0.156566	0.0343434	0.0121212	0.0232323	0.0010101	
0.0021645	0.0021645	0.0021645	0.0021645	0.287879	0.383117	0.0735931	0.168831	0.0497835	0.025974	0.0021645	
0.00363636	0.00363636	0.00363636	0.00363636	0.0436364	0.203636	0.323636	0.123636	0.163636	0.123636	0.00363636	
0.00478469	0.00478469	0.00478469	0.00478469	0.00478469	0.00478469	0.267943	0.478469	0.110048	0.110048	0.00478469	
0.0113636	0.0113636	0.0113636	0.0113636	0.0113636	0.0113636	0.0113636	0.386364	0.386364	0.0113636	0.136364	
0.0454545	0.0454545	0.0454545	0.0454545	0.0454545	0.0454545	0.545455	0.0454545	0.0454545	0.0454545	0.0454545	
0.0181818	0.0181818	0.0181818	0.0181818	0.0181818	0.0181818	0.0181818	0.218182	0.618182	0.0181818	0.0181818	


Vector Pi :

0.00149031	0.394933	0.345753	0.132638	0.099851	0.0178838	0.00149031	0.00149031	0.00149031	0.00149031	0.00149031	


Vector Phi :

0.000822929	0.408192	0.294728	0.145394	0.0688265	0.0336139	0.0205157	0.0155878	0.00656784	0.00164437	0.0041072	
