
Parameters: 11 states AND 11 symbols

Matrix A :

0.0909091	0.0909091	0.0909091	0.0909091	0.0909091	0.0909091	0.0909091	0.0909091	0.0909091	0.0909091	0.0909091	
0.000131182	0.842844	0.142988	0.0116752	0.00157418	0.000131182	0.000131182	0.000131182	0.000131182	0.000131182	0.000131182	
0.000284091	0.315909	0.553409	0.0971591	0.0221591	0.00965909	0.000284091	0.000284091	0.000284091	0.000284091	0.000284091	
0.000819001	0.027846	0.307125	0.550369	0.0548731	0.036855	0.000819001	0.000819001	0.000819001	0.018837	0.000819001	
0.00293255	0.0674487	0.196481	0.293255	0.260997	0.131965	0.0351906	0.00293255	0.00293255	0.00293255	0.00293255	
0.00478469	0.00478469	0.110048	0.00478469	0.320574	0.215311	0.320574	0.00478469	0.00478469	0.00478469	0.00478469	
0.00699301	0.00699301	0.00699301	0.0839161	0.160839	0.237762	0.314685	0.0839161	0.0839161	0.00699301	0.00699301	
0.0151515	0.181818	0.181818	0.0151515	0.0151515	0.0151515	0.181818	0.181818	0.181818	0.0151515	0.0151515	
0.0151515	0.0151515	0.0151515	0.0151515	0.0151515	0.0151515	0.0151515	0.348485	0.348485	0.0151515	0.181818	
0.030303	0.030303	0.030303	0.030303	0.030303	0.030303	0.030303	0.363636	0.363636	0.030303	0.030303	
0.0454545	0.0454545	0.0454545	0.545455	0.0454545	0.0454545	0.0454545	0.0454545	0.0454545	0.0454545	0.0454545	


Matrix B :

0.0909091	0.0909091	0.0909091	0.0909091	0.0909091	0.0909091	0.0909091	0.0909091	0.0909091	0.0909091	0.0909091	
0.000124363	0.277826	0.405049	0.246362	0.0439	0.0151722	0.00970029	0.000124363	0.00149235	0.000124363	0.000124363	
0.00027137	0.00624152	0.12863	0.298779	0.32863	0.14654	0.0510176	0.027137	0.00325645	0.00922659	0.00027137	
0.000797448	0.00956938	0.0271132	0.106061	0.211324	0.307815	0.158692	0.114833	0.0446571	0.0183413	0.000797448	
0.00275482	0.00275482	0.00275482	0.184573	0.123967	0.245179	0.15427	0.184573	0.0330579	0.0633609	0.00275482	
0.004329	0.004329	0.004329	0.004329	0.194805	0.194805	0.147186	0.147186	0.147186	0.147186	0.004329	
0.00699301	0.00699301	0.00699301	0.00699301	0.00699301	0.0839161	0.391608	0.160839	0.160839	0.00699301	0.160839	
0.0151515	0.0151515	0.0151515	0.0151515	0.181818	0.515152	0.0151515	0.0151515	0.0151515	0.181818	0.0151515	
0.0151515	0.0151515	0.0151515	0.181818	0.348485	0.181818	0.181818	0.0151515	0.0151515	0.0151515	0.0151515	
0.030303	0.030303	0.030303	0.363636	0.030303	0.363636	0.030303	0.030303	0.030303	0.030303	0.030303	
0.0454545	0.0454545	0.545455	0.0454545	0.0454545	0.0454545	0.0454545	0.0454545	0.0454545	0.0454545	0.0454545	


Vector Pi :

0.00149031	0.640835	0.247392	0.0342772	0.0342772	0.0342772	0.00149031	0.00149031	0.00149031	0.00149031	0.00149031	


Vector Phi :

0.000839691	0.57156	0.266111	0.0942454	0.0260198	0.0159724	0.0109272	0.00505237	0.00505237	0.00253781	0.00168175	
