
Parameters: 11 states AND 11 symbols

Matrix A :

0.0454545	0.0454545	0.0454545	0.0454545	0.0454545	0.0454545	0.0454545	0.0454545	0.0454545	0.545455	0.0454545	
0.000198491	0.733823	0.211989	0.04605	0.0023819	0.0045653	0.000198491	0.000198491	0.000198491	0.000198491	0.000198491	
0.000265041	0.303472	0.501723	0.148953	0.0352505	0.0090114	0.000265041	0.000265041	0.000265041	0.000265041	0.000265041	
0.000471032	0.0730099	0.321715	0.389072	0.181818	0.0315591	0.000471032	0.000471032	0.000471032	0.000471032	0.000471032	
0.000865801	0.0294372	0.0770563	0.343723	0.381818	0.134199	0.0199134	0.0103896	0.000865801	0.000865801	0.000865801	
0.0015674	0.0188088	0.0532915	0.15674	0.208464	0.363636	0.105016	0.0360502	0.0188088	0.0360502	0.0015674	
0.00568182	0.00568182	0.00568182	0.00568182	0.0681818	0.380682	0.318182	0.130682	0.0681818	0.00568182	0.00568182	
0.00909091	0.00909091	0.00909091	0.00909091	0.309091	0.109091	0.209091	0.109091	0.209091	0.00909091	0.00909091	
0.0113636	0.0113636	0.0113636	0.0113636	0.0113636	0.261364	0.0113636	0.136364	0.0113636	0.386364	0.136364	
0.010101	0.010101	0.010101	0.010101	0.010101	0.121212	0.010101	0.232323	0.343434	0.121212	0.121212	
0.363636	0.030303	0.030303	0.030303	0.030303	0.030303	0.030303	0.030303	0.030303	0.363636	0.030303	


Matrix B :

0.0454545	0.0454545	0.0454545	0.0454545	0.0454545	0.0454545	0.0454545	0.0454545	0.0454545	0.545455	0.0454545	
0.000185151	0.307721	0.376967	0.179411	0.0612849	0.042955	0.0225884	0.00629513	0.00222181	0.000185151	0.000185151	
0.000253229	0.00860977	0.337301	0.337301	0.206381	0.0643201	0.0392504	0.00582426	0.000253229	0.000253229	0.000253229	
0.000461467	0.000461467	0.0258422	0.340563	0.350715	0.188279	0.0461467	0.0309183	0.00553761	0.00553761	0.00553761	
0.000849618	0.000849618	0.000849618	0.103653	0.402719	0.271878	0.17842	0.028887	0.000849618	0.0101954	0.000849618	
0.00146628	0.00146628	0.00146628	0.00146628	0.11437	0.324047	0.259531	0.146628	0.0982405	0.0337243	0.0175953	
0.00568182	0.00568182	0.00568182	0.00568182	0.00568182	0.0681818	0.318182	0.443182	0.00568182	0.130682	0.00568182	
0.00909091	0.00909091	0.00909091	0.00909091	0.00909091	0.00909091	0.409091	0.309091	0.209091	0.00909091	0.00909091	
0.0113636	0.0113636	0.0113636	0.0113636	0.0113636	0.0113636	0.0113636	0.386364	0.386364	0.0113636	0.136364	
0.00909091	0.00909091	0.00909091	0.00909091	0.00909091	0.00909091	0.00909091	0.209091	0.109091	0.509091	0.109091	
0.030303	0.030303	0.030303	0.030303	0.030303	0.030303	0.030303	0.030303	0.030303	0.363636	0.363636	


Vector Pi :

0.00149031	0.52608	0.263785	0.0670641	0.0342772	0.0834575	0.00149031	0.00149031	0.00149031	0.0178838	0.00149031	


Vector Phi :

0.00162322	0.383725	0.285482	0.159628	0.086229	0.0462434	0.0128779	0.00806411	0.00644712	0.00725299	0.00242625	
