
Parameters: 11 states AND 11 symbols

Matrix A :

0.0909091	0.0909091	0.0909091	0.0909091	0.0909091	0.0909091	0.0909091	0.0909091	0.0909091	0.0909091	0.0909091	
0.000142045	0.759517	0.197017	0.037642	0.00482955	0.000142045	0.000142045	0.000142045	0.000142045	0.000142045	0.000142045	
0.000312402	0.409247	0.388629	0.148079	0.0312402	0.0106217	0.00718525	0.000312402	0.000312402	0.000312402	0.00374883	
0.000640205	0.204866	0.268246	0.331626	0.127401	0.049936	0.000640205	0.00768246	0.00768246	0.000640205	0.000640205	
0.0013986	0.0475524	0.124476	0.278322	0.370629	0.0937063	0.0629371	0.0167832	0.0013986	0.0013986	0.0013986	
0.00293255	0.0351906	0.131965	0.260997	0.0997067	0.228739	0.0351906	0.164223	0.0351906	0.00293255	0.00293255	
0.00649351	0.00649351	0.00649351	0.00649351	0.292208	0.435065	0.149351	0.00649351	0.0779221	0.00649351	0.00649351	
0.00826446	0.00826446	0.190083	0.00826446	0.0991736	0.00826446	0.280992	0.190083	0.0991736	0.0991736	0.00826446	
0.012987	0.155844	0.012987	0.012987	0.298701	0.155844	0.155844	0.012987	0.155844	0.012987	0.012987	
0.0227273	0.0227273	0.0227273	0.0227273	0.0227273	0.0227273	0.0227273	0.272727	0.0227273	0.272727	0.272727	
0.030303	0.030303	0.030303	0.030303	0.030303	0.030303	0.030303	0.030303	0.363636	0.363636	0.030303	


Matrix B :

0.0909091	0.0909091	0.0909091	0.0909091	0.0909091	0.0909091	0.0909091	0.0909091	0.0909091	0.0909091	0.0909091	
0.000135483	0.380165	0.344398	0.161089	0.0791221	0.0284514	0.00460642	0.0016258	0.000135483	0.000135483	0.000135483	
0.000297089	0.0885324	0.483957	0.261735	0.104872	0.0525847	0.00683304	0.000297089	0.000297089	0.000297089	0.000297089	
0.000598086	0.0203349	0.349282	0.290072	0.151914	0.0861244	0.0400718	0.0269139	0.013756	0.0203349	0.000598086	
0.00135685	0.00135685	0.225237	0.329715	0.135685	0.135685	0.12076	0.046133	0.00135685	0.00135685	0.00135685	
0.00284091	0.00284091	0.159091	0.502841	0.159091	0.0965909	0.00284091	0.00284091	0.00284091	0.0340909	0.0340909	
0.00606061	0.00606061	0.0727273	0.339394	0.472727	0.00606061	0.00606061	0.0727273	0.00606061	0.00606061	0.00606061	
0.00826446	0.00826446	0.0991736	0.46281	0.371901	0.00826446	0.00826446	0.00826446	0.00826446	0.00826446	0.00826446	
0.012987	0.012987	0.012987	0.012987	0.727273	0.155844	0.012987	0.012987	0.012987	0.012987	0.012987	
0.0227273	0.0227273	0.0227273	0.272727	0.272727	0.272727	0.0227273	0.0227273	0.0227273	0.0227273	0.0227273	
0.030303	0.030303	0.030303	0.363636	0.030303	0.363636	0.030303	0.030303	0.030303	0.030303	0.030303	


Vector Pi :

0.00149031	0.509687	0.230999	0.181818	0.0342772	0.0178838	0.0178838	0.00149031	0.00149031	0.00149031	0.00149031	


Vector Phi :

0.000824864	0.52997	0.241664	0.116324	0.0535367	0.0255298	0.0115474	0.00905717	0.00576632	0.00330003	0.00248033	
