
Parameters: 11 states AND 11 symbols

Matrix A :

0.0909091	0.0909091	0.0909091	0.0909091	0.0909091	0.0909091	0.0909091	0.0909091	0.0909091	0.0909091	0.0909091	
0.000216967	0.823606	0.157735	0.0145368	0.000216967	0.000216967	0.0026036	0.000216967	0.000216967	0.000216967	0.000216967	
0.000302024	0.219571	0.594986	0.166415	0.0169133	0.000302024	0.000302024	0.000302024	0.000302024	0.000302024	0.000302024	
0.000471032	0.0419218	0.259538	0.518606	0.176637	0.000471032	0.000471032	0.000471032	0.000471032	0.000471032	0.000471032	
0.000635728	0.000635728	0.0146217	0.217419	0.623013	0.105531	0.0286078	0.00762873	0.000635728	0.000635728	0.000635728	
0.00189394	0.00189394	0.0227273	0.0643939	0.231061	0.481061	0.168561	0.00189394	0.0227273	0.00189394	0.00189394	
0.002457	0.002457	0.029484	0.002457	0.0565111	0.2457	0.461916	0.110565	0.0565111	0.002457	0.029484	
0.00505051	0.00505051	0.00505051	0.0606061	0.00505051	0.00505051	0.227273	0.449495	0.227273	0.00505051	0.00505051	
0.00699301	0.00699301	0.0839161	0.0839161	0.00699301	0.00699301	0.00699301	0.237762	0.160839	0.391608	0.00699301	
0.00534759	0.00534759	0.00534759	0.00534759	0.0641711	0.00534759	0.00534759	0.00534759	0.122995	0.593583	0.181818	
0.00909091	0.00909091	0.00909091	0.00909091	0.00909091	0.00909091	0.209091	0.00909091	0.109091	0.109091	0.509091	


Matrix B :

0.0909091	0.0909091	0.0909091	0.0909091	0.0909091	0.0909091	0.0909091	0.0909091	0.0909091	0.0909091	0.0909091	
0.000205212	0.196593	0.345578	0.225939	0.119844	0.0634106	0.0295506	0.0137492	0.000205212	0.00246255	0.00246255	
0.000287687	0.0129459	0.133199	0.218642	0.250288	0.183832	0.0888953	0.0540852	0.0414269	0.0129459	0.00345224	
0.00045683	0.00045683	0.0507081	0.0507081	0.206487	0.296939	0.196437	0.116035	0.0607583	0.0205573	0.00045683	
0.000606061	0.000606061	0.0139394	0.113939	0.147273	0.173939	0.213939	0.200606	0.0672727	0.0472727	0.0206061	
0.00178253	0.00178253	0.0213904	0.158645	0.237077	0.0998217	0.158645	0.139037	0.0998217	0.0213904	0.0606061	
0.002331	0.002331	0.002331	0.104895	0.207459	0.207459	0.0536131	0.0792541	0.207459	0.0536131	0.0792541	
0.00478469	0.00478469	0.00478469	0.00478469	0.373206	0.162679	0.215311	0.162679	0.0574163	0.00478469	0.00478469	
0.00649351	0.00649351	0.00649351	0.149351	0.149351	0.363636	0.220779	0.0779221	0.00649351	0.00649351	0.00649351	
0.00505051	0.00505051	0.00505051	0.00505051	0.0606061	0.338384	0.393939	0.171717	0.00505051	0.00505051	0.00505051	
0.00909091	0.00909091	0.00909091	0.00909091	0.109091	0.109091	0.409091	0.209091	0.109091	0.00909091	0.00909091	


Vector Pi :

0.00149031	0.378539	0.247392	0.099851	0.116244	0.0506706	0.0342772	0.0342772	0.0178838	0.0178838	0.00149031	


Vector Phi :

0.000794935	0.356223	0.252939	0.1606	0.118001	0.0389496	0.0292443	0.0126865	0.00982072	0.0129873	0.00775456	
