
Parameters: 11 states AND 11 symbols

Matrix A :

0.0909091	0.0909091	0.0909091	0.0909091	0.0909091	0.0909091	0.0909091	0.0909091	0.0909091	0.0909091	0.0909091	
0.000207555	0.790162	0.198838	0.00933998	0.000207555	0.000207555	0.000207555	0.000207555	0.000207555	0.000207555	0.000207555	
0.000234302	0.221884	0.623946	0.144564	0.00796626	0.000234302	0.000234302	0.000234302	0.000234302	0.000234302	0.000234302	
0.000437063	0.0196678	0.26486	0.586976	0.111014	0.0148601	0.000437063	0.000437063	0.000437063	0.000437063	0.000437063	
0.0012987	0.0155844	0.0441558	0.287013	0.415584	0.172727	0.0584416	0.0012987	0.0012987	0.0012987	0.0012987	
0.00206612	0.00206612	0.00206612	0.13843	0.229339	0.411157	0.183884	0.0247934	0.00206612	0.00206612	0.00206612	
0.00324675	0.00324675	0.00324675	0.00324675	0.146104	0.288961	0.36039	0.181818	0.00324675	0.00324675	0.00324675	
0.00699301	0.00699301	0.00699301	0.00699301	0.00699301	0.160839	0.237762	0.391608	0.0839161	0.0839161	0.00699301	
0.0181818	0.0181818	0.0181818	0.0181818	0.0181818	0.0181818	0.418182	0.218182	0.218182	0.0181818	0.0181818	
0.0181818	0.0181818	0.0181818	0.0181818	0.0181818	0.0181818	0.0181818	0.0181818	0.218182	0.418182	0.218182	
0.0181818	0.0181818	0.0181818	0.0181818	0.0181818	0.0181818	0.0181818	0.0181818	0.218182	0.218182	0.418182	


Matrix B :

0.0909091	0.0909091	0.0909091	0.0909091	0.0909091	0.0909091	0.0909091	0.0909091	0.0909091	0.0909091	0.0909091	
0.000198059	0.531788	0.348782	0.0655575	0.0285205	0.0176273	0.00673401	0.000198059	0.000198059	0.000198059	0.000198059	
0.000220119	0.0583315	0.595862	0.268985	0.0559102	0.014748	0.00506273	0.000220119	0.000220119	0.000220119	0.000220119	
0.000422833	0.0190275	0.293446	0.530655	0.0887949	0.0469345	0.0143763	0.005074	0.000422833	0.000422833	0.000422833	
0.0012285	0.0012285	0.014742	0.366093	0.312039	0.190418	0.041769	0.0552826	0.014742	0.0012285	0.0012285	
0.00206612	0.00206612	0.0247934	0.0475207	0.615702	0.161157	0.0475207	0.0247934	0.0702479	0.00206612	0.00206612	
0.0030303	0.0030303	0.0030303	0.0363636	0.20303	0.536364	0.0363636	0.069697	0.0030303	0.0363636	0.069697	
0.00699301	0.00699301	0.00699301	0.00699301	0.160839	0.622378	0.0839161	0.00699301	0.0839161	0.00699301	0.00699301	
0.0151515	0.0151515	0.0151515	0.0151515	0.0151515	0.0151515	0.348485	0.348485	0.181818	0.0151515	0.0151515	
0.0181818	0.0181818	0.0181818	0.0181818	0.0181818	0.0181818	0.818182	0.0181818	0.0181818	0.0181818	0.0181818	
0.0181818	0.0181818	0.0181818	0.0181818	0.0181818	0.0181818	0.218182	0.618182	0.0181818	0.0181818	0.0181818	


Vector Pi :

0.00149031	0.345753	0.411326	0.099851	0.0670641	0.00149031	0.0342772	0.00149031	0.0178838	0.00149031	0.0178838	


Vector Phi :

0.000749022	0.365915	0.324502	0.174734	0.0576807	0.0354892	0.0219733	0.00998047	0.00331206	0.00331206	0.00235239	
