
Parameters: 11 states AND 11 symbols

Matrix A :

0.0909091	0.0909091	0.0909091	0.0909091	0.0909091	0.0909091	0.0909091	0.0909091	0.0909091	0.0909091	0.0909091	
0.000140292	0.811869	0.179153	0.00631313	0.0016835	0.000140292	0.000140292	0.000140292	0.000140292	0.000140292	0.000140292	
0.000286779	0.353599	0.451391	0.154861	0.0286779	0.00659593	0.00344135	0.000286779	0.000286779	0.000286779	0.000286779	
0.000745156	0.0663189	0.361401	0.394188	0.156483	0.000745156	0.00894188	0.00894188	0.000745156	0.000745156	0.000745156	
0.00151515	0.0181818	0.118182	0.268182	0.284848	0.151515	0.101515	0.0181818	0.0181818	0.0181818	0.00151515	
0.00413223	0.00413223	0.18595	0.0950413	0.413223	0.18595	0.00413223	0.0495868	0.0495868	0.00413223	0.00413223	
0.00568182	0.00568182	0.00568182	0.0681818	0.130682	0.193182	0.318182	0.130682	0.130682	0.00568182	0.00568182	
0.010101	0.010101	0.232323	0.121212	0.010101	0.121212	0.121212	0.010101	0.121212	0.121212	0.121212	
0.0113636	0.0113636	0.0113636	0.0113636	0.261364	0.136364	0.136364	0.261364	0.136364	0.0113636	0.0113636	
0.030303	0.030303	0.030303	0.030303	0.030303	0.030303	0.030303	0.363636	0.030303	0.030303	0.363636	
0.030303	0.030303	0.030303	0.030303	0.030303	0.363636	0.030303	0.030303	0.363636	0.030303	0.030303	


Matrix B :

0.0909091	0.0909091	0.0909091	0.0909091	0.0909091	0.0909091	0.0909091	0.0909091	0.0909091	0.0909091	0.0909091	
0.000133298	0.272861	0.384298	0.187817	0.083711	0.0309251	0.0221274	0.00746468	0.00453212	0.0059984	0.000133298	
0.000273	0.000273	0.17745	0.435708	0.258531	0.0813541	0.033306	0.00928201	0.000273	0.003276	0.000273	
0.000704722	0.000704722	0.0162086	0.186751	0.295278	0.310782	0.109232	0.0627202	0.0162086	0.000704722	0.000704722	
0.00146628	0.00146628	0.0337243	0.0659824	0.259531	0.178886	0.195015	0.162757	0.0337243	0.0659824	0.00146628	
0.00395257	0.00395257	0.00395257	0.0474308	0.134387	0.3083	0.221344	0.134387	0.0909091	0.00395257	0.0474308	
0.00568182	0.00568182	0.00568182	0.130682	0.00568182	0.255682	0.193182	0.193182	0.0681818	0.130682	0.00568182	
0.010101	0.010101	0.010101	0.010101	0.010101	0.121212	0.343434	0.343434	0.121212	0.010101	0.010101	
0.0113636	0.0113636	0.0113636	0.136364	0.0113636	0.261364	0.136364	0.136364	0.136364	0.0113636	0.136364	
0.030303	0.030303	0.030303	0.030303	0.363636	0.030303	0.030303	0.363636	0.030303	0.030303	0.030303	
0.030303	0.030303	0.030303	0.030303	0.363636	0.363636	0.030303	0.030303	0.030303	0.030303	0.030303	


Vector Pi :

0.00149031	0.558867	0.263785	0.116244	0.0342772	0.0178838	0.00149031	0.00149031	0.00149031	0.00149031	0.00149031	


Vector Phi :

0.00082713	0.53598	0.2622	0.10091	0.0496278	0.0181969	0.0132341	0.00744417	0.00661704	0.00248139	0.00248139	
