
Parameters: 11 states AND 11 symbols

Matrix A :

0.090909	0.090909	0.090909	0.090909	0.090909	0.090909	0.090909	0.090909	0.090909	0.090909	0.090909	
0.000174	0.931340	0.059447	0.007822	0.000174	0.000174	0.000174	0.000174	0.000174	0.000174	0.000174	
0.001263	0.445707	0.417929	0.112374	0.001263	0.001263	0.015152	0.001263	0.001263	0.001263	0.001263	
0.004785	0.057416	0.478469	0.215311	0.110048	0.110048	0.004785	0.004785	0.004785	0.004785	0.004785	
0.022727	0.272727	0.272727	0.022727	0.272727	0.022727	0.022727	0.022727	0.022727	0.022727	0.022727	
0.018182	0.018182	0.218182	0.218182	0.018182	0.218182	0.018182	0.018182	0.018182	0.018182	0.218182	
0.045455	0.045455	0.045455	0.045455	0.045455	0.045455	0.045455	0.045455	0.545455	0.045455	0.045455	
0.045455	0.045455	0.045455	0.045455	0.045455	0.545455	0.045455	0.045455	0.045455	0.045455	0.045455	
0.045455	0.045455	0.045455	0.045455	0.045455	0.045455	0.045455	0.545455	0.045455	0.045455	0.045455	
0.090909	0.090909	0.090909	0.090909	0.090909	0.090909	0.090909	0.090909	0.090909	0.090909	0.090909	
0.030303	0.030303	0.030303	0.363636	0.030303	0.030303	0.030303	0.030303	0.030303	0.030303	0.363636	


Matrix B :

0.090909	0.090909	0.090909	0.090909	0.090909	0.090909	0.090909	0.090909	0.090909	0.090909	0.090909	
0.000167	0.221162	0.383225	0.199062	0.095932	0.055416	0.022267	0.013059	0.007534	0.002009	0.000167	
0.001212	0.001212	0.067879	0.214545	0.174545	0.214545	0.134545	0.081212	0.081212	0.014545	0.014545	
0.004545	0.004545	0.004545	0.254545	0.054545	0.354545	0.204545	0.004545	0.004545	0.104545	0.004545	
0.018182	0.018182	0.018182	0.018182	0.618182	0.218182	0.018182	0.018182	0.018182	0.018182	0.018182	
0.018182	0.018182	0.018182	0.018182	0.418182	0.218182	0.218182	0.018182	0.018182	0.018182	0.018182	
0.045455	0.045455	0.045455	0.545455	0.045455	0.045455	0.045455	0.045455	0.045455	0.045455	0.045455	
0.045455	0.045455	0.045455	0.545455	0.045455	0.045455	0.045455	0.045455	0.045455	0.045455	0.045455	
0.045455	0.045455	0.045455	0.545455	0.045455	0.045455	0.045455	0.045455	0.045455	0.045455	0.045455	
0.090909	0.090909	0.090909	0.090909	0.090909	0.090909	0.090909	0.090909	0.090909	0.090909	0.090909	
0.030303	0.030303	0.030303	0.030303	0.030303	0.030303	0.363636	0.030303	0.030303	0.363636	0.030303	


Vector Pi :

0.003497	0.811189	0.080420	0.041958	0.041958	0.003497	0.003497	0.003497	0.003497	0.003497	0.003497	


Vector Phi :

0.001601	0.821164	0.116373	0.030417	0.006403	0.008006	0.003217	0.003205	0.003209	0.001601	0.004803	
