
Parameters: 11 states AND 11 symbols

Matrix A :

0.0909091	0.0909091	0.0909091	0.0909091	0.0909091	0.0909091	0.0909091	0.0909091	0.0909091	0.0909091	0.0909091	
9.51928e-05	0.89643	0.0922418	0.00847216	9.51928e-05	0.00114231	9.51928e-05	0.00114231	9.51928e-05	9.51928e-05	9.51928e-05	
0.000461467	0.467467	0.46239	0.0613752	0.000461467	0.000461467	0.000461467	0.000461467	0.000461467	0.00553761	0.000461467	
0.0026738	0.149733	0.414439	0.326203	0.0614973	0.0320856	0.0026738	0.0026738	0.0026738	0.0026738	0.0026738	
0.0227273	0.272727	0.272727	0.0227273	0.272727	0.0227273	0.0227273	0.0227273	0.0227273	0.0227273	0.0227273	
0.0151515	0.0151515	0.181818	0.181818	0.0151515	0.181818	0.181818	0.181818	0.0151515	0.0151515	0.0151515	
0.0454545	0.0454545	0.0454545	0.0454545	0.0454545	0.0454545	0.0454545	0.0454545	0.0454545	0.0454545	0.545455	
0.0227273	0.0227273	0.0227273	0.272727	0.0227273	0.272727	0.0227273	0.0227273	0.272727	0.0227273	0.0227273	
0.0454545	0.0454545	0.545455	0.0454545	0.0454545	0.0454545	0.0454545	0.0454545	0.0454545	0.0454545	0.0454545	
0.0454545	0.0454545	0.0454545	0.0454545	0.0454545	0.0454545	0.0454545	0.545455	0.0454545	0.0454545	0.0454545	
0.0454545	0.0454545	0.0454545	0.0454545	0.0454545	0.545455	0.0454545	0.0454545	0.0454545	0.0454545	0.0454545	


Matrix B :

0.0909091	0.0909091	0.0909091	0.0909091	0.0909091	0.0909091	0.0909091	0.0909091	0.0909091	0.0909091	0.0909091	
9.05469e-05	0.288935	0.425389	0.191326	0.0668236	0.0210069	0.00307859	0.00307859	9.05469e-05	9.05469e-05	9.05469e-05	
0.000445633	0.000445633	0.152406	0.397504	0.250446	0.127897	0.0445633	0.0151515	0.000445633	0.00534759	0.00534759	
0.002457	0.002457	0.002457	0.0835381	0.380835	0.407862	0.0565111	0.0565111	0.002457	0.002457	0.002457	
0.0181818	0.0181818	0.0181818	0.0181818	0.418182	0.218182	0.218182	0.0181818	0.0181818	0.0181818	0.0181818	
0.0151515	0.0151515	0.0151515	0.348485	0.0151515	0.181818	0.181818	0.0151515	0.0151515	0.181818	0.0151515	
0.0454545	0.0454545	0.0454545	0.0454545	0.0454545	0.545455	0.0454545	0.0454545	0.0454545	0.0454545	0.0454545	
0.0227273	0.0227273	0.0227273	0.272727	0.0227273	0.0227273	0.0227273	0.272727	0.0227273	0.272727	0.0227273	
0.0454545	0.0454545	0.0454545	0.0454545	0.0454545	0.0454545	0.0454545	0.545455	0.0454545	0.0454545	0.0454545	
0.0454545	0.0454545	0.0454545	0.0454545	0.0454545	0.545455	0.0454545	0.0454545	0.0454545	0.0454545	0.0454545	
0.0454545	0.0454545	0.0454545	0.0454545	0.0454545	0.0454545	0.0454545	0.0454545	0.0454545	0.0454545	0.545455	


Vector Pi :

0.00149031	0.804769	0.116244	0.0506706	0.0178838	0.00149031	0.00149031	0.00149031	0.00149031	0.00149031	0.00149031	


Vector Phi :

0.00082713	0.789909	0.162945	0.0281224	0.00330852	0.00496278	0.00165426	0.00330852	0.00165426	0.00165426	0.00165426	
