
Parameters: 11 states AND 11 symbols

Matrix A :

0.0909091	0.0909091	0.0909091	0.0909091	0.0909091	0.0909091	0.0909091	0.0909091	0.0909091	0.0909091	0.0909091	
0.000164989	0.758786	0.205247	0.0255733	0.00560964	0.00379475	0.000164989	0.000164989	0.000164989	0.000164989	0.000164989	
0.000284091	0.353409	0.409659	0.194034	0.0409091	0.000284091	0.000284091	0.000284091	0.000284091	0.000284091	0.000284091	
0.000541126	0.0838745	0.351732	0.32197	0.19697	0.0362554	0.00649351	0.000541126	0.000541126	0.000541126	0.000541126	
0.00112233	0.0381594	0.0998878	0.359147	0.248036	0.112233	0.0875421	0.0505051	0.00112233	0.00112233	0.00112233	
0.00275482	0.0330579	0.184573	0.15427	0.123967	0.275482	0.0633609	0.0633609	0.0633609	0.0330579	0.00275482	
0.003367	0.003367	0.114478	0.114478	0.225589	0.188552	0.151515	0.114478	0.040404	0.040404	0.003367	
0.00699301	0.00699301	0.00699301	0.00699301	0.0839161	0.00699301	0.545455	0.237762	0.0839161	0.00699301	0.00699301	
0.0151515	0.0151515	0.0151515	0.0151515	0.0151515	0.181818	0.515152	0.0151515	0.181818	0.0151515	0.0151515	
0.0181818	0.0181818	0.0181818	0.0181818	0.0181818	0.0181818	0.418182	0.0181818	0.0181818	0.218182	0.218182	
0.0227273	0.0227273	0.0227273	0.0227273	0.0227273	0.0227273	0.0227273	0.0227273	0.0227273	0.272727	0.522727	


Matrix B :

0.0909091	0.0909091	0.0909091	0.0909091	0.0909091	0.0909091	0.0909091	0.0909091	0.0909091	0.0909091	0.0909091	
0.000157555	0.520088	0.277454	0.104144	0.0608161	0.0261541	0.00708996	0.00189066	0.000157555	0.00189066	0.000157555	
0.000268168	0.133012	0.531242	0.203808	0.0887637	0.023867	0.0120676	0.000268168	0.00321802	0.000268168	0.00321802	
0.000519481	0.0176623	0.366234	0.394805	0.131948	0.0633766	0.0233766	0.000519481	0.000519481	0.000519481	0.000519481	
0.00106952	0.00106952	0.224599	0.354011	0.271658	0.118717	0.0245989	0.00106952	0.00106952	0.00106952	0.00106952	
0.00275482	0.00275482	0.0936639	0.275482	0.245179	0.214876	0.0633609	0.0330579	0.0633609	0.00275482	0.00275482	
0.00324675	0.00324675	0.00324675	0.288961	0.36039	0.181818	0.146104	0.00324675	0.00324675	0.00324675	0.00324675	
0.00606061	0.00606061	0.00606061	0.0727273	0.406061	0.206061	0.206061	0.0727273	0.00606061	0.00606061	0.00606061	
0.012987	0.012987	0.012987	0.012987	0.012987	0.441558	0.441558	0.012987	0.012987	0.012987	0.012987	
0.0181818	0.0181818	0.0181818	0.0181818	0.418182	0.0181818	0.218182	0.218182	0.0181818	0.0181818	0.0181818	
0.0227273	0.0227273	0.0227273	0.0227273	0.772727	0.0227273	0.0227273	0.0227273	0.0227273	0.0227273	0.0227273	


Vector Pi :

0.00149031	0.444113	0.296572	0.116244	0.0670641	0.00149031	0.0178838	0.0342772	0.0178838	0.00149031	0.00149031	


Vector Phi :

0.000828511	0.454034	0.265745	0.139303	0.0671587	0.0273445	0.02238	0.0107756	0.00497224	0.00414325	0.00331432	
