
Parameters: 11 states AND 11 symbols

Matrix A :

0.0909091	0.0909091	0.0909091	0.0909091	0.0909091	0.0909091	0.0909091	0.0909091	0.0909091	0.0909091	0.0909091	
0.000127681	0.932712	0.0661389	0.000127681	0.000127681	0.000127681	0.000127681	0.000127681	0.000127681	0.000127681	0.000127681	
0.00026738	0.138503	0.803209	0.0561497	0.00026738	0.00026738	0.00026738	0.00026738	0.00026738	0.00026738	0.00026738	
0.00090009	0.00090009	0.189019	0.723672	0.070207	0.00090009	0.00090009	0.00090009	0.00090009	0.0108011	0.00090009	
0.00363636	0.00363636	0.00363636	0.323636	0.563636	0.0836364	0.00363636	0.00363636	0.00363636	0.00363636	0.00363636	
0.010101	0.010101	0.010101	0.010101	0.343434	0.565657	0.010101	0.010101	0.010101	0.010101	0.010101	
0.0454545	0.0454545	0.0454545	0.0454545	0.0454545	0.545455	0.0454545	0.0454545	0.0454545	0.0454545	0.0454545	
0.0454545	0.0454545	0.0454545	0.0454545	0.0454545	0.0454545	0.545455	0.0454545	0.0454545	0.0454545	0.0454545	
0.0454545	0.0454545	0.0454545	0.0454545	0.0454545	0.0454545	0.0454545	0.545455	0.0454545	0.0454545	0.0454545	
0.030303	0.030303	0.030303	0.030303	0.030303	0.030303	0.030303	0.030303	0.363636	0.030303	0.363636	
0.030303	0.030303	0.030303	0.030303	0.030303	0.030303	0.030303	0.030303	0.030303	0.363636	0.363636	


Matrix B :

0.0909091	0.0909091	0.0909091	0.0909091	0.0909091	0.0909091	0.0909091	0.0909091	0.0909091	0.0909091	0.0909091	
0.000121699	0.170135	0.27723	0.295972	0.171474	0.0469758	0.0215407	0.0108312	0.00279908	0.00279908	0.000121699	
0.000254647	0.000254647	0.0142602	0.179526	0.395213	0.241151	0.112299	0.031067	0.0142602	0.000254647	0.0114591	
0.000841751	0.000841751	0.000841751	0.010101	0.176768	0.26936	0.213805	0.186027	0.121212	0.0193603	0.000841751	
0.00363636	0.00363636	0.00363636	0.00363636	0.163636	0.0436364	0.163636	0.163636	0.283636	0.123636	0.0436364	
0.010101	0.010101	0.010101	0.010101	0.010101	0.121212	0.010101	0.010101	0.454545	0.343434	0.010101	
0.0454545	0.0454545	0.0454545	0.0454545	0.0454545	0.545455	0.0454545	0.0454545	0.0454545	0.0454545	0.0454545	
0.0454545	0.0454545	0.0454545	0.0454545	0.0454545	0.545455	0.0454545	0.0454545	0.0454545	0.0454545	0.0454545	
0.0454545	0.0454545	0.0454545	0.0454545	0.545455	0.0454545	0.0454545	0.0454545	0.0454545	0.0454545	0.0454545	
0.0227273	0.0227273	0.0227273	0.0227273	0.522727	0.0227273	0.272727	0.0227273	0.0227273	0.0227273	0.0227273	
0.030303	0.030303	0.030303	0.030303	0.363636	0.363636	0.030303	0.030303	0.030303	0.030303	0.030303	


Vector Pi :

0.00149031	0.575261	0.280179	0.116244	0.00149031	0.00149031	0.00149031	0.00149031	0.00149031	0.0178838	0.00149031	


Vector Phi :

0.000833423	0.593318	0.283337	0.0841735	0.0208362	0.0075012	0.00166687	0.00166687	0.00166686	0.00250028	0.00250031	
