
Parameters: 11 states AND 11 symbols

Matrix A :

0.0909091	0.0909091	0.0909091	0.0909091	0.0909091	0.0909091	0.0909091	0.0909091	0.0909091	0.0909091	0.0909091	
0.000139431	0.891244	0.0952315	0.00780814	0.00320692	0.00167317	0.000139431	0.000139431	0.000139431	0.000139431	0.000139431	
0.000341763	0.229665	0.658237	0.0717703	0.0379357	0.000341763	0.000341763	0.000341763	0.000341763	0.000341763	0.000341763	
0.00105708	0.0708245	0.256871	0.442918	0.163848	0.0475687	0.00105708	0.012685	0.00105708	0.00105708	0.00105708	
0.00126263	0.0151515	0.0707071	0.265152	0.459596	0.126263	0.0290404	0.0290404	0.00126263	0.00126263	0.00126263	
0.00284091	0.0340909	0.0340909	0.0653409	0.284091	0.315341	0.190341	0.0653409	0.00284091	0.00284091	0.00284091	
0.003367	0.040404	0.003367	0.040404	0.040404	0.188552	0.447811	0.225589	0.003367	0.003367	0.003367	
0.00454545	0.00454545	0.00454545	0.0545455	0.00454545	0.104545	0.204545	0.254545	0.354545	0.00454545	0.00454545	
0.00478469	0.0574163	0.00478469	0.00478469	0.0574163	0.00478469	0.0574163	0.0574163	0.478469	0.267943	0.00478469	
0.00534759	0.00534759	0.00534759	0.00534759	0.0641711	0.00534759	0.0641711	0.122995	0.00534759	0.475936	0.240642	
0.0113636	0.0113636	0.0113636	0.0113636	0.0113636	0.0113636	0.0113636	0.0113636	0.136364	0.386364	0.386364	


Matrix B :

0.0909091	0.0909091	0.0909091	0.0909091	0.0909091	0.0909091	0.0909091	0.0909091	0.0909091	0.0909091	0.0909091	
0.000132328	0.263597	0.326188	0.253407	0.100569	0.0394336	0.0146884	0.00158793	0.000132328	0.000132328	0.000132328	
0.00032352	0.0252346	0.28858	0.28858	0.20317	0.0928502	0.0501456	0.0287933	0.0216758	0.00032352	0.00032352	
0.00102145	0.0234934	0.180797	0.158325	0.3381	0.203269	0.0459653	0.0234934	0.00102145	0.0122574	0.0122574	
0.00121212	0.00121212	0.107879	0.267879	0.214545	0.214545	0.0678788	0.0145455	0.0145455	0.0278788	0.0678788	
0.00284091	0.00284091	0.0653409	0.221591	0.159091	0.127841	0.0340909	0.159091	0.0653409	0.0965909	0.0653409	
0.00324675	0.00324675	0.00324675	0.146104	0.217532	0.146104	0.324675	0.038961	0.00324675	0.00324675	0.11039	
0.004329	0.004329	0.004329	0.147186	0.290043	0.290043	0.0519481	0.0519481	0.0995671	0.0519481	0.004329	
0.004329	0.004329	0.0519481	0.0995671	0.194805	0.242424	0.004329	0.0995671	0.242424	0.0519481	0.004329	
0.00534759	0.00534759	0.00534759	0.00534759	0.240642	0.181818	0.122995	0.181818	0.122995	0.122995	0.00534759	
0.0113636	0.0113636	0.261364	0.0113636	0.386364	0.136364	0.0113636	0.0113636	0.0113636	0.136364	0.0113636	


Vector Pi :

0.00149031	0.558867	0.247392	0.0506706	0.0506706	0.00149031	0.0178838	0.0178838	0.0506706	0.00149031	0.00149031	


Vector Phi :

0.000787632	0.551418	0.223147	0.0711749	0.0590162	0.02595	0.0213361	0.015685	0.0133246	0.0122785	0.00588287	
