
Parameters: 11 states AND 11 symbols

Matrix A :

0.090909	0.090909	0.090909	0.090909	0.090909	0.090909	0.090909	0.090909	0.090909	0.090909	0.090909	
0.000256	0.907298	0.073496	0.011524	0.003073	0.000256	0.000256	0.003073	0.000256	0.000256	0.000256	
0.000891	0.275401	0.589127	0.079323	0.049911	0.000891	0.000891	0.000891	0.000891	0.000891	0.000891	
0.002933	0.099707	0.357771	0.260997	0.164223	0.067449	0.035191	0.002933	0.002933	0.002933	0.002933	
0.003367	0.040404	0.077441	0.225589	0.188552	0.262626	0.114478	0.003367	0.040404	0.040404	0.003367	
0.004785	0.004785	0.057416	0.057416	0.267943	0.267943	0.110048	0.057416	0.057416	0.057416	0.057416	
0.005682	0.068182	0.005682	0.130682	0.193182	0.193182	0.130682	0.068182	0.130682	0.068182	0.005682	
0.010101	0.010101	0.121212	0.010101	0.121212	0.121212	0.121212	0.232323	0.121212	0.010101	0.121212	
0.006993	0.006993	0.006993	0.006993	0.006993	0.006993	0.314685	0.006993	0.237762	0.237762	0.160839	
0.004785	0.004785	0.004785	0.057416	0.004785	0.004785	0.110048	0.110048	0.215311	0.320574	0.162679	
0.006993	0.006993	0.006993	0.006993	0.083916	0.006993	0.006993	0.083916	0.006993	0.391608	0.391608	


Matrix B :

0.090909	0.090909	0.090909	0.090909	0.090909	0.090909	0.090909	0.090909	0.090909	0.090909	0.090909	
0.000242	0.122909	0.306909	0.248242	0.146909	0.088242	0.064242	0.010909	0.008242	0.002909	0.000242	
0.000866	0.000866	0.153247	0.238961	0.238961	0.096104	0.124675	0.048485	0.086580	0.010390	0.000866	
0.002841	0.002841	0.252841	0.252841	0.065341	0.127841	0.190341	0.034091	0.034091	0.034091	0.002841	
0.003030	0.003030	0.069697	0.269697	0.303030	0.136364	0.003030	0.136364	0.036364	0.036364	0.003030	
0.004545	0.004545	0.054545	0.304545	0.354545	0.104545	0.104545	0.054545	0.004545	0.004545	0.004545	
0.005348	0.005348	0.005348	0.122995	0.475936	0.064171	0.122995	0.122995	0.005348	0.005348	0.064171	
0.010101	0.010101	0.121212	0.121212	0.121212	0.232323	0.232323	0.121212	0.010101	0.010101	0.010101	
0.006993	0.006993	0.006993	0.006993	0.314685	0.083916	0.237762	0.160839	0.006993	0.083916	0.083916	
0.004545	0.004545	0.004545	0.104545	0.154545	0.504545	0.054545	0.154545	0.004545	0.004545	0.004545	
0.006993	0.006993	0.006993	0.083916	0.237762	0.314685	0.237762	0.083916	0.006993	0.006993	0.006993	


Vector Pi :

0.002933	0.615836	0.099707	0.035191	0.099707	0.035191	0.035191	0.002933	0.002933	0.067449	0.002933	


Vector Phi :

0.001553	0.603010	0.169500	0.050164	0.043050	0.029905	0.024377	0.013627	0.019290	0.026390	0.019135	
