
Parameters: 11 states AND 11 symbols

Matrix A :

0.0909091	0.0909091	0.0909091	0.0909091	0.0909091	0.0909091	0.0909091	0.0909091	0.0909091	0.0909091	0.0909091	
0.000210926	0.712508	0.227589	0.051255	0.00717148	0.000210926	0.000210926	0.000210926	0.000210926	0.000210926	0.000210926	
0.000299043	0.339115	0.43451	0.191089	0.0266148	0.00687799	0.000299043	0.000299043	0.000299043	0.000299043	0.000299043	
0.000413223	0.0867769	0.300413	0.386777	0.16405	0.0549587	0.000413223	0.00495868	0.000413223	0.000413223	0.000413223	
0.000797448	0.000797448	0.053429	0.37799	0.42185	0.106061	0.0271132	0.00956938	0.000797448	0.000797448	0.000797448	
0.00165289	0.0198347	0.0198347	0.128926	0.256198	0.292562	0.201653	0.0561983	0.0198347	0.00165289	0.00165289	
0.00324675	0.00324675	0.00324675	0.11039	0.146104	0.324675	0.146104	0.181818	0.0746753	0.00324675	0.00324675	
0.00413223	0.00413223	0.00413223	0.00413223	0.0495868	0.0495868	0.27686	0.27686	0.27686	0.00413223	0.0495868	
0.00649351	0.00649351	0.00649351	0.00649351	0.00649351	0.0779221	0.149351	0.292208	0.149351	0.149351	0.149351	
0.012987	0.012987	0.012987	0.012987	0.012987	0.155844	0.155844	0.155844	0.155844	0.298701	0.012987	
0.010101	0.010101	0.010101	0.010101	0.010101	0.010101	0.010101	0.010101	0.121212	0.232323	0.565657	


Matrix B :

0.0909091	0.0909091	0.0909091	0.0909091	0.0909091	0.0909091	0.0909091	0.0909091	0.0909091	0.0909091	0.0909091	
0.000202922	0.70556	0.227881	0.0381494	0.0202922	0.00466721	0.00243506	0.000202922	0.000202922	0.000202922	0.000202922	
0.000284091	0.369034	0.490909	0.100284	0.0284091	0.00965909	0.000284091	0.000284091	0.000284091	0.000284091	0.000284091	
0.00039185	0.00470219	0.685737	0.254702	0.0434953	0.00470219	0.00470219	0.00039185	0.00039185	0.00039185	0.00039185	
0.000733138	0.000733138	0.395894	0.524927	0.0571848	0.0168622	0.000733138	0.000733138	0.000733138	0.000733138	0.000733138	
0.0015674	0.0015674	0.0532915	0.587774	0.260188	0.0188088	0.0705329	0.0015674	0.0015674	0.0015674	0.0015674	
0.00324675	0.00324675	0.00324675	0.324675	0.503247	0.146104	0.00324675	0.00324675	0.00324675	0.00324675	0.00324675	
0.00413223	0.00413223	0.00413223	0.140496	0.640496	0.140496	0.0495868	0.00413223	0.00413223	0.00413223	0.00413223	
0.00606061	0.00606061	0.00606061	0.00606061	0.339394	0.406061	0.0727273	0.00606061	0.139394	0.00606061	0.00606061	
0.012987	0.012987	0.012987	0.012987	0.298701	0.584416	0.012987	0.012987	0.012987	0.012987	0.012987	
0.00909091	0.00909091	0.00909091	0.00909091	0.00909091	0.409091	0.109091	0.00909091	0.00909091	0.00909091	0.409091	


Vector Pi :

0.00149031	0.280179	0.263785	0.214605	0.149031	0.0506706	0.00149031	0.00149031	0.0178838	0.00149031	0.0178838	


Vector Phi :

0.000833142	0.356878	0.251751	0.18191	0.0959736	0.0458815	0.0233859	0.0183594	0.0116819	0.00583833	0.00750713	
