
Parameters: 11 states AND 11 symbols

Matrix A :

0.0909091	0.0909091	0.0909091	0.0909091	0.0909091	0.0909091	0.0909091	0.0909091	0.0909091	0.0909091	0.0909091	
0.000195084	0.633242	0.274873	0.0688646	0.0109247	0.0109247	0.000195084	0.000195084	0.000195084	0.000195084	0.000195084	
0.000296121	0.400948	0.339058	0.159905	0.078472	0.0100681	0.00681078	0.000296121	0.00355345	0.000296121	0.000296121	
0.000486145	0.21439	0.251823	0.321342	0.150219	0.0432669	0.0165289	0.000486145	0.000486145	0.000486145	0.000486145	
0.000804505	0.0450523	0.160097	0.204344	0.28399	0.168946	0.0981496	0.0185036	0.0185036	0.000804505	0.000804505	
0.001443	0.033189	0.1443	0.207792	0.223665	0.223665	0.049062	0.0966811	0.001443	0.017316	0.001443	
0.0026738	0.0026738	0.0026738	0.237968	0.149733	0.296791	0.149733	0.0614973	0.0614973	0.0320856	0.0026738	
0.00606061	0.0727273	0.00606061	0.00606061	0.139394	0.0727273	0.206061	0.0727273	0.206061	0.139394	0.0727273	
0.00909091	0.00909091	0.00909091	0.109091	0.109091	0.109091	0.409091	0.209091	0.00909091	0.00909091	0.00909091	
0.010101	0.010101	0.010101	0.010101	0.010101	0.121212	0.232323	0.010101	0.121212	0.232323	0.232323	
0.0227273	0.0227273	0.0227273	0.0227273	0.0227273	0.0227273	0.0227273	0.272727	0.0227273	0.522727	0.0227273	


Matrix B :

0.0909091	0.0909091	0.0909091	0.0909091	0.0909091	0.0909091	0.0909091	0.0909091	0.0909091	0.0909091	0.0909091	
0.000185151	0.421774	0.319941	0.161081	0.0633216	0.0225884	0.000185151	0.00425847	0.00425847	0.000185151	0.00222181	
0.000282326	0.19904	0.472332	0.195935	0.0872388	0.025127	0.00338792	0.0127047	0.00338792	0.000282326	0.000282326	
0.0004662	0.0004662	0.59021	0.236364	0.10303	0.0261072	0.0312354	0.0107226	0.0004662	0.0004662	0.0004662	
0.000763942	0.000763942	0.244461	0.546982	0.177235	0.0091673	0.0091673	0.000763942	0.000763942	0.0091673	0.000763942	
0.00135685	0.00135685	0.046133	0.598372	0.255088	0.0909091	0.00135685	0.00135685	0.00135685	0.00135685	0.00135685	
0.0025974	0.0025974	0.0025974	0.116883	0.65974	0.0883117	0.116883	0.0025974	0.0025974	0.0025974	0.0025974	
0.00568182	0.00568182	0.00568182	0.00568182	0.630682	0.318182	0.00568182	0.00568182	0.00568182	0.00568182	0.00568182	
0.00909091	0.00909091	0.00909091	0.00909091	0.00909091	0.709091	0.00909091	0.209091	0.00909091	0.00909091	0.00909091	
0.010101	0.010101	0.010101	0.010101	0.010101	0.121212	0.676768	0.121212	0.010101	0.010101	0.010101	
0.0227273	0.0227273	0.0227273	0.0227273	0.0227273	0.0227273	0.272727	0.522727	0.0227273	0.0227273	0.0227273	


Vector Pi :

0.00149031	0.394933	0.247392	0.132638	0.116244	0.0670641	0.0178838	0.0178838	0.00149031	0.00149031	0.00149031	


Vector Phi :

0.000822128	0.387696	0.254317	0.154349	0.0921004	0.0516982	0.0278584	0.0122946	0.00819864	0.00738339	0.00328252	
