
Parameters: 11 states AND 11 symbols

Matrix A :

0.0454545	0.0454545	0.0454545	0.0454545	0.0454545	0.0454545	0.0454545	0.0454545	0.0454545	0.0454545	0.545455	
0.000188608	0.85911	0.118446	0.0147114	0.00433799	0.000188608	0.0022633	0.000188608	0.000188608	0.000188608	0.000188608	
0.00030303	0.200303	0.653636	0.13697	0.00363636	0.00363636	0.00030303	0.00030303	0.00030303	0.00030303	0.00030303	
0.000461467	0.0258422	0.203507	0.629903	0.117213	0.00553761	0.0106138	0.00553761	0.000461467	0.000461467	0.000461467	
0.0010101	0.0121212	0.0232323	0.245455	0.523232	0.156566	0.0010101	0.0232323	0.0010101	0.0121212	0.0010101	
0.0015674	0.0015674	0.0188088	0.0015674	0.242947	0.587774	0.122257	0.0188088	0.0015674	0.0015674	0.0015674	
0.00534759	0.00534759	0.0641711	0.0641711	0.00534759	0.299465	0.240642	0.299465	0.00534759	0.00534759	0.00534759	
0.00606061	0.0727273	0.00606061	0.00606061	0.0727273	0.0727273	0.139394	0.206061	0.206061	0.0727273	0.139394	
0.00826446	0.0991736	0.0991736	0.0991736	0.00826446	0.0991736	0.00826446	0.0991736	0.190083	0.280992	0.00826446	
0.00757576	0.00757576	0.00757576	0.00757576	0.00757576	0.00757576	0.00757576	0.00757576	0.257576	0.424242	0.257576	
0.0681818	0.00568182	0.00568182	0.00568182	0.0681818	0.00568182	0.00568182	0.0681818	0.130682	0.0681818	0.568182	


Matrix B :

0.0454545	0.0454545	0.0454545	0.0454545	0.0454545	0.545455	0.0454545	0.0454545	0.0454545	0.0454545	0.0454545	
0.000177904	0.184131	0.315246	0.221313	0.15282	0.0667141	0.0412738	0.0119196	0.0040918	0.00213485	0.000177904	
0.000290444	0.00668022	0.172814	0.303805	0.204763	0.15045	0.0961371	0.0290444	0.0290444	0.00668022	0.000290444	
0.000437063	0.00524476	0.0244755	0.245629	0.308129	0.274476	0.0869755	0.0292832	0.0148601	0.00524476	0.00524476	
0.000988142	0.000988142	0.0227273	0.0879447	0.316206	0.174901	0.218379	0.131423	0.0227273	0.0227273	0.000988142	
0.00151515	0.00151515	0.0181818	0.0348485	0.118182	0.284848	0.234848	0.168182	0.0515152	0.0848485	0.00151515	
0.00534759	0.0641711	0.122995	0.0641711	0.00534759	0.181818	0.122995	0.0641711	0.181818	0.122995	0.0641711	
0.00606061	0.00606061	0.139394	0.0727273	0.206061	0.206061	0.00606061	0.0727273	0.0727273	0.0727273	0.139394	
0.00757576	0.00757576	0.0909091	0.0909091	0.424242	0.0909091	0.00757576	0.00757576	0.0909091	0.0909091	0.0909091	
0.00699301	0.00699301	0.00699301	0.237762	0.00699301	0.391608	0.0839161	0.0839161	0.00699301	0.00699301	0.160839	
0.00534759	0.00534759	0.00534759	0.122995	0.240642	0.122995	0.299465	0.0641711	0.00534759	0.122995	0.00534759	


Vector Pi :

0.00149031	0.460507	0.230999	0.181818	0.0342772	0.0342772	0.00149031	0.00149031	0.0178838	0.0178838	0.0178838	


Vector Phi :

0.0016622	0.404808	0.248193	0.163432	0.0747375	0.0481684	0.0141302	0.0124625	0.00914023	0.00997074	0.0132954	
