
Parameters: 11 states AND 11 symbols

Matrix A :

0.090909	0.090909	0.090909	0.090909	0.090909	0.090909	0.090909	0.090909	0.090909	0.090909	0.090909	
0.000357	0.886631	0.094474	0.012121	0.000357	0.004278	0.000357	0.000357	0.000357	0.000357	0.000357	
0.000464	0.128015	0.786178	0.071892	0.005566	0.005566	0.000464	0.000464	0.000464	0.000464	0.000464	
0.001377	0.046832	0.243802	0.546832	0.137741	0.016529	0.001377	0.001377	0.001377	0.001377	0.001377	
0.001684	0.001684	0.001684	0.186869	0.705387	0.075758	0.001684	0.001684	0.020202	0.001684	0.001684	
0.006494	0.006494	0.006494	0.006494	0.363636	0.363636	0.077922	0.006494	0.149351	0.006494	0.006494	
0.018182	0.018182	0.218182	0.218182	0.018182	0.218182	0.018182	0.218182	0.018182	0.018182	0.018182	
0.008264	0.008264	0.008264	0.099174	0.008264	0.008264	0.190083	0.553719	0.099174	0.008264	0.008264	
0.009091	0.009091	0.009091	0.009091	0.009091	0.009091	0.109091	0.309091	0.309091	0.209091	0.009091	
0.018182	0.018182	0.018182	0.018182	0.018182	0.018182	0.018182	0.018182	0.418182	0.018182	0.418182	
0.011364	0.011364	0.011364	0.011364	0.011364	0.011364	0.011364	0.011364	0.011364	0.261364	0.636364	


Matrix B :

0.090909	0.090909	0.090909	0.090909	0.090909	0.090909	0.090909	0.090909	0.090909	0.090909	0.090909	
0.000346	0.144832	0.239889	0.186657	0.144832	0.087798	0.076391	0.064984	0.034566	0.004148	0.015555	
0.000443	0.019956	0.141907	0.263858	0.210200	0.171175	0.044346	0.078492	0.054102	0.015078	0.000443	
0.001280	0.001280	0.240717	0.184379	0.226633	0.184379	0.085787	0.029449	0.043534	0.001280	0.001280	
0.001623	0.001623	0.090909	0.412338	0.126623	0.233766	0.108766	0.001623	0.019481	0.001623	0.001623	
0.006494	0.006494	0.006494	0.149351	0.363636	0.220779	0.077922	0.077922	0.077922	0.006494	0.006494	
0.018182	0.018182	0.218182	0.218182	0.018182	0.018182	0.018182	0.018182	0.418182	0.018182	0.018182	
0.099174	0.008264	0.099174	0.099174	0.008264	0.099174	0.099174	0.099174	0.008264	0.280992	0.099174	
0.008264	0.008264	0.008264	0.099174	0.280992	0.099174	0.280992	0.008264	0.099174	0.099174	0.008264	
0.018182	0.018182	0.018182	0.018182	0.418182	0.218182	0.018182	0.018182	0.218182	0.018182	0.018182	
0.011364	0.011364	0.011364	0.011364	0.011364	0.261364	0.136364	0.261364	0.261364	0.011364	0.011364	


Vector Pi :

0.003497	0.311189	0.349650	0.195804	0.080420	0.003497	0.003497	0.003497	0.041958	0.003497	0.003497	


Vector Phi :

0.001600	0.407993	0.313599	0.105601	0.086402	0.022401	0.008000	0.017601	0.016001	0.008001	0.012801	
