
Parameters: 11 states AND 11 symbols

Matrix A :

0.0909091	0.0909091	0.0909091	0.0909091	0.0909091	0.0909091	0.0909091	0.0909091	0.0909091	0.0909091	0.0909091	
0.000343053	0.687136	0.226758	0.0720412	0.0116638	0.000343053	0.000343053	0.000343053	0.000343053	0.000343053	0.000343053	
0.000355114	0.273793	0.500355	0.207386	0.0159801	0.000355114	0.000355114	0.000355114	0.000355114	0.000355114	0.000355114	
0.000386847	0.0514507	0.234429	0.464217	0.213153	0.0301741	0.00464217	0.000386847	0.000386847	0.000386847	0.000386847	
0.000590319	0.000590319	0.0785124	0.286305	0.403188	0.162928	0.0655254	0.000590319	0.000590319	0.000590319	0.000590319	
0.000918274	0.000918274	0.000918274	0.0918274	0.283747	0.425161	0.182736	0.000918274	0.0110193	0.000918274	0.000918274	
0.00118064	0.00118064	0.00118064	0.00118064	0.0531287	0.286895	0.377804	0.247934	0.0271547	0.00118064	0.00118064	
0.0016835	0.0016835	0.0016835	0.0016835	0.020202	0.0572391	0.29798	0.464646	0.131313	0.020202	0.0016835	
0.0026738	0.0026738	0.0026738	0.0026738	0.0026738	0.0026738	0.0614973	0.237968	0.473262	0.179144	0.0320856	
0.00505051	0.00505051	0.00505051	0.00505051	0.00505051	0.00505051	0.00505051	0.0606061	0.393939	0.393939	0.116162	
0.012987	0.012987	0.012987	0.012987	0.012987	0.012987	0.012987	0.012987	0.012987	0.441558	0.441558	


Matrix B :

0.0909091	0.0909091	0.0909091	0.0909091	0.0909091	0.0909091	0.0909091	0.0909091	0.0909091	0.0909091	0.0909091	
0.000331785	0.354346	0.3142	0.135368	0.0733245	0.0587259	0.0368281	0.0112807	0.0149303	0.000331785	0.000331785	
0.000337952	0.0263603	0.398107	0.308888	0.126732	0.0858398	0.0152078	0.0300777	0.0077729	0.000337952	0.000337952	
0.000365097	0.000365097	0.128879	0.478277	0.205184	0.120847	0.0525739	0.00438116	0.00839723	0.000365097	0.000365097	
0.000557724	0.000557724	0.0128277	0.221417	0.411601	0.233687	0.0864473	0.0128277	0.0189626	0.000557724	0.000557724	
0.000882613	0.000882613	0.000882613	0.000882613	0.398941	0.48632	0.09797	0.0105914	0.000882613	0.000882613	0.000882613	
0.00112233	0.00112233	0.00112233	0.00112233	0.0505051	0.383838	0.396184	0.136925	0.0258137	0.00112233	0.00112233	
0.0015949	0.0015949	0.0015949	0.0015949	0.0191388	0.106858	0.527911	0.247209	0.0893142	0.0015949	0.0015949	
0.0025974	0.0025974	0.0025974	0.0025974	0.0025974	0.0311688	0.174026	0.345455	0.316883	0.116883	0.0025974	
0.004329	0.004329	0.004329	0.004329	0.004329	0.004329	0.194805	0.194805	0.0995671	0.290043	0.194805	
0.012987	0.012987	0.012987	0.012987	0.012987	0.012987	0.012987	0.012987	0.155844	0.441558	0.298701	


Vector Pi :

0.00149031	0.149031	0.214605	0.230999	0.165425	0.0506706	0.0670641	0.0506706	0.0178838	0.0506706	0.00149031	


Vector Phi :

0.000836901	0.220127	0.212621	0.195268	0.12748	0.0839962	0.064721	0.0453811	0.0285763	0.0151173	0.00587508	
