
Parameters: 11 states AND 11 symbols

Matrix A :

0.090909	0.090909	0.090909	0.090909	0.090909	0.090909	0.090909	0.090909	0.090909	0.090909	0.090909	
0.000166	0.958119	0.022104	0.007479	0.000166	0.001994	0.000166	0.000166	0.003823	0.001994	0.003823	
0.003247	0.431818	0.217532	0.146104	0.038961	0.146104	0.003247	0.003247	0.003247	0.003247	0.003247	
0.007576	0.340909	0.340909	0.090909	0.090909	0.007576	0.007576	0.007576	0.007576	0.090909	0.007576	
0.022727	0.522727	0.272727	0.022727	0.022727	0.022727	0.022727	0.022727	0.022727	0.022727	0.022727	
0.015152	0.015152	0.348485	0.348485	0.181818	0.015152	0.015152	0.015152	0.015152	0.015152	0.015152	
0.090909	0.090909	0.090909	0.090909	0.090909	0.090909	0.090909	0.090909	0.090909	0.090909	0.090909	
0.090909	0.090909	0.090909	0.090909	0.090909	0.090909	0.090909	0.090909	0.090909	0.090909	0.090909	
0.030303	0.363636	0.363636	0.030303	0.030303	0.030303	0.030303	0.030303	0.030303	0.030303	0.030303	
0.030303	0.696970	0.030303	0.030303	0.030303	0.030303	0.030303	0.030303	0.030303	0.030303	0.030303	
0.030303	0.363636	0.363636	0.030303	0.030303	0.030303	0.030303	0.030303	0.030303	0.030303	0.030303	


Matrix B :

0.090909	0.090909	0.090909	0.090909	0.090909	0.090909	0.090909	0.090909	0.090909	0.090909	0.090909	
0.000158	0.177549	0.290593	0.205375	0.142767	0.106245	0.045375	0.017549	0.007115	0.001897	0.005375	
0.003135	0.037618	0.313480	0.106583	0.175549	0.244514	0.037618	0.037618	0.037618	0.003135	0.003135	
0.007576	0.007576	0.007576	0.174242	0.174242	0.340909	0.174242	0.090909	0.007576	0.007576	0.007576	
0.022727	0.022727	0.022727	0.022727	0.522727	0.022727	0.022727	0.272727	0.022727	0.022727	0.022727	
0.015152	0.015152	0.015152	0.181818	0.015152	0.181818	0.181818	0.348485	0.015152	0.015152	0.015152	
0.090909	0.090909	0.090909	0.090909	0.090909	0.090909	0.090909	0.090909	0.090909	0.090909	0.090909	
0.090909	0.090909	0.090909	0.090909	0.090909	0.090909	0.090909	0.090909	0.090909	0.090909	0.090909	
0.022727	0.022727	0.022727	0.022727	0.022727	0.522727	0.022727	0.022727	0.022727	0.022727	0.272727	
0.030303	0.030303	0.030303	0.030303	0.030303	0.363636	0.030303	0.030303	0.030303	0.363636	0.030303	
0.030303	0.030303	0.030303	0.030303	0.030303	0.030303	0.363636	0.030303	0.030303	0.363636	0.030303	


Vector Pi :

0.002933	0.906158	0.035191	0.002933	0.002933	0.002933	0.002933	0.002933	0.035191	0.002933	0.002933	


Vector Phi :

0.001642	0.898194	0.045977	0.019704	0.006568	0.009852	0.001642	0.001642	0.004926	0.004926	0.004926	
