
Parameters: 11 states AND 11 symbols

Matrix A :

0.090909	0.090909	0.090909	0.090909	0.090909	0.090909	0.090909	0.090909	0.090909	0.090909	0.090909	
0.000733	0.645894	0.299120	0.041056	0.008798	0.000733	0.000733	0.000733	0.000733	0.000733	0.000733	
0.000745	0.295827	0.418778	0.222057	0.041729	0.017139	0.000745	0.000745	0.000745	0.000745	0.000745	
0.000900	0.070207	0.288029	0.416742	0.189019	0.030603	0.000900	0.000900	0.000900	0.000900	0.000900	
0.001443	0.001443	0.064935	0.287157	0.398268	0.207792	0.033189	0.001443	0.001443	0.001443	0.001443	
0.001684	0.001684	0.020202	0.112795	0.149832	0.464646	0.168350	0.075758	0.001684	0.001684	0.001684	
0.002674	0.002674	0.002674	0.061497	0.061497	0.267380	0.326203	0.267380	0.002674	0.002674	0.002674	
0.002933	0.002933	0.002933	0.002933	0.035191	0.035191	0.357771	0.454545	0.099707	0.002933	0.002933	
0.010101	0.010101	0.010101	0.010101	0.121212	0.010101	0.010101	0.343434	0.343434	0.010101	0.121212	
0.015152	0.015152	0.015152	0.015152	0.015152	0.015152	0.015152	0.015152	0.348485	0.348485	0.181818	
0.018182	0.018182	0.018182	0.018182	0.018182	0.018182	0.018182	0.018182	0.018182	0.418182	0.418182	


Matrix B :

0.090909	0.090909	0.090909	0.090909	0.090909	0.090909	0.090909	0.090909	0.090909	0.090909	0.090909	
0.000699	0.293007	0.208392	0.223776	0.085315	0.116084	0.046853	0.016084	0.000699	0.008392	0.000699	
0.000727	0.176727	0.304727	0.200727	0.184727	0.088727	0.032727	0.000727	0.008727	0.000727	0.000727	
0.000842	0.010101	0.361953	0.324916	0.111953	0.065657	0.037879	0.037879	0.010101	0.028620	0.010101	
0.001443	0.001443	0.287157	0.318903	0.080808	0.033189	0.160173	0.049062	0.017316	0.001443	0.049062	
0.001623	0.001623	0.162338	0.340909	0.180195	0.037338	0.073052	0.108766	0.037338	0.037338	0.019481	
0.002457	0.002457	0.002457	0.299754	0.218673	0.164619	0.191646	0.029484	0.029484	0.002457	0.056511	
0.002841	0.002841	0.002841	0.065341	0.502841	0.159091	0.159091	0.034091	0.034091	0.002841	0.034091	
0.010101	0.010101	0.010101	0.121212	0.232323	0.343434	0.121212	0.121212	0.010101	0.010101	0.010101	
0.015152	0.015152	0.015152	0.015152	0.515152	0.015152	0.348485	0.015152	0.015152	0.015152	0.015152	
0.018182	0.018182	0.018182	0.018182	0.218182	0.618182	0.018182	0.018182	0.018182	0.018182	0.018182	


Vector Pi :

0.003953	0.264822	0.090909	0.308300	0.003953	0.090909	0.134387	0.047431	0.003953	0.047431	0.003953	


Vector Phi :

0.001678	0.231329	0.228811	0.185961	0.114438	0.096997	0.059707	0.053300	0.013684	0.006859	0.007236	
