
Parameters: 11 states AND 11 symbols

Matrix A :

0.0454545	0.0454545	0.0454545	0.0454545	0.0454545	0.0454545	0.0454545	0.0454545	0.545455	0.0454545	0.0454545	
0.00013837	0.889027	0.0975509	0.00470458	0.00013837	0.00166044	0.00318251	0.00013837	0.00166044	0.00166044	0.00013837	
0.0003367	0.255892	0.585522	0.118855	0.0225589	0.00774411	0.00774411	0.0003367	0.0003367	0.0003367	0.0003367	
0.000865801	0.0103896	0.334199	0.477056	0.124675	0.0484848	0.000865801	0.000865801	0.000865801	0.000865801	0.000865801	
0.00181818	0.00181818	0.161818	0.261818	0.281818	0.221818	0.0418182	0.00181818	0.0218182	0.00181818	0.00181818	
0.00211416	0.00211416	0.02537	0.118393	0.30444	0.350951	0.141649	0.02537	0.00211416	0.00211416	0.02537	
0.00363636	0.0436364	0.0436364	0.0436364	0.0836364	0.243636	0.203636	0.163636	0.123636	0.00363636	0.0436364	
0.00649351	0.00649351	0.00649351	0.0779221	0.0779221	0.0779221	0.292208	0.363636	0.0779221	0.00649351	0.00649351	
0.00606061	0.00606061	0.0727273	0.00606061	0.00606061	0.0727273	0.139394	0.139394	0.206061	0.272727	0.0727273	
0.00606061	0.00606061	0.0727273	0.00606061	0.00606061	0.00606061	0.00606061	0.0727273	0.272727	0.406061	0.139394	
0.121212	0.010101	0.010101	0.010101	0.010101	0.010101	0.121212	0.010101	0.010101	0.343434	0.343434	


Matrix B :

0.0454545	0.0454545	0.0454545	0.0454545	0.0454545	0.0454545	0.545455	0.0454545	0.0454545	0.0454545	0.0454545	
0.000131182	0.310376	0.389742	0.176177	0.0650662	0.0376492	0.0102322	0.00734619	0.00301718	0.000131182	0.000131182	
0.000318979	0.0283892	0.214354	0.256459	0.249442	0.147687	0.0704944	0.0143541	0.0108453	0.00733652	0.000318979	
0.000841751	0.047138	0.0934343	0.241582	0.250842	0.167508	0.0656566	0.0841751	0.0378788	0.010101	0.000841751	
0.0016835	0.0016835	0.0572391	0.205387	0.149832	0.260943	0.186869	0.0757576	0.0572391	0.0016835	0.0016835	
0.00206612	0.00206612	0.0702479	0.0702479	0.161157	0.13843	0.274793	0.161157	0.0929752	0.00206612	0.0247934	
0.00363636	0.00363636	0.00363636	0.123636	0.163636	0.00363636	0.163636	0.243636	0.203636	0.0836364	0.00363636	
0.00649351	0.00649351	0.00649351	0.0779221	0.0779221	0.220779	0.220779	0.149351	0.0779221	0.0779221	0.0779221	
0.00568182	0.00568182	0.00568182	0.193182	0.255682	0.0681818	0.00568182	0.0681818	0.130682	0.0681818	0.193182	
0.00606061	0.00606061	0.00606061	0.00606061	0.206061	0.206061	0.0727273	0.0727273	0.272727	0.0727273	0.0727273	
0.010101	0.010101	0.010101	0.121212	0.010101	0.010101	0.232323	0.343434	0.232323	0.010101	0.010101	


Vector Pi :

0.00149031	0.608048	0.247392	0.0342772	0.0670641	0.0178838	0.00149031	0.00149031	0.0178838	0.00149031	0.00149031	


Vector Phi :

0.00167363	0.540367	0.225062	0.0893755	0.042149	0.0361632	0.0209191	0.011714	0.0125306	0.0125178	0.00752891	
