
Parameters: 11 states AND 11 symbols

Matrix A :

0.090909	0.090909	0.090909	0.090909	0.090909	0.090909	0.090909	0.090909	0.090909	0.090909	0.090909	
0.000645	0.560928	0.298517	0.114120	0.021921	0.000645	0.000645	0.000645	0.000645	0.000645	0.000645	
0.000705	0.341790	0.388302	0.163495	0.093728	0.008457	0.000705	0.000705	0.000705	0.000705	0.000705	
0.000947	0.146780	0.303030	0.334280	0.115530	0.063447	0.032197	0.000947	0.000947	0.000947	0.000947	
0.001623	0.073052	0.108766	0.269481	0.287338	0.180195	0.073052	0.001623	0.001623	0.001623	0.001623	
0.002331	0.002331	0.027972	0.207459	0.233100	0.310023	0.156177	0.027972	0.027972	0.002331	0.002331	
0.004132	0.004132	0.004132	0.095041	0.140496	0.367769	0.185950	0.140496	0.004132	0.004132	0.049587	
0.010101	0.010101	0.010101	0.121212	0.121212	0.010101	0.343434	0.232323	0.010101	0.121212	0.010101	
0.045455	0.045455	0.045455	0.045455	0.045455	0.045455	0.045455	0.045455	0.045455	0.045455	0.545455	
0.018182	0.018182	0.018182	0.018182	0.018182	0.018182	0.218182	0.218182	0.018182	0.218182	0.218182	
0.018182	0.018182	0.018182	0.018182	0.018182	0.018182	0.018182	0.218182	0.018182	0.418182	0.218182	


Matrix B :

0.090909	0.090909	0.090909	0.090909	0.090909	0.090909	0.090909	0.090909	0.090909	0.090909	0.090909	
0.000602	0.258880	0.298615	0.139675	0.106562	0.106562	0.027092	0.027092	0.013847	0.007225	0.013847	
0.000689	0.114325	0.318871	0.243113	0.159780	0.084022	0.038567	0.008264	0.023416	0.008264	0.000689	
0.000918	0.011019	0.263545	0.314050	0.152433	0.142332	0.031221	0.051423	0.000918	0.000918	0.031221	
0.001541	0.001541	0.137134	0.323575	0.204931	0.154083	0.154083	0.018490	0.001541	0.001541	0.001541	
0.002273	0.002273	0.002273	0.202273	0.227273	0.327273	0.102273	0.102273	0.027273	0.002273	0.002273	
0.004132	0.004132	0.004132	0.185950	0.322314	0.185950	0.185950	0.095041	0.004132	0.004132	0.004132	
0.010101	0.010101	0.010101	0.121212	0.121212	0.454545	0.232323	0.010101	0.010101	0.010101	0.010101	
0.045455	0.045455	0.045455	0.045455	0.545455	0.045455	0.045455	0.045455	0.045455	0.045455	0.045455	
0.018182	0.018182	0.018182	0.018182	0.218182	0.418182	0.218182	0.018182	0.018182	0.018182	0.018182	
0.018182	0.018182	0.018182	0.018182	0.018182	0.418182	0.418182	0.018182	0.018182	0.018182	0.018182	


Vector Pi :

0.004329	0.432900	0.147186	0.147186	0.147186	0.099567	0.004329	0.004329	0.004329	0.004329	0.004329	


Vector Phi :

0.001946	0.284922	0.257563	0.189627	0.109675	0.073382	0.042416	0.017325	0.003828	0.009665	0.009651	
