
Parameters: 11 states AND 11 symbols

Matrix A :

0.045455	0.045455	0.045455	0.045455	0.045455	0.045455	0.045455	0.045455	0.045455	0.045455	0.545455	
0.000225	0.935869	0.049730	0.005176	0.000225	0.002700	0.000225	0.002700	0.000225	0.000225	0.002700	
0.000891	0.216578	0.598930	0.157754	0.010695	0.000891	0.010695	0.000891	0.000891	0.000891	0.000891	
0.002020	0.002020	0.424242	0.402020	0.113131	0.024242	0.024242	0.002020	0.002020	0.002020	0.002020	
0.007576	0.090909	0.090909	0.507576	0.174242	0.007576	0.007576	0.007576	0.090909	0.007576	0.007576	
0.015152	0.181818	0.015152	0.181818	0.181818	0.015152	0.015152	0.348485	0.015152	0.015152	0.015152	
0.022727	0.022727	0.022727	0.022727	0.022727	0.272727	0.022727	0.272727	0.272727	0.022727	0.022727	
0.011364	0.011364	0.011364	0.136364	0.011364	0.261364	0.136364	0.011364	0.261364	0.136364	0.011364	
0.009091	0.009091	0.009091	0.009091	0.109091	0.009091	0.009091	0.309091	0.309091	0.209091	0.009091	
0.022727	0.022727	0.022727	0.022727	0.022727	0.022727	0.022727	0.022727	0.522727	0.022727	0.272727	
0.136364	0.136364	0.011364	0.011364	0.136364	0.011364	0.011364	0.011364	0.011364	0.011364	0.511364	


Matrix B :

0.045455	0.045455	0.045455	0.045455	0.045455	0.545455	0.045455	0.045455	0.045455	0.045455	0.045455	
0.000213	0.258429	0.284251	0.197397	0.117584	0.063594	0.040120	0.035425	0.002561	0.000213	0.000213	
0.000858	0.066895	0.359348	0.217839	0.198971	0.085763	0.048027	0.010292	0.010292	0.000858	0.000858	
0.001934	0.001934	0.257253	0.278530	0.172147	0.150870	0.023211	0.065764	0.023211	0.023211	0.001934	
0.007576	0.007576	0.090909	0.090909	0.340909	0.257576	0.174242	0.007576	0.007576	0.007576	0.007576	
0.015152	0.015152	0.181818	0.181818	0.181818	0.015152	0.015152	0.015152	0.015152	0.181818	0.181818	
0.018182	0.018182	0.018182	0.018182	0.818182	0.018182	0.018182	0.018182	0.018182	0.018182	0.018182	
0.010101	0.010101	0.121212	0.010101	0.343434	0.010101	0.121212	0.010101	0.121212	0.121212	0.121212	
0.009091	0.009091	0.009091	0.209091	0.009091	0.109091	0.309091	0.109091	0.009091	0.009091	0.209091	
0.022727	0.022727	0.022727	0.272727	0.022727	0.022727	0.272727	0.022727	0.022727	0.272727	0.022727	
0.011364	0.011364	0.011364	0.011364	0.136364	0.386364	0.136364	0.136364	0.136364	0.011364	0.011364	


Vector Pi :

0.002933	0.712610	0.131965	0.067449	0.002933	0.002933	0.035191	0.035191	0.002933	0.002933	0.002933	


Vector Phi :

0.003306	0.667769	0.168595	0.074380	0.019835	0.009917	0.006612	0.013223	0.016529	0.006612	0.013223	
