
Parameters: 11 states AND 11 symbols

Matrix A :

0.090909	0.090909	0.090909	0.090909	0.090909	0.090909	0.090909	0.090909	0.090909	0.090909	0.090909	
0.000227	0.920426	0.057583	0.012696	0.005214	0.000227	0.000227	0.000227	0.002720	0.000227	0.000227	
0.001212	0.361212	0.441212	0.147879	0.014545	0.014545	0.001212	0.014545	0.001212	0.001212	0.001212	
0.002674	0.120321	0.326203	0.237968	0.149733	0.061497	0.032086	0.002674	0.032086	0.002674	0.032086	
0.004132	0.049587	0.095041	0.231405	0.185950	0.276860	0.049587	0.049587	0.049587	0.004132	0.004132	
0.005051	0.005051	0.060606	0.171717	0.282828	0.171717	0.171717	0.060606	0.060606	0.005051	0.005051	
0.006993	0.006993	0.083916	0.006993	0.237762	0.237762	0.237762	0.083916	0.083916	0.006993	0.006993	
0.011364	0.011364	0.136364	0.011364	0.011364	0.011364	0.261364	0.136364	0.261364	0.136364	0.011364	
0.005051	0.005051	0.005051	0.060606	0.060606	0.116162	0.060606	0.005051	0.449495	0.171717	0.060606	
0.009091	0.009091	0.009091	0.009091	0.009091	0.009091	0.109091	0.109091	0.109091	0.509091	0.109091	
0.018182	0.018182	0.218182	0.018182	0.018182	0.018182	0.018182	0.218182	0.218182	0.018182	0.218182	


Matrix B :

0.090909	0.090909	0.090909	0.090909	0.090909	0.090909	0.090909	0.090909	0.090909	0.090909	0.090909	
0.000216	0.278126	0.349385	0.213993	0.092853	0.045347	0.009717	0.004967	0.004967	0.000216	0.000216	
0.001151	0.051784	0.342923	0.279632	0.191024	0.077100	0.013809	0.026467	0.013809	0.001151	0.001151	
0.002525	0.058081	0.391414	0.252525	0.169192	0.030303	0.030303	0.058081	0.002525	0.002525	0.002525	
0.003953	0.003953	0.308300	0.264822	0.177866	0.090909	0.003953	0.047431	0.003953	0.090909	0.003953	
0.005051	0.060606	0.005051	0.282828	0.282828	0.116162	0.060606	0.060606	0.005051	0.005051	0.116162	
0.006061	0.006061	0.072727	0.206061	0.272727	0.272727	0.072727	0.006061	0.006061	0.006061	0.072727	
0.011364	0.136364	0.011364	0.261364	0.386364	0.136364	0.011364	0.011364	0.011364	0.011364	0.011364	
0.004785	0.057416	0.162679	0.267943	0.162679	0.057416	0.004785	0.057416	0.110048	0.110048	0.004785	
0.009091	0.009091	0.009091	0.209091	0.109091	0.109091	0.209091	0.009091	0.109091	0.009091	0.209091	
0.018182	0.018182	0.418182	0.418182	0.018182	0.018182	0.018182	0.018182	0.018182	0.018182	0.018182	


Vector Pi :

0.002933	0.615836	0.164223	0.067449	0.035191	0.002933	0.067449	0.002933	0.035191	0.002933	0.002933	


Vector Phi :

0.001635	0.668293	0.120925	0.055472	0.035987	0.029401	0.021240	0.013052	0.029466	0.016355	0.008174	
