
Parameters: 11 states AND 11 symbols

Matrix A :

0.090909	0.090909	0.090909	0.090909	0.090909	0.090909	0.090909	0.090909	0.090909	0.090909	0.090909	
0.000230	0.929522	0.063361	0.005280	0.000230	0.000230	0.000230	0.000230	0.000230	0.000230	0.000230	
0.000812	0.206169	0.634740	0.116883	0.027597	0.000812	0.000812	0.000812	0.009740	0.000812	0.000812	
0.002114	0.095137	0.281184	0.443975	0.095137	0.048626	0.002114	0.002114	0.002114	0.025370	0.002114	
0.006061	0.006061	0.006061	0.339394	0.406061	0.139394	0.006061	0.006061	0.072727	0.006061	0.006061	
0.008264	0.008264	0.099174	0.190083	0.099174	0.280992	0.280992	0.008264	0.008264	0.008264	0.008264	
0.015152	0.015152	0.015152	0.181818	0.015152	0.348485	0.015152	0.348485	0.015152	0.015152	0.015152	
0.018182	0.018182	0.018182	0.018182	0.018182	0.218182	0.418182	0.218182	0.018182	0.018182	0.018182	
0.011364	0.011364	0.136364	0.011364	0.011364	0.011364	0.011364	0.136364	0.511364	0.136364	0.011364	
0.030303	0.030303	0.030303	0.030303	0.030303	0.030303	0.030303	0.030303	0.030303	0.030303	0.696970	
0.018182	0.018182	0.218182	0.018182	0.018182	0.018182	0.018182	0.018182	0.218182	0.018182	0.418182	


Matrix B :

0.090909	0.090909	0.090909	0.090909	0.090909	0.090909	0.090909	0.090909	0.090909	0.090909	0.090909	
0.000216	0.295455	0.385931	0.181169	0.066883	0.040693	0.014502	0.002597	0.002597	0.009740	0.000216	
0.000791	0.044269	0.261660	0.383399	0.218182	0.070356	0.009486	0.009486	0.000791	0.000791	0.000791	
0.001976	0.023715	0.306324	0.306324	0.197628	0.045455	0.088933	0.001976	0.023715	0.001976	0.001976	
0.006061	0.006061	0.006061	0.272727	0.339394	0.072727	0.206061	0.006061	0.072727	0.006061	0.006061	
0.008264	0.008264	0.099174	0.190083	0.462810	0.099174	0.099174	0.008264	0.008264	0.008264	0.008264	
0.015152	0.015152	0.181818	0.181818	0.515152	0.015152	0.015152	0.015152	0.015152	0.015152	0.015152	
0.018182	0.018182	0.018182	0.418182	0.218182	0.018182	0.018182	0.018182	0.218182	0.018182	0.018182	
0.011364	0.011364	0.011364	0.386364	0.136364	0.011364	0.011364	0.011364	0.011364	0.011364	0.386364	
0.030303	0.030303	0.030303	0.696970	0.030303	0.030303	0.030303	0.030303	0.030303	0.030303	0.030303	
0.018182	0.018182	0.018182	0.218182	0.618182	0.018182	0.018182	0.018182	0.018182	0.018182	0.018182	


Vector Pi :

0.002933	0.777126	0.099707	0.099707	0.002933	0.002933	0.002933	0.002933	0.002933	0.002933	0.002933	


Vector Phi :

0.001653	0.654545	0.185124	0.071074	0.024793	0.018182	0.009917	0.008264	0.013223	0.004959	0.008264	
