
Parameters: 11 states AND 11 symbols

Matrix A :

0.0909091	0.0909091	0.0909091	0.0909091	0.0909091	0.0909091	0.0909091	0.0909091	0.0909091	0.0909091	0.0909091	
0.000157282	0.906732	0.0814722	0.00534759	0.00188739	0.00188739	0.000157282	0.00188739	0.000157282	0.000157282	0.000157282	
0.000298063	0.157675	0.74456	0.0757079	0.0101341	0.00685544	0.000298063	0.000298063	0.000298063	0.00357675	0.000298063	
0.000834028	0.0375313	0.211843	0.58799	0.110926	0.0375313	0.000834028	0.0100083	0.000834028	0.000834028	0.000834028	
0.00146628	0.00146628	0.0337243	0.162757	0.517595	0.211144	0.0498534	0.0175953	0.00146628	0.00146628	0.00146628	
0.00221729	0.0266075	0.075388	0.075388	0.24612	0.27051	0.148559	0.124169	0.0266075	0.00221729	0.00221729	
0.00395257	0.00395257	0.0474308	0.177866	0.0909091	0.177866	0.264822	0.177866	0.0474308	0.00395257	0.00395257	
0.00378788	0.00378788	0.00378788	0.00378788	0.0454545	0.128788	0.0871212	0.337121	0.295455	0.00378788	0.0871212	
0.0030303	0.0030303	0.0030303	0.0030303	0.0030303	0.069697	0.136364	0.069697	0.50303	0.136364	0.069697	
0.00699301	0.00699301	0.00699301	0.00699301	0.00699301	0.00699301	0.0839161	0.0839161	0.237762	0.391608	0.160839	
0.00649351	0.00649351	0.0779221	0.0779221	0.00649351	0.00649351	0.00649351	0.00649351	0.149351	0.149351	0.506494	


Matrix B :

0.0909091	0.0909091	0.0909091	0.0909091	0.0909091	0.0909091	0.0909091	0.0909091	0.0909091	0.0909091	0.0909091	
0.000149522	0.330742	0.417913	0.18436	0.0511364	0.00837321	0.003439	0.003439	0.000149522	0.000149522	0.000149522	
0.000283206	0.0470122	0.280657	0.302464	0.255735	0.0750496	0.0158595	0.0127443	0.00651374	0.00339847	0.000283206	
0.000804505	0.0362027	0.0893001	0.354787	0.301689	0.168946	0.0362027	0.00965406	0.000804505	0.000804505	0.000804505	
0.001443	0.001443	0.1443	0.239538	0.287157	0.271284	0.049062	0.001443	0.001443	0.001443	0.001443	
0.00206612	0.00206612	0.183884	0.229339	0.297521	0.183884	0.0929752	0.00206612	0.00206612	0.00206612	0.00206612	
0.00378788	0.00378788	0.0454545	0.253788	0.212121	0.337121	0.0871212	0.0454545	0.00378788	0.00378788	0.00378788	
0.00363636	0.00363636	0.163636	0.203636	0.203636	0.123636	0.123636	0.0836364	0.0836364	0.00363636	0.00363636	
0.00275482	0.00275482	0.0936639	0.0633609	0.0633609	0.426997	0.15427	0.0936639	0.00275482	0.0330579	0.0633609	
0.0839161	0.00699301	0.160839	0.160839	0.160839	0.00699301	0.00699301	0.00699301	0.0839161	0.160839	0.160839	
0.00606061	0.00606061	0.206061	0.606061	0.0727273	0.0727273	0.00606061	0.00606061	0.00606061	0.00606061	0.00606061	


Vector Pi :

0.00149031	0.493294	0.263785	0.0670641	0.0178838	0.0506706	0.0178838	0.0178838	0.0506706	0.00149031	0.0178838	


Vector Phi :

0.000833418	0.481644	0.254165	0.0908374	0.0516707	0.0341698	0.0191692	0.0200024	0.0250041	0.0108351	0.0116687	
