
Parameters: 11 states AND 11 symbols

Matrix A :

0.0909091	0.0909091	0.0909091	0.0909091	0.0909091	0.0909091	0.0909091	0.0909091	0.0909091	0.0909091	0.0909091	
0.000160333	0.670354	0.271765	0.049543	0.00368767	0.00368767	0.000160333	0.000160333	0.000160333	0.000160333	0.000160333	
0.000250438	0.410719	0.385925	0.149011	0.0443276	0.00576008	0.00300526	0.000250438	0.000250438	0.000250438	0.000250438	
0.000575374	0.171461	0.342348	0.272727	0.133487	0.0638665	0.00690449	0.00690449	0.000575374	0.000575374	0.000575374	
0.0013986	0.124476	0.170629	0.247552	0.278322	0.124476	0.0475524	0.0013986	0.0013986	0.0013986	0.0013986	
0.00293255	0.0674487	0.0674487	0.293255	0.196481	0.228739	0.0997067	0.0351906	0.00293255	0.00293255	0.00293255	
0.00757576	0.0909091	0.00757576	0.424242	0.0909091	0.00757576	0.0909091	0.174242	0.00757576	0.00757576	0.0909091	
0.012987	0.012987	0.155844	0.298701	0.012987	0.155844	0.155844	0.012987	0.012987	0.155844	0.012987	
0.0909091	0.0909091	0.0909091	0.0909091	0.0909091	0.0909091	0.0909091	0.0909091	0.0909091	0.0909091	0.0909091	
0.0454545	0.0454545	0.0454545	0.0454545	0.0454545	0.0454545	0.545455	0.0454545	0.0454545	0.0454545	0.0454545	
0.0454545	0.0454545	0.0454545	0.0454545	0.0454545	0.0454545	0.0454545	0.545455	0.0454545	0.0454545	0.0454545	


Matrix B :

0.0909091	0.0909091	0.0909091	0.0909091	0.0909091	0.0909091	0.0909091	0.0909091	0.0909091	0.0909091	0.0909091	
0.000152532	0.357535	0.287065	0.178005	0.104179	0.040421	0.0169311	0.00686394	0.00350824	0.00518609	0.000152532	
0.000239234	0.0160287	0.410766	0.31866	0.142344	0.0686603	0.0160287	0.00813397	0.0160287	0.000239234	0.00287081	
0.000550964	0.000550964	0.0914601	0.333884	0.358127	0.0853994	0.0672176	0.0247934	0.0247934	0.00661157	0.00661157	
0.00128041	0.00128041	0.00128041	0.212548	0.325224	0.184379	0.226633	0.0153649	0.0153649	0.0153649	0.00128041	
0.00293255	0.00293255	0.00293255	0.131965	0.325513	0.164223	0.325513	0.00293255	0.00293255	0.00293255	0.0351906	
0.00757576	0.00757576	0.00757576	0.0909091	0.174242	0.340909	0.0909091	0.0909091	0.0909091	0.00757576	0.0909091	
0.012987	0.012987	0.012987	0.155844	0.012987	0.155844	0.155844	0.155844	0.155844	0.155844	0.012987	
0.0909091	0.0909091	0.0909091	0.0909091	0.0909091	0.0909091	0.0909091	0.0909091	0.0909091	0.0909091	0.0909091	
0.0454545	0.0454545	0.0454545	0.0454545	0.0454545	0.0454545	0.0454545	0.545455	0.0454545	0.0454545	0.0454545	
0.030303	0.030303	0.030303	0.030303	0.030303	0.030303	0.030303	0.030303	0.69697	0.030303	0.030303	


Vector Pi :

0.00149031	0.460507	0.280179	0.116244	0.099851	0.00149031	0.00149031	0.0178838	0.00149031	0.00149031	0.0178838	


Vector Phi :

0.00079512	0.471297	0.300587	0.130118	0.0535326	0.0253533	0.00960507	0.00483511	0.00079512	0.00148585	0.00159554	
