
Parameters: 11 states AND 11 symbols

Matrix A :

0.0909091	0.0909091	0.0909091	0.0909091	0.0909091	0.0909091	0.0909091	0.0909091	0.0909091	0.0909091	0.0909091	
0.000233699	0.871699	0.110774	0.00537509	0.00537509	0.000233699	0.00280439	0.000233699	0.00280439	0.000233699	0.000233699	
0.000390168	0.193523	0.644167	0.133437	0.0132657	0.00897386	0.000390168	0.00468201	0.000390168	0.000390168	0.000390168	
0.000513611	0.011813	0.192604	0.627632	0.136107	0.0231125	0.00616333	0.000513611	0.000513611	0.000513611	0.000513611	
0.000882613	0.000882613	0.0300088	0.243601	0.525154	0.136805	0.0203001	0.0203001	0.000882613	0.000882613	0.0203001	
0.0013986	0.0013986	0.0013986	0.0629371	0.232168	0.447552	0.186014	0.0167832	0.0321678	0.0013986	0.0167832	
0.00137741	0.0165289	0.0165289	0.046832	0.0316804	0.183196	0.486226	0.152893	0.0316804	0.00137741	0.0316804	
0.002331	0.002331	0.002331	0.002331	0.027972	0.0792541	0.335664	0.310023	0.207459	0.027972	0.002331	
0.00227273	0.00227273	0.00227273	0.00227273	0.0272727	0.00227273	0.102273	0.152273	0.427273	0.252273	0.0272727	
0.0020202	0.0020202	0.0242424	0.0020202	0.0020202	0.0020202	0.0020202	0.0909091	0.179798	0.490909	0.20202	
0.0021645	0.0021645	0.0021645	0.0021645	0.0021645	0.0021645	0.0021645	0.0497835	0.025974	0.264069	0.645022	


Matrix B :

0.0909091	0.0909091	0.0909091	0.0909091	0.0909091	0.0909091	0.0909091	0.0909091	0.0909091	0.0909091	0.0909091	
0.000222816	0.260027	0.284537	0.211007	0.120321	0.0958111	0.0198307	0.00757576	0.000222816	0.000222816	0.000222816	
0.000368053	0.0934855	0.25138	0.299963	0.214943	0.0934855	0.0368053	0.00441664	0.00441664	0.000368053	0.000368053	
0.0004914	0.00589681	0.11941	0.265356	0.259951	0.157248	0.0869779	0.0653563	0.0113022	0.0275184	0.0004914	
0.000849618	0.0101954	0.0382328	0.103653	0.253186	0.169074	0.17842	0.0943076	0.0849618	0.0475786	0.0195412	
0.00135685	0.0162822	0.046133	0.135685	0.210312	0.135685	0.150611	0.135685	0.0610583	0.0759837	0.0312076	
0.0013369	0.0160428	0.0601604	0.0895722	0.104278	0.148396	0.177807	0.295455	0.0895722	0.0160428	0.0013369	
0.0021645	0.0021645	0.0497835	0.168831	0.168831	0.121212	0.145022	0.145022	0.145022	0.0497835	0.0021645	
0.00221729	0.00221729	0.00221729	0.075388	0.075388	0.197339	0.148559	0.148559	0.197339	0.148559	0.00221729	
0.00181818	0.00181818	0.00181818	0.0618182	0.141818	0.0818182	0.221818	0.181818	0.101818	0.121818	0.0818182	
0.00206612	0.00206612	0.0247934	0.161157	0.183884	0.274793	0.115702	0.13843	0.00206612	0.0929752	0.00206612	


Vector Pi :

0.00149031	0.329359	0.230999	0.132638	0.0670641	0.0342772	0.0342772	0.0506706	0.0178838	0.0834575	0.0178838	


Vector Phi :

0.000862684	0.312688	0.190659	0.146837	0.0862699	0.0551072	0.0568817	0.0342309	0.0354408	0.0411699	0.0398528	
