
Parameters: 11 states AND 11 symbols

Matrix A :

0.0909091	0.0909091	0.0909091	0.0909091	0.0909091	0.0909091	0.0909091	0.0909091	0.0909091	0.0909091	0.0909091	
0.000220653	0.752648	0.228376	0.0172109	0.000220653	0.000220653	0.000220653	0.000220653	0.000220653	0.000220653	0.000220653	
0.000247036	0.255682	0.543725	0.190464	0.00839921	0.000247036	0.000247036	0.000247036	0.000247036	0.000247036	0.000247036	
0.000372578	0.0290611	0.279061	0.524963	0.152012	0.0085693	0.00447094	0.000372578	0.000372578	0.000372578	0.000372578	
0.000826446	0.000826446	0.0371901	0.300826	0.53719	0.100826	0.0190083	0.000826446	0.000826446	0.000826446	0.000826446	
0.00363636	0.00363636	0.00363636	0.163636	0.323636	0.323636	0.163636	0.00363636	0.00363636	0.00363636	0.00363636	
0.00757576	0.00757576	0.00757576	0.0909091	0.00757576	0.340909	0.00757576	0.340909	0.174242	0.00757576	0.00757576	
0.00757576	0.00757576	0.00757576	0.00757576	0.174242	0.00757576	0.174242	0.424242	0.0909091	0.0909091	0.00757576	
0.0113636	0.0113636	0.0113636	0.0113636	0.0113636	0.0113636	0.261364	0.0113636	0.261364	0.386364	0.0113636	
0.0151515	0.0151515	0.0151515	0.0151515	0.0151515	0.0151515	0.0151515	0.348485	0.181818	0.0151515	0.348485	
0.012987	0.012987	0.012987	0.012987	0.012987	0.012987	0.012987	0.012987	0.155844	0.155844	0.584416	


Matrix B :

0.0909091	0.0909091	0.0909091	0.0909091	0.0909091	0.0909091	0.0909091	0.0909091	0.0909091	0.0909091	0.0909091	
0.000209952	0.30275	0.309679	0.164182	0.074113	0.0510183	0.0463993	0.034852	0.00713836	0.00713836	0.00251942	
0.000236128	0.031405	0.441795	0.210626	0.137898	0.0781582	0.044392	0.0288076	0.00543093	0.0158205	0.00543093	
0.000356506	0.000356506	0.0944742	0.372906	0.180749	0.141533	0.0905526	0.0748663	0.0395722	0.00427807	0.000356506	
0.000777001	0.000777001	0.000777001	0.257187	0.317016	0.137529	0.16317	0.0947941	0.026418	0.000777001	0.000777001	
0.0034965	0.0034965	0.0034965	0.0034965	0.234266	0.157343	0.118881	0.234266	0.234266	0.0034965	0.0034965	
0.00757576	0.00757576	0.00757576	0.00757576	0.00757576	0.424242	0.340909	0.0909091	0.00757576	0.00757576	0.0909091	
0.00699301	0.00699301	0.00699301	0.00699301	0.00699301	0.00699301	0.853147	0.00699301	0.0839161	0.00699301	0.00699301	
0.00909091	0.00909091	0.00909091	0.00909091	0.00909091	0.00909091	0.00909091	0.709091	0.00909091	0.109091	0.109091	
0.0151515	0.0151515	0.0151515	0.0151515	0.0151515	0.0151515	0.0151515	0.348485	0.348485	0.0151515	0.181818	
0.012987	0.012987	0.012987	0.012987	0.012987	0.012987	0.012987	0.012987	0.298701	0.298701	0.298701	


Vector Pi :

0.00149031	0.345753	0.296572	0.181818	0.116244	0.00149031	0.00149031	0.0178838	0.0342772	0.00149031	0.00149031	


Vector Phi :

0.00085293	0.33935	0.302769	0.202985	0.0927704	0.0224482	0.0104129	0.0103599	0.00689184	0.00515815	0.00600208	
