
Parameters: 11 states AND 11 symbols

Matrix A :

0.090909	0.090909	0.090909	0.090909	0.090909	0.090909	0.090909	0.090909	0.090909	0.090909	0.090909	
0.000168	0.944817	0.029688	0.013083	0.007548	0.000168	0.002013	0.002013	0.000168	0.000168	0.000168	
0.003030	0.603030	0.303030	0.003030	0.036364	0.003030	0.003030	0.003030	0.003030	0.003030	0.036364	
0.006993	0.160839	0.160839	0.314685	0.083916	0.083916	0.006993	0.083916	0.006993	0.083916	0.006993	
0.011364	0.511364	0.011364	0.136364	0.011364	0.136364	0.011364	0.011364	0.136364	0.011364	0.011364	
0.030303	0.363636	0.363636	0.030303	0.030303	0.030303	0.030303	0.030303	0.030303	0.030303	0.030303	
0.030303	0.363636	0.030303	0.030303	0.030303	0.030303	0.363636	0.030303	0.030303	0.030303	0.030303	
0.030303	0.030303	0.363636	0.030303	0.363636	0.030303	0.030303	0.030303	0.030303	0.030303	0.030303	
0.045455	0.545455	0.045455	0.045455	0.045455	0.045455	0.045455	0.045455	0.045455	0.045455	0.045455	
0.045455	0.545455	0.045455	0.045455	0.045455	0.045455	0.045455	0.045455	0.045455	0.045455	0.045455	
0.045455	0.545455	0.045455	0.045455	0.045455	0.045455	0.045455	0.045455	0.045455	0.045455	0.045455	


Matrix B :

0.090909	0.090909	0.090909	0.090909	0.090909	0.090909	0.090909	0.090909	0.090909	0.090909	0.090909	
0.000159	0.335823	0.330579	0.160998	0.101558	0.040369	0.021138	0.003655	0.005404	0.000159	0.000159	
0.003030	0.036364	0.269697	0.269697	0.203030	0.069697	0.069697	0.036364	0.003030	0.003030	0.036364	
0.006993	0.083916	0.160839	0.237762	0.160839	0.083916	0.006993	0.083916	0.083916	0.006993	0.083916	
0.011364	0.011364	0.136364	0.136364	0.011364	0.011364	0.261364	0.011364	0.386364	0.011364	0.011364	
0.030303	0.030303	0.363636	0.030303	0.030303	0.363636	0.030303	0.030303	0.030303	0.030303	0.030303	
0.030303	0.030303	0.030303	0.030303	0.030303	0.696970	0.030303	0.030303	0.030303	0.030303	0.030303	
0.030303	0.030303	0.030303	0.030303	0.030303	0.030303	0.363636	0.030303	0.363636	0.030303	0.030303	
0.045455	0.045455	0.045455	0.045455	0.045455	0.045455	0.545455	0.045455	0.045455	0.045455	0.045455	
0.045455	0.045455	0.045455	0.045455	0.045455	0.045455	0.045455	0.545455	0.045455	0.045455	0.045455	
0.045455	0.045455	0.045455	0.045455	0.045455	0.045455	0.045455	0.545455	0.045455	0.045455	0.045455	


Vector Pi :

0.002933	0.970674	0.002933	0.002933	0.002933	0.002933	0.002933	0.002933	0.002933	0.002933	0.002933	


Vector Phi :

0.001642	0.889984	0.049261	0.021346	0.013136	0.004926	0.004926	0.004926	0.003284	0.003284	0.003284	
