
Parameters: 11 states AND 11 symbols

Matrix A :

0.0909091	0.0909091	0.0909091	0.0909091	0.0909091	0.0909091	0.0909091	0.0909091	0.0909091	0.0909091	0.0909091	
0.000291375	0.695804	0.253497	0.041958	0.00670163	0.000291375	0.000291375	0.000291375	0.000291375	0.000291375	0.000291375	
0.000333	0.286047	0.469197	0.205461	0.0333	0.003996	0.000333	0.000333	0.000333	0.000333	0.000333	
0.000459137	0.0762167	0.268136	0.394399	0.232782	0.0257117	0.000459137	0.000459137	0.000459137	0.000459137	0.000459137	
0.000610128	0.000610128	0.0677242	0.289201	0.369738	0.201952	0.0677242	0.000610128	0.000610128	0.000610128	0.000610128	
0.000891266	0.000891266	0.0204991	0.0695187	0.285205	0.383244	0.187166	0.040107	0.0106952	0.000891266	0.000891266	
0.0011655	0.0011655	0.0011655	0.0011655	0.10373	0.270396	0.437063	0.142191	0.039627	0.0011655	0.0011655	
0.00252525	0.00252525	0.00252525	0.00252525	0.00252525	0.113636	0.335859	0.280303	0.252525	0.00252525	0.00252525	
0.0026738	0.0026738	0.0026738	0.0026738	0.0026738	0.0320856	0.0320856	0.26738	0.502674	0.120321	0.0320856	
0.00826446	0.00826446	0.00826446	0.00826446	0.00826446	0.00826446	0.0991736	0.0991736	0.280992	0.371901	0.0991736	
0.0151515	0.0151515	0.0151515	0.0151515	0.0151515	0.0151515	0.0151515	0.0151515	0.0151515	0.348485	0.515152	


Matrix B :

0.0909091	0.0909091	0.0909091	0.0909091	0.0909091	0.0909091	0.0909091	0.0909091	0.0909091	0.0909091	0.0909091	
0.000275482	0.276033	0.324518	0.197245	0.106336	0.0487603	0.0245179	0.0184573	0.00330579	0.000275482	0.000275482	
0.000320102	0.0566581	0.454545	0.271447	0.109475	0.0601793	0.024968	0.0108835	0.00384123	0.00736236	0.000320102	
0.000428816	0.000428816	0.174957	0.524014	0.203259	0.0617496	0.0240137	0.00986278	0.000428816	0.000428816	0.000428816	
0.000579039	0.000579039	0.0260567	0.248987	0.573827	0.0515345	0.0579039	0.0324262	0.00694847	0.000579039	0.000579039	
0.000874126	0.000874126	0.000874126	0.164336	0.347028	0.395105	0.0681818	0.0201049	0.000874126	0.000874126	0.000874126	
0.00113636	0.00113636	0.00113636	0.0386364	0.226136	0.313636	0.301136	0.101136	0.00113636	0.0136364	0.00113636	
0.00239234	0.00239234	0.00239234	0.00239234	0.212919	0.212919	0.212919	0.26555	0.0550239	0.00239234	0.0287081	
0.00252525	0.00252525	0.00252525	0.00252525	0.113636	0.113636	0.252525	0.252525	0.169192	0.030303	0.0580808	
0.00757576	0.00757576	0.00757576	0.00757576	0.00757576	0.0909091	0.424242	0.257576	0.174242	0.00757576	0.00757576	
0.0151515	0.0151515	0.0151515	0.0151515	0.0151515	0.0151515	0.0151515	0.515152	0.348485	0.0151515	0.0151515	


Vector Pi :

0.00149031	0.312966	0.181818	0.230999	0.116244	0.0342772	0.0342772	0.0342772	0.0342772	0.0178838	0.00149031	


Vector Phi :

0.000839248	0.256073	0.226117	0.16536	0.12618	0.0861478	0.0658923	0.0303865	0.0286849	0.0092677	0.00505092	
