
Parameters: 11 states AND 11 symbols

Matrix A :

0.0909091	0.0909091	0.0909091	0.0909091	0.0909091	0.0909091	0.0909091	0.0909091	0.0909091	0.0909091	0.0909091	
0.000117758	0.79675	0.174988	0.0208431	0.00270843	0.00400377	0.000117758	0.000117758	0.000117758	0.000117758	0.000117758	
0.000304044	0.448465	0.421709	0.090605	0.0270599	0.0103375	0.000304044	0.000304044	0.000304044	0.000304044	0.000304044	
0.00126263	0.209596	0.431818	0.195707	0.140152	0.0151515	0.00126263	0.00126263	0.00126263	0.00126263	0.00126263	
0.00293255	0.228739	0.131965	0.260997	0.196481	0.0674487	0.0997067	0.00293255	0.00293255	0.00293255	0.00293255	
0.00649351	0.0779221	0.0779221	0.0779221	0.220779	0.149351	0.220779	0.00649351	0.0779221	0.0779221	0.00649351	
0.010101	0.010101	0.010101	0.454545	0.121212	0.121212	0.121212	0.010101	0.010101	0.121212	0.010101	
0.0454545	0.0454545	0.0454545	0.0454545	0.0454545	0.0454545	0.545455	0.0454545	0.0454545	0.0454545	0.0454545	
0.0227273	0.0227273	0.0227273	0.0227273	0.0227273	0.0227273	0.0227273	0.272727	0.522727	0.0227273	0.0227273	
0.030303	0.030303	0.030303	0.030303	0.030303	0.363636	0.030303	0.030303	0.030303	0.030303	0.363636	
0.0454545	0.0454545	0.545455	0.0454545	0.0454545	0.0454545	0.0454545	0.0454545	0.0454545	0.0454545	0.0454545	


Matrix B :

0.0909091	0.0909091	0.0909091	0.0909091	0.0909091	0.0909091	0.0909091	0.0909091	0.0909091	0.0909091	0.0909091	
0.000112651	0.318576	0.405317	0.176073	0.0546356	0.0224175	0.0149825	0.00506928	0.00259097	0.000112651	0.000112651	
0.0002886	0.0225108	0.27013	0.438384	0.18759	0.0574315	0.012987	0.0034632	0.00663781	0.0002886	0.0002886	
0.00119617	0.00119617	0.0669856	0.22488	0.343301	0.185407	0.106459	0.0406699	0.0143541	0.0143541	0.00119617	
0.00275482	0.00275482	0.0936639	0.0936639	0.214876	0.0936639	0.184573	0.184573	0.0936639	0.00275482	0.0330579	
0.00606061	0.00606061	0.339394	0.272727	0.0727273	0.0727273	0.0727273	0.139394	0.00606061	0.00606061	0.00606061	
0.00909091	0.00909091	0.109091	0.209091	0.209091	0.00909091	0.00909091	0.00909091	0.00909091	0.00909091	0.409091	
0.0454545	0.0454545	0.0454545	0.0454545	0.0454545	0.0454545	0.0454545	0.0454545	0.545455	0.0454545	0.0454545	
0.0181818	0.0181818	0.0181818	0.418182	0.218182	0.0181818	0.218182	0.0181818	0.0181818	0.0181818	0.0181818	
0.030303	0.030303	0.030303	0.030303	0.363636	0.363636	0.030303	0.030303	0.030303	0.030303	0.030303	
0.0454545	0.0454545	0.0454545	0.0454545	0.545455	0.0454545	0.0454545	0.0454545	0.0454545	0.0454545	0.0454545	


Vector Pi :

0.00149031	0.558867	0.263785	0.0834575	0.0342772	0.0178838	0.0178838	0.00149031	0.0178838	0.00149031	0.00149031	


Vector Phi :

0.000822349	0.640393	0.24696	0.058427	0.0254164	0.0115322	0.00739785	0.00164539	0.00329215	0.00246806	0.00164504	
