
Parameters: 11 states AND 11 symbols

Matrix A :

0.0909091	0.0909091	0.0909091	0.0909091	0.0909091	0.0909091	0.0909091	0.0909091	0.0909091	0.0909091	0.0909091	
0.000133298	0.935617	0.057318	0.00453212	0.000133298	0.000133298	0.00159957	0.000133298	0.000133298	0.000133298	0.000133298	
0.000372578	0.168405	0.709389	0.115127	0.000372578	0.000372578	0.00447094	0.000372578	0.000372578	0.000372578	0.000372578	
0.000757576	0.0174242	0.234091	0.567424	0.150758	0.0174242	0.000757576	0.00909091	0.000757576	0.000757576	0.000757576	
0.001443	0.001443	0.017316	0.223665	0.525253	0.207792	0.017316	0.001443	0.001443	0.001443	0.001443	
0.0026738	0.0320856	0.0320856	0.0909091	0.296791	0.355615	0.0614973	0.0614973	0.0026738	0.0614973	0.0026738	
0.00826446	0.00826446	0.00826446	0.190083	0.00826446	0.280992	0.00826446	0.190083	0.280992	0.00826446	0.00826446	
0.00568182	0.00568182	0.00568182	0.00568182	0.0681818	0.130682	0.255682	0.318182	0.130682	0.00568182	0.0681818	
0.00649351	0.00649351	0.00649351	0.0779221	0.00649351	0.00649351	0.0779221	0.363636	0.363636	0.0779221	0.00649351	
0.010101	0.010101	0.010101	0.010101	0.010101	0.010101	0.010101	0.010101	0.232323	0.454545	0.232323	
0.0151515	0.0151515	0.0151515	0.0151515	0.0151515	0.181818	0.0151515	0.0151515	0.181818	0.181818	0.348485	


Matrix B :

0.0909091	0.0909091	0.0909091	0.0909091	0.0909091	0.0909091	0.0909091	0.0909091	0.0909091	0.0909091	0.0909091	
0.000126263	0.22096	0.37096	0.222348	0.115404	0.040404	0.0140152	0.00707071	0.00290404	0.00290404	0.00290404	
0.000353732	0.00813583	0.218253	0.253272	0.249381	0.167669	0.0859568	0.0120269	0.00424478	0.000353732	0.000353732	
0.000739098	0.00886918	0.0332594	0.195861	0.301552	0.269032	0.13082	0.0413895	0.0169993	0.000739098	0.000739098	
0.00137741	0.00137741	0.00137741	0.0922865	0.22865	0.22865	0.198347	0.107438	0.0922865	0.00137741	0.046832	
0.0026738	0.0026738	0.0026738	0.0614973	0.208556	0.237968	0.296791	0.0320856	0.120321	0.0320856	0.0026738	
0.00826446	0.00826446	0.00826446	0.00826446	0.553719	0.190083	0.00826446	0.0991736	0.00826446	0.0991736	0.00826446	
0.00568182	0.00568182	0.0681818	0.130682	0.130682	0.130682	0.255682	0.00568182	0.00568182	0.130682	0.130682	
0.00606061	0.00606061	0.00606061	0.206061	0.206061	0.272727	0.206061	0.0727273	0.00606061	0.00606061	0.00606061	
0.010101	0.010101	0.010101	0.121212	0.010101	0.232323	0.121212	0.121212	0.232323	0.121212	0.010101	
0.0113636	0.0113636	0.0113636	0.0113636	0.386364	0.136364	0.386364	0.0113636	0.0113636	0.0113636	0.0113636	


Vector Pi :

0.00149031	0.608048	0.230999	0.0506706	0.0506706	0.00149031	0.00149031	0.00149031	0.0178838	0.00149031	0.0342772	


Vector Phi :

0.000827206	0.573357	0.200528	0.0989346	0.0519794	0.0280727	0.00909978	0.0132257	0.0115771	0.00743856	0.00496054	
