
Parameters: 11 states AND 11 symbols

Matrix A :

0.0909091	0.0909091	0.0909091	0.0909091	0.0909091	0.0909091	0.0909091	0.0909091	0.0909091	0.0909091	0.0909091	
0.000100898	0.934618	0.0589244	0.00565029	0.000100898	0.000100898	0.000100898	0.000100898	0.000100898	0.000100898	0.000100898	
0.0004662	0.292774	0.605594	0.0773893	0.0107226	0.00559441	0.00559441	0.0004662	0.0004662	0.0004662	0.0004662	
0.00171527	0.0205832	0.379074	0.435678	0.133791	0.0205832	0.00171527	0.00171527	0.00171527	0.00171527	0.00171527	
0.0030303	0.0363636	0.10303	0.269697	0.50303	0.069697	0.0030303	0.0030303	0.0030303	0.0030303	0.0030303	
0.00909091	0.00909091	0.00909091	0.00909091	0.309091	0.409091	0.109091	0.109091	0.00909091	0.00909091	0.00909091	
0.0181818	0.0181818	0.0181818	0.218182	0.0181818	0.218182	0.218182	0.0181818	0.0181818	0.218182	0.0181818	
0.0227273	0.0227273	0.0227273	0.0227273	0.272727	0.0227273	0.272727	0.272727	0.0227273	0.0227273	0.0227273	
0.0909091	0.0909091	0.0909091	0.0909091	0.0909091	0.0909091	0.0909091	0.0909091	0.0909091	0.0909091	0.0909091	
0.0454545	0.0454545	0.0454545	0.0454545	0.0454545	0.0454545	0.0454545	0.0454545	0.0454545	0.0454545	0.545455	
0.030303	0.030303	0.030303	0.030303	0.030303	0.030303	0.030303	0.363636	0.030303	0.030303	0.363636	


Matrix B :

0.0909091	0.0909091	0.0909091	0.0909091	0.0909091	0.0909091	0.0909091	0.0909091	0.0909091	0.0909091	0.0909091	
9.59969e-05	0.154267	0.32111	0.233465	0.142651	0.0771815	0.0486704	0.0148795	0.0032639	0.0032639	0.00115196	
0.000445633	0.000445633	0.108289	0.191622	0.304367	0.284759	0.0690731	0.0347594	0.00534759	0.000445633	0.000445633	
0.00165289	0.00165289	0.0561983	0.219835	0.0561983	0.219835	0.256198	0.0743802	0.0380165	0.0380165	0.0380165	
0.00284091	0.00284091	0.00284091	0.221591	0.0965909	0.00284091	0.0965909	0.159091	0.315341	0.0965909	0.00284091	
0.00826446	0.00826446	0.00826446	0.00826446	0.00826446	0.00826446	0.00826446	0.0991736	0.0991736	0.46281	0.280992	
0.0181818	0.0181818	0.0181818	0.0181818	0.218182	0.218182	0.0181818	0.0181818	0.0181818	0.418182	0.0181818	
0.0227273	0.0227273	0.0227273	0.0227273	0.0227273	0.272727	0.272727	0.272727	0.0227273	0.0227273	0.0227273	
0.0909091	0.0909091	0.0909091	0.0909091	0.0909091	0.0909091	0.0909091	0.0909091	0.0909091	0.0909091	0.0909091	
0.0454545	0.0454545	0.0454545	0.0454545	0.0454545	0.0454545	0.0454545	0.0454545	0.545455	0.0454545	0.0454545	
0.030303	0.030303	0.030303	0.030303	0.030303	0.030303	0.030303	0.030303	0.363636	0.363636	0.030303	


Vector Pi :

0.00149031	0.739195	0.149031	0.0342772	0.0506706	0.0178838	0.00149031	0.00149031	0.00149031	0.00149031	0.00149031	


Vector Phi :

0.000800638	0.753431	0.160726	0.0426572	0.0224915	0.00788622	0.00401287	0.00318718	0.000800638	0.00160321	0.00240336	
