
Parameters: 11 states AND 11 symbols

Matrix A :

0.0909091	0.0909091	0.0909091	0.0909091	0.0909091	0.0909091	0.0909091	0.0909091	0.0909091	0.0909091	0.0909091	
0.000120569	0.811792	0.175187	0.0107306	0.00144683	0.000120569	0.000120569	0.000120569	0.000120569	0.000120569	0.000120569	
0.000285878	0.387078	0.465695	0.126072	0.0160091	0.000285878	0.000285878	0.00343053	0.000285878	0.000285878	0.000285878	
0.00109529	0.133625	0.350493	0.3023	0.181818	0.0131435	0.0131435	0.00109529	0.00109529	0.00109529	0.00109529	
0.00293255	0.131965	0.260997	0.196481	0.131965	0.196481	0.0674487	0.00293255	0.00293255	0.00293255	0.00293255	
0.00909091	0.109091	0.109091	0.209091	0.409091	0.00909091	0.00909091	0.109091	0.00909091	0.00909091	0.00909091	
0.0181818	0.0181818	0.0181818	0.218182	0.0181818	0.418182	0.218182	0.0181818	0.0181818	0.0181818	0.0181818	
0.030303	0.030303	0.030303	0.030303	0.363636	0.030303	0.030303	0.030303	0.030303	0.030303	0.363636	
0.0909091	0.0909091	0.0909091	0.0909091	0.0909091	0.0909091	0.0909091	0.0909091	0.0909091	0.0909091	0.0909091	
0.0909091	0.0909091	0.0909091	0.0909091	0.0909091	0.0909091	0.0909091	0.0909091	0.0909091	0.0909091	0.0909091	
0.0454545	0.545455	0.0454545	0.0454545	0.0454545	0.0454545	0.0454545	0.0454545	0.0454545	0.0454545	0.0454545	


Matrix B :

0.0909091	0.0909091	0.0909091	0.0909091	0.0909091	0.0909091	0.0909091	0.0909091	0.0909091	0.0909091	0.0909091	
0.000115075	0.635558	0.27733	0.064672	0.0140391	0.000115075	0.00391254	0.00391254	0.000115075	0.000115075	0.000115075	
0.000273823	0.217141	0.581599	0.159912	0.0303943	0.00629792	0.00328587	0.000273823	0.000273823	0.000273823	0.000273823	
0.000999001	0.011988	0.396603	0.42957	0.121878	0.022977	0.011988	0.000999001	0.000999001	0.000999001	0.000999001	
0.00275482	0.00275482	0.123967	0.669421	0.123967	0.0330579	0.00275482	0.0330579	0.00275482	0.00275482	0.00275482	
0.00909091	0.00909091	0.00909091	0.309091	0.409091	0.109091	0.00909091	0.00909091	0.00909091	0.00909091	0.109091	
0.0181818	0.0181818	0.0181818	0.218182	0.618182	0.0181818	0.0181818	0.0181818	0.0181818	0.0181818	0.0181818	
0.030303	0.030303	0.030303	0.030303	0.030303	0.030303	0.030303	0.363636	0.030303	0.363636	0.030303	
0.0909091	0.0909091	0.0909091	0.0909091	0.0909091	0.0909091	0.0909091	0.0909091	0.0909091	0.0909091	0.0909091	
0.0909091	0.0909091	0.0909091	0.0909091	0.0909091	0.0909091	0.0909091	0.0909091	0.0909091	0.0909091	0.0909091	
0.0454545	0.0454545	0.0454545	0.0454545	0.0454545	0.0454545	0.0454545	0.0454545	0.0454545	0.0454545	0.545455	


Vector Pi :

0.00149031	0.608048	0.214605	0.132638	0.0342772	0.00149031	0.00149031	0.00149031	0.00149031	0.00149031	0.00149031	


Vector Phi :

0.000829427	0.622046	0.264253	0.068887	0.0257281	0.00829866	0.00414909	0.00249028	0.000829427	0.000829427	0.00165952	
