
Parameters: 11 states AND 11 symbols

Matrix A :

0.090909	0.090909	0.090909	0.090909	0.090909	0.090909	0.090909	0.090909	0.090909	0.090909	0.090909	
0.000610	0.396583	0.322758	0.195241	0.067724	0.014033	0.000610	0.000610	0.000610	0.000610	0.000610	
0.000579	0.299942	0.293573	0.242617	0.102490	0.032426	0.013318	0.000579	0.006948	0.000579	0.006948	
0.000770	0.221109	0.280431	0.288906	0.136364	0.043143	0.026194	0.000770	0.000770	0.000770	0.000770	
0.001357	0.195387	0.284939	0.150611	0.150611	0.120760	0.046133	0.046133	0.001357	0.001357	0.001357	
0.002933	0.067449	0.228739	0.131965	0.164223	0.131965	0.131965	0.131965	0.002933	0.002933	0.002933	
0.004545	0.054545	0.054545	0.104545	0.254545	0.254545	0.254545	0.004545	0.004545	0.004545	0.004545	
0.008264	0.008264	0.008264	0.099174	0.280992	0.099174	0.190083	0.280992	0.008264	0.008264	0.008264	
0.045455	0.045455	0.545455	0.045455	0.045455	0.045455	0.045455	0.045455	0.045455	0.045455	0.045455	
0.090909	0.090909	0.090909	0.090909	0.090909	0.090909	0.090909	0.090909	0.090909	0.090909	0.090909	
0.045455	0.045455	0.545455	0.045455	0.045455	0.045455	0.045455	0.045455	0.045455	0.045455	0.045455	


Matrix B :

0.090909	0.090909	0.090909	0.090909	0.090909	0.090909	0.090909	0.090909	0.090909	0.090909	0.090909	
0.000579	0.319050	0.204401	0.172554	0.121598	0.102490	0.070643	0.000579	0.006948	0.000579	0.000579	
0.000561	0.093154	0.389450	0.198092	0.154882	0.068462	0.049944	0.006734	0.012907	0.019080	0.006734	
0.000751	0.000751	0.248685	0.347859	0.157776	0.132983	0.025545	0.033809	0.017280	0.017280	0.017280	
0.001299	0.001299	0.015584	0.358442	0.301299	0.187013	0.044156	0.044156	0.029870	0.001299	0.015584	
0.002841	0.002841	0.002841	0.221591	0.284091	0.221591	0.190341	0.065341	0.002841	0.002841	0.002841	
0.004132	0.004132	0.004132	0.004132	0.095041	0.413223	0.276860	0.049587	0.049587	0.004132	0.095041	
0.008264	0.008264	0.008264	0.008264	0.099174	0.371901	0.462810	0.008264	0.008264	0.008264	0.008264	
0.045455	0.045455	0.045455	0.045455	0.045455	0.045455	0.045455	0.045455	0.545455	0.045455	0.045455	
0.090909	0.090909	0.090909	0.090909	0.090909	0.090909	0.090909	0.090909	0.090909	0.090909	0.090909	
0.045455	0.045455	0.045455	0.045455	0.045455	0.045455	0.045455	0.545455	0.045455	0.045455	0.045455	


Vector Pi :

0.003953	0.351779	0.221344	0.090909	0.177866	0.047431	0.090909	0.003953	0.003953	0.003953	0.003953	


Vector Phi :

0.001785	0.266719	0.280938	0.213206	0.117986	0.055253	0.035661	0.019521	0.003574	0.001785	0.003574	
