
Parameters: 11 states AND 11 symbols

Matrix A :

0.0909091	0.0909091	0.0909091	0.0909091	0.0909091	0.0909091	0.0909091	0.0909091	0.0909091	0.0909091	0.0909091	
0.000210438	0.766414	0.190025	0.0349327	0.00715488	0.000210438	0.000210438	0.000210438	0.000210438	0.000210438	0.000210438	
0.000304044	0.311341	0.478565	0.180906	0.0203709	0.00699301	0.000304044	0.000304044	0.000304044	0.000304044	0.000304044	
0.000428816	0.0287307	0.31175	0.424957	0.212693	0.0145798	0.0051458	0.000428816	0.000428816	0.000428816	0.000428816	
0.00066357	0.00796284	0.0517585	0.329131	0.424021	0.153948	0.0225614	0.00796284	0.00066357	0.00066357	0.00066357	
0.0015949	0.0015949	0.0015949	0.106858	0.370016	0.247209	0.229665	0.0191388	0.0191388	0.0015949	0.0015949	
0.00275482	0.00275482	0.00275482	0.00275482	0.0633609	0.336088	0.366391	0.184573	0.0330579	0.00275482	0.00275482	
0.00568182	0.00568182	0.00568182	0.00568182	0.00568182	0.318182	0.130682	0.318182	0.130682	0.00568182	0.0681818	
0.00909091	0.00909091	0.00909091	0.109091	0.00909091	0.00909091	0.209091	0.109091	0.309091	0.109091	0.109091	
0.030303	0.030303	0.030303	0.030303	0.030303	0.030303	0.030303	0.363636	0.363636	0.030303	0.030303	
0.0181818	0.0181818	0.0181818	0.0181818	0.0181818	0.0181818	0.0181818	0.0181818	0.218182	0.218182	0.418182	


Matrix B :

0.0909091	0.0909091	0.0909091	0.0909091	0.0909091	0.0909091	0.0909091	0.0909091	0.0909091	0.0909091	0.0909091	
0.000197628	0.513241	0.34585	0.100198	0.0284585	0.0110672	0.000197628	0.000197628	0.000197628	0.000197628	0.000197628	
0.000291375	0.090035	0.638112	0.189394	0.0611888	0.0195221	0.000291375	0.000291375	0.000291375	0.000291375	0.000291375	
0.0004095	0.0004095	0.302211	0.509419	0.135545	0.04095	0.00941851	0.0004095	0.0004095	0.0004095	0.0004095	
0.000649351	0.000649351	0.0220779	0.436364	0.379221	0.0863636	0.0435065	0.0292208	0.000649351	0.000649351	0.000649351	
0.00154083	0.00154083	0.00154083	0.238829	0.42527	0.22188	0.0354391	0.0523883	0.00154083	0.01849	0.00154083	
0.002457	0.002457	0.002457	0.0565111	0.272727	0.488943	0.137592	0.029484	0.002457	0.002457	0.002457	
0.00568182	0.00568182	0.00568182	0.00568182	0.130682	0.255682	0.255682	0.0681818	0.130682	0.00568182	0.130682	
0.00909091	0.00909091	0.00909091	0.00909091	0.00909091	0.509091	0.209091	0.209091	0.00909091	0.00909091	0.00909091	
0.030303	0.030303	0.030303	0.030303	0.030303	0.030303	0.030303	0.030303	0.363636	0.030303	0.363636	
0.0181818	0.0181818	0.0181818	0.0181818	0.0181818	0.0181818	0.418182	0.0181818	0.0181818	0.218182	0.218182	


Vector Pi :

0.00149031	0.460507	0.214605	0.165425	0.0670641	0.0342772	0.0506706	0.00149031	0.00149031	0.00149031	0.00149031	


Vector Phi :

0.000847593	0.357242	0.24721	0.175259	0.112728	0.0481613	0.029203	0.0138788	0.0086096	0.00256721	0.0042933	
