
Parameters: 11 states AND 11 symbols

Matrix A :

0.0909091	0.0909091	0.0909091	0.0909091	0.0909091	0.0909091	0.0909091	0.0909091	0.0909091	0.0909091	0.0909091	
0.000112651	0.912132	0.0856145	0.00135181	0.000112651	0.000112651	0.000112651	0.000112651	0.000112651	0.000112651	0.000112651	
0.00035791	0.2602	0.618468	0.0948461	0.0161059	0.00035791	0.00429492	0.00429492	0.00035791	0.00035791	0.00035791	
0.00124533	0.0560399	0.302615	0.521793	0.110834	0.00124533	0.00124533	0.00124533	0.00124533	0.00124533	0.00124533	
0.00293255	0.00293255	0.164223	0.164223	0.422287	0.0997067	0.131965	0.00293255	0.00293255	0.00293255	0.00293255	
0.00757576	0.00757576	0.00757576	0.340909	0.340909	0.174242	0.0909091	0.00757576	0.00757576	0.00757576	0.00757576	
0.00757576	0.00757576	0.00757576	0.00757576	0.00757576	0.424242	0.257576	0.257576	0.00757576	0.00757576	0.00757576	
0.010101	0.010101	0.010101	0.010101	0.010101	0.121212	0.232323	0.454545	0.010101	0.010101	0.121212	
0.0454545	0.0454545	0.0454545	0.0454545	0.545455	0.0454545	0.0454545	0.0454545	0.0454545	0.0454545	0.0454545	
0.0909091	0.0909091	0.0909091	0.0909091	0.0909091	0.0909091	0.0909091	0.0909091	0.0909091	0.0909091	0.0909091	
0.030303	0.030303	0.030303	0.030303	0.030303	0.030303	0.030303	0.030303	0.363636	0.030303	0.363636	


Matrix B :

0.0909091	0.0909091	0.0909091	0.0909091	0.0909091	0.0909091	0.0909091	0.0909091	0.0909091	0.0909091	0.0909091	
0.000107458	0.307436	0.420911	0.179776	0.0698474	0.0166559	0.000107458	0.00365356	0.00128949	0.000107458	0.000107458	
0.000343053	0.0305317	0.166381	0.339966	0.306003	0.0833619	0.0380789	0.019211	0.00789022	0.00411664	0.00411664	
0.00113636	0.00113636	0.0761364	0.326136	0.201136	0.213636	0.0761364	0.0636364	0.0261364	0.00113636	0.0136364	
0.00275482	0.0330579	0.0330579	0.214876	0.15427	0.245179	0.15427	0.0936639	0.0633609	0.00275482	0.00275482	
0.00699301	0.00699301	0.00699301	0.0839161	0.545455	0.160839	0.00699301	0.160839	0.00699301	0.00699301	0.00699301	
0.00757576	0.00757576	0.0909091	0.0909091	0.00757576	0.257576	0.340909	0.0909091	0.0909091	0.00757576	0.00757576	
0.010101	0.010101	0.010101	0.010101	0.010101	0.565657	0.343434	0.010101	0.010101	0.010101	0.010101	
0.0454545	0.0454545	0.0454545	0.545455	0.0454545	0.0454545	0.0454545	0.0454545	0.0454545	0.0454545	0.0454545	
0.0909091	0.0909091	0.0909091	0.0909091	0.0909091	0.0909091	0.0909091	0.0909091	0.0909091	0.0909091	0.0909091	
0.030303	0.030303	0.030303	0.030303	0.363636	0.363636	0.030303	0.030303	0.030303	0.030303	0.030303	


Vector Pi :

0.00149031	0.640835	0.181818	0.116244	0.0342772	0.0178838	0.00149031	0.00149031	0.00149031	0.00149031	0.00149031	


Vector Phi :

0.000829876	0.669709	0.210788	0.0605809	0.0257262	0.00995851	0.00995851	0.00746888	0.00165975	0.000829876	0.00248963	
