
Parameters: 11 states AND 11 symbols

Matrix A :

0.0909091	0.0909091	0.0909091	0.0909091	0.0909091	0.0909091	0.0909091	0.0909091	0.0909091	0.0909091	0.0909091	
0.00014453	0.866599	0.114612	0.0160428	0.00173435	0.00014453	0.00014453	0.00014453	0.00014453	0.00014453	0.00014453	
0.000305064	0.258694	0.600976	0.12111	0.0170836	0.000305064	0.000305064	0.000305064	0.000305064	0.000305064	0.000305064	
0.000668449	0.052139	0.294786	0.463904	0.15508	0.0300802	0.000668449	0.000668449	0.000668449	0.000668449	0.000668449	
0.00142045	0.00142045	0.0482955	0.329545	0.37642	0.204545	0.0170455	0.0170455	0.00142045	0.00142045	0.00142045	
0.002331	0.002331	0.0536131	0.130536	0.284382	0.310023	0.130536	0.0536131	0.027972	0.002331	0.002331	
0.00699301	0.00699301	0.00699301	0.00699301	0.00699301	0.468531	0.160839	0.314685	0.00699301	0.00699301	0.00699301	
0.00649351	0.00649351	0.00649351	0.00649351	0.0779221	0.220779	0.292208	0.220779	0.149351	0.00649351	0.00649351	
0.0227273	0.0227273	0.0227273	0.0227273	0.0227273	0.0227273	0.0227273	0.272727	0.0227273	0.272727	0.272727	
0.0227273	0.0227273	0.0227273	0.0227273	0.0227273	0.0227273	0.0227273	0.522727	0.0227273	0.272727	0.0227273	
0.030303	0.030303	0.030303	0.030303	0.030303	0.030303	0.030303	0.030303	0.030303	0.363636	0.363636	


Matrix B :

0.0909091	0.0909091	0.0909091	0.0909091	0.0909091	0.0909091	0.0909091	0.0909091	0.0909091	0.0909091	0.0909091	
0.000137533	0.270939	0.335992	0.199835	0.092422	0.0409847	0.0334204	0.0182918	0.00618897	0.00165039	0.000137533	
0.000291375	0.0259324	0.381702	0.259907	0.182984	0.090035	0.0355478	0.0034965	0.0034965	0.016317	0.000291375	
0.000640205	0.000640205	0.0851472	0.409091	0.261204	0.113316	0.049936	0.049936	0.000640205	0.0147247	0.0147247	
0.00135685	0.00135685	0.00135685	0.210312	0.434193	0.225237	0.105834	0.0162822	0.00135685	0.00135685	0.00135685	
0.0021645	0.0021645	0.0021645	0.025974	0.287879	0.311688	0.168831	0.121212	0.025974	0.025974	0.025974	
0.00606061	0.00606061	0.00606061	0.00606061	0.0727273	0.139394	0.339394	0.272727	0.00606061	0.0727273	0.0727273	
0.00649351	0.00649351	0.00649351	0.00649351	0.00649351	0.220779	0.292208	0.220779	0.0779221	0.149351	0.00649351	
0.0227273	0.0227273	0.0227273	0.0227273	0.0227273	0.0227273	0.0227273	0.772727	0.0227273	0.0227273	0.0227273	
0.0227273	0.0227273	0.0227273	0.0227273	0.0227273	0.0227273	0.0227273	0.0227273	0.772727	0.0227273	0.0227273	
0.030303	0.030303	0.030303	0.030303	0.030303	0.030303	0.030303	0.030303	0.363636	0.363636	0.030303	


Vector Pi :

0.00149031	0.509687	0.247392	0.099851	0.0506706	0.0506706	0.0342772	0.00149031	0.00149031	0.00149031	0.00149031	


Vector Phi :

0.000827097	0.52468	0.245588	0.112379	0.0528829	0.0322304	0.0107451	0.0115728	0.00330678	0.00330759	0.00248069	
