
Parameters: 11 states AND 11 symbols

Matrix A :

0.0909091	0.0909091	0.0909091	0.0909091	0.0909091	0.0909091	0.0909091	0.0909091	0.0909091	0.0909091	0.0909091	
0.000166806	0.785488	0.189158	0.0185154	0.00567139	0.000166806	0.000166806	0.000166806	0.000166806	0.000166806	0.000166806	
0.000265041	0.306387	0.519215	0.137291	0.032335	0.00318049	0.000265041	0.000265041	0.000265041	0.000265041	0.000265041	
0.000554324	0.0676275	0.323725	0.470067	0.104213	0.0249446	0.00665188	0.000554324	0.000554324	0.000554324	0.000554324	
0.00126263	0.00126263	0.084596	0.306818	0.40404	0.140152	0.0568182	0.00126263	0.00126263	0.00126263	0.00126263	
0.0025974	0.0311688	0.0311688	0.174026	0.231169	0.25974	0.231169	0.0311688	0.0025974	0.0025974	0.0025974	
0.00378788	0.00378788	0.00378788	0.00378788	0.0871212	0.337121	0.337121	0.128788	0.0454545	0.0454545	0.00378788	
0.00909091	0.00909091	0.00909091	0.109091	0.109091	0.109091	0.209091	0.309091	0.109091	0.00909091	0.00909091	
0.0227273	0.0227273	0.0227273	0.0227273	0.0227273	0.272727	0.0227273	0.0227273	0.0227273	0.522727	0.0227273	
0.0227273	0.0227273	0.0227273	0.0227273	0.0227273	0.0227273	0.0227273	0.272727	0.272727	0.0227273	0.272727	
0.030303	0.030303	0.030303	0.030303	0.030303	0.030303	0.030303	0.363636	0.030303	0.030303	0.363636	


Matrix B :

0.0909091	0.0909091	0.0909091	0.0909091	0.0909091	0.0909091	0.0909091	0.0909091	0.0909091	0.0909091	0.0909091	
0.000160333	0.467532	0.31233	0.130672	0.0530704	0.017797	0.0107423	0.00721501	0.000160333	0.000160333	0.000160333	
0.000254647	0.117902	0.465241	0.23835	0.0982939	0.0422715	0.0282659	0.00585689	0.00305577	0.000254647	0.000254647	
0.000510725	0.000510725	0.22523	0.382533	0.19714	0.124106	0.0510725	0.0173647	0.000510725	0.000510725	0.000510725	
0.00119617	0.00119617	0.145933	0.316986	0.238038	0.198565	0.027512	0.0669856	0.00119617	0.00119617	0.00119617	
0.00239234	0.00239234	0.0550239	0.160287	0.344498	0.239234	0.0550239	0.0813397	0.0550239	0.00239234	0.00239234	
0.0034965	0.0034965	0.0034965	0.0804196	0.234266	0.272727	0.195804	0.157343	0.041958	0.0034965	0.0034965	
0.00826446	0.00826446	0.00826446	0.0991736	0.00826446	0.190083	0.280992	0.280992	0.0991736	0.00826446	0.00826446	
0.0227273	0.0227273	0.0227273	0.0227273	0.272727	0.0227273	0.522727	0.0227273	0.0227273	0.0227273	0.0227273	
0.0227273	0.0227273	0.0227273	0.0227273	0.0227273	0.272727	0.0227273	0.272727	0.0227273	0.272727	0.0227273	
0.030303	0.030303	0.030303	0.030303	0.030303	0.030303	0.030303	0.030303	0.030303	0.030303	0.69697	


Vector Pi :

0.00149031	0.345753	0.247392	0.230999	0.0670641	0.0506706	0.0342772	0.0178838	0.00149031	0.00149031	0.00149031	


Vector Phi :

0.000828224	0.454234	0.283401	0.135723	0.0595938	0.0289683	0.0198655	0.00827876	0.00331179	0.00331185	0.00248428	
