
Parameters: 11 states AND 11 symbols

Matrix A :

0.090909	0.090909	0.090909	0.090909	0.090909	0.090909	0.090909	0.090909	0.090909	0.090909	0.090909	
0.000514	0.492039	0.356446	0.107858	0.034412	0.006163	0.000514	0.000514	0.000514	0.000514	0.000514	
0.000668	0.419786	0.235963	0.199198	0.088904	0.030080	0.015374	0.000668	0.000668	0.000668	0.008021	
0.001151	0.292290	0.266974	0.203682	0.153049	0.039125	0.039125	0.001151	0.001151	0.001151	0.001151	
0.001595	0.159490	0.212121	0.177033	0.264753	0.106858	0.054226	0.001595	0.019139	0.001595	0.001595	
0.003788	0.003788	0.253788	0.128788	0.253788	0.170455	0.087121	0.087121	0.003788	0.003788	0.003788	
0.005682	0.005682	0.005682	0.068182	0.193182	0.193182	0.193182	0.318182	0.005682	0.005682	0.005682	
0.009091	0.009091	0.009091	0.209091	0.209091	0.209091	0.009091	0.109091	0.209091	0.009091	0.009091	
0.015152	0.015152	0.181818	0.015152	0.015152	0.015152	0.348485	0.181818	0.181818	0.015152	0.015152	
0.090909	0.090909	0.090909	0.090909	0.090909	0.090909	0.090909	0.090909	0.090909	0.090909	0.090909	
0.045455	0.045455	0.045455	0.045455	0.045455	0.045455	0.045455	0.045455	0.545455	0.045455	0.045455	


Matrix B :

0.090909	0.090909	0.090909	0.090909	0.090909	0.090909	0.090909	0.090909	0.090909	0.090909	0.090909	
0.000494	0.272233	0.234190	0.158103	0.152668	0.060277	0.043972	0.038538	0.022233	0.005929	0.011364	
0.000645	0.177950	0.241779	0.270148	0.085751	0.099936	0.050290	0.014829	0.021921	0.029014	0.007737	
0.001122	0.050505	0.334456	0.210999	0.136925	0.087542	0.062851	0.062851	0.013468	0.001122	0.038159	
0.001515	0.001515	0.368182	0.268182	0.201515	0.101515	0.034848	0.018182	0.001515	0.001515	0.001515	
0.003497	0.003497	0.195804	0.272727	0.195804	0.157343	0.118881	0.003497	0.041958	0.003497	0.003497	
0.005682	0.005682	0.005682	0.193182	0.193182	0.130682	0.193182	0.068182	0.068182	0.130682	0.005682	
0.008264	0.008264	0.008264	0.190083	0.371901	0.190083	0.099174	0.008264	0.099174	0.008264	0.008264	
0.015152	0.015152	0.181818	0.348485	0.181818	0.015152	0.015152	0.015152	0.181818	0.015152	0.015152	
0.090909	0.090909	0.090909	0.090909	0.090909	0.090909	0.090909	0.090909	0.090909	0.090909	0.090909	
0.045455	0.045455	0.045455	0.045455	0.045455	0.045455	0.045455	0.045455	0.545455	0.045455	0.045455	


Vector Pi :

0.004329	0.337662	0.242424	0.099567	0.147186	0.099567	0.004329	0.051948	0.004329	0.004329	0.004329	


Vector Phi :

0.001965	0.347741	0.267191	0.155206	0.111984	0.047151	0.031434	0.019646	0.011788	0.001965	0.003929	
