
Parameters: 11 states AND 11 symbols

Matrix A :

0.0909091	0.0909091	0.0909091	0.0909091	0.0909091	0.0909091	0.0909091	0.0909091	0.0909091	0.0909091	0.0909091	
0.000121862	0.923714	0.0738484	0.00146234	0.000121862	0.000121862	0.000121862	0.000121862	0.000121862	0.000121862	0.000121862	
0.000322373	0.195358	0.730819	0.0712444	0.000322373	0.000322373	0.000322373	0.000322373	0.000322373	0.000322373	0.000322373	
0.000909091	0.0109091	0.210909	0.640909	0.120909	0.000909091	0.0109091	0.000909091	0.000909091	0.000909091	0.000909091	
0.00293255	0.00293255	0.00293255	0.422287	0.390029	0.164223	0.00293255	0.00293255	0.00293255	0.00293255	0.00293255	
0.00413223	0.00413223	0.00413223	0.0495868	0.27686	0.549587	0.0950413	0.00413223	0.00413223	0.00413223	0.00413223	
0.00909091	0.00909091	0.00909091	0.00909091	0.00909091	0.409091	0.309091	0.109091	0.00909091	0.109091	0.00909091	
0.0181818	0.0181818	0.0181818	0.0181818	0.0181818	0.0181818	0.418182	0.418182	0.0181818	0.0181818	0.0181818	
0.0454545	0.0454545	0.0454545	0.0454545	0.0454545	0.0454545	0.0454545	0.545455	0.0454545	0.0454545	0.0454545	
0.0454545	0.0454545	0.0454545	0.0454545	0.0454545	0.0454545	0.0454545	0.0454545	0.0454545	0.0454545	0.545455	
0.0227273	0.0227273	0.0227273	0.0227273	0.0227273	0.0227273	0.0227273	0.0227273	0.272727	0.0227273	0.522727	


Matrix B :

0.0909091	0.0909091	0.0909091	0.0909091	0.0909091	0.0909091	0.0909091	0.0909091	0.0909091	0.0909091	0.0909091	
0.000115955	0.386596	0.377667	0.125116	0.0638915	0.0230751	0.005218	0.00776902	0.00649351	0.00394249	0.000115955	
0.000307125	0.0205774	0.449631	0.34828	0.115172	0.0476044	0.0138206	0.000307125	0.000307125	0.000307125	0.0036855	
0.000874126	0.000874126	0.0681818	0.51049	0.250874	0.0777972	0.048951	0.0104895	0.000874126	0.000874126	0.0297203	
0.00275482	0.00275482	0.00275482	0.15427	0.305785	0.184573	0.0936639	0.0936639	0.0633609	0.0633609	0.0330579	
0.00395257	0.00395257	0.00395257	0.00395257	0.351779	0.351779	0.134387	0.0474308	0.0474308	0.00395257	0.0474308	
0.00826446	0.00826446	0.00826446	0.00826446	0.00826446	0.190083	0.371901	0.0991736	0.190083	0.0991736	0.00826446	
0.0181818	0.0181818	0.0181818	0.0181818	0.0181818	0.0181818	0.0181818	0.218182	0.218182	0.418182	0.0181818	
0.0454545	0.0454545	0.0454545	0.0454545	0.0454545	0.0454545	0.0454545	0.0454545	0.0454545	0.545455	0.0454545	
0.0454545	0.0454545	0.0454545	0.0454545	0.0454545	0.0454545	0.545455	0.0454545	0.0454545	0.0454545	0.0454545	
0.0227273	0.0227273	0.0227273	0.0227273	0.0227273	0.0227273	0.0227273	0.272727	0.522727	0.0227273	0.0227273	


Vector Pi :

0.00149031	0.624441	0.214605	0.0670641	0.0342772	0.0178838	0.0342772	0.00149031	0.00149031	0.00149031	0.00149031	


Vector Phi :

0.000743394	0.625716	0.237172	0.0811587	0.024085	0.0156891	0.00625718	0.00349652	0.00145743	0.00136913	0.00285605	
