
Parameters: 11 states AND 11 symbols

Matrix A :

0.0909091	0.0909091	0.0909091	0.0909091	0.0909091	0.0909091	0.0909091	0.0909091	0.0909091	0.0909091	0.0909091	
0.00025974	0.828831	0.165974	0.00025974	0.00311688	0.00025974	0.00025974	0.00025974	0.00025974	0.00025974	0.00025974	
0.00030003	0.19502	0.640564	0.155416	0.00360036	0.00360036	0.00030003	0.00030003	0.00030003	0.00030003	0.00030003	
0.000405844	0.00487013	0.205763	0.620942	0.16112	0.00487013	0.000405844	0.000405844	0.000405844	0.000405844	0.000405844	
0.000582751	0.000582751	0.0198135	0.218531	0.603147	0.154429	0.000582751	0.000582751	0.000582751	0.000582751	0.000582751	
0.00106952	0.00106952	0.00106952	0.0245989	0.271658	0.530481	0.154011	0.0128342	0.00106952	0.00106952	0.00106952	
0.00284091	0.00284091	0.00284091	0.0340909	0.00284091	0.377841	0.409091	0.159091	0.00284091	0.00284091	0.00284091	
0.00378788	0.00378788	0.00378788	0.00378788	0.00378788	0.0454545	0.170455	0.503788	0.212121	0.0454545	0.00378788	
0.00505051	0.00505051	0.00505051	0.00505051	0.00505051	0.00505051	0.0606061	0.282828	0.616162	0.00505051	0.00505051	
0.030303	0.030303	0.030303	0.030303	0.030303	0.030303	0.030303	0.030303	0.363636	0.030303	0.363636	
0.0227273	0.0227273	0.0227273	0.0227273	0.0227273	0.0227273	0.0227273	0.0227273	0.0227273	0.272727	0.522727	


Matrix B :

0.0909091	0.0909091	0.0909091	0.0909091	0.0909091	0.0909091	0.0909091	0.0909091	0.0909091	0.0909091	0.0909091	
0.0002457	0.467813	0.340786	0.132678	0.0407862	0.00835381	0.0029484	0.00565111	0.0002457	0.0002457	0.0002457	
0.000284981	0.30436	0.436022	0.169564	0.0410373	0.0347677	0.0128242	0.000284981	0.000284981	0.000284981	0.000284981	
0.000390168	0.0304331	0.554038	0.330862	0.0518923	0.0175575	0.0132657	0.000390168	0.000390168	0.000390168	0.000390168	
0.000568182	0.000568182	0.388068	0.356818	0.175568	0.0380682	0.0380682	0.000568182	0.000568182	0.000568182	0.000568182	
0.0010101	0.0010101	0.112121	0.634343	0.167677	0.0343434	0.0232323	0.0121212	0.0121212	0.0010101	0.0010101	
0.0025974	0.0025974	0.0025974	0.602597	0.231169	0.0883117	0.0311688	0.0025974	0.0025974	0.0311688	0.0025974	
0.003367	0.003367	0.003367	0.262626	0.484848	0.040404	0.114478	0.003367	0.040404	0.003367	0.040404	
0.00505051	0.00505051	0.00505051	0.00505051	0.616162	0.171717	0.00505051	0.00505051	0.00505051	0.00505051	0.171717	
0.030303	0.030303	0.030303	0.030303	0.030303	0.69697	0.030303	0.030303	0.030303	0.030303	0.030303	
0.0227273	0.0227273	0.0227273	0.0227273	0.0227273	0.522727	0.272727	0.0227273	0.0227273	0.0227273	0.0227273	


Vector Pi :

0.00149031	0.312966	0.280179	0.149031	0.0670641	0.0834575	0.0506706	0.0506706	0.00149031	0.00149031	0.00149031	


Vector Phi :

0.000831893	0.294881	0.251115	0.185778	0.129483	0.0705799	0.0265855	0.0199526	0.0149704	0.0024953	0.00332767	
