
Parameters: 11 states AND 11 symbols

Matrix A :

0.0909091	0.0909091	0.0909091	0.0909091	0.0909091	0.0909091	0.0909091	0.0909091	0.0909091	0.0909091	0.0909091	
8.15328e-05	0.954342	0.0404403	0.00187525	0.000978394	0.000978394	8.15328e-05	8.15328e-05	8.15328e-05	8.15328e-05	0.000978394	
0.001443	0.66811	0.223665	0.033189	0.017316	0.017316	0.001443	0.033189	0.001443	0.001443	0.001443	
0.00909091	0.509091	0.109091	0.109091	0.00909091	0.109091	0.00909091	0.109091	0.00909091	0.00909091	0.00909091	
0.0181818	0.0181818	0.218182	0.418182	0.0181818	0.0181818	0.0181818	0.0181818	0.0181818	0.218182	0.0181818	
0.0227273	0.272727	0.0227273	0.272727	0.0227273	0.0227273	0.0227273	0.272727	0.0227273	0.0227273	0.0227273	
0.0909091	0.0909091	0.0909091	0.0909091	0.0909091	0.0909091	0.0909091	0.0909091	0.0909091	0.0909091	0.0909091	
0.0181818	0.218182	0.218182	0.218182	0.218182	0.0181818	0.0181818	0.0181818	0.0181818	0.0181818	0.0181818	
0.0909091	0.0909091	0.0909091	0.0909091	0.0909091	0.0909091	0.0909091	0.0909091	0.0909091	0.0909091	0.0909091	
0.0454545	0.545455	0.0454545	0.0454545	0.0454545	0.0454545	0.0454545	0.0454545	0.0454545	0.0454545	0.0454545	
0.0454545	0.545455	0.0454545	0.0454545	0.0454545	0.0454545	0.0454545	0.0454545	0.0454545	0.0454545	0.0454545	


Matrix B :

0.0909091	0.0909091	0.0909091	0.0909091	0.0909091	0.0909091	0.0909091	0.0909091	0.0909091	0.0909091	0.0909091	
7.78331e-05	0.195283	0.380215	0.265489	0.0976806	0.0343244	0.016345	0.00607098	0.00264633	0.000933998	0.000933998	
0.00131752	0.0158103	0.0447958	0.27668	0.378129	0.160738	0.0737813	0.0158103	0.030303	0.00131752	0.00131752	
0.00909091	0.00909091	0.109091	0.109091	0.509091	0.00909091	0.109091	0.109091	0.00909091	0.00909091	0.00909091	
0.0181818	0.0181818	0.218182	0.0181818	0.418182	0.0181818	0.0181818	0.218182	0.0181818	0.0181818	0.0181818	
0.0227273	0.0227273	0.0227273	0.0227273	0.272727	0.0227273	0.0227273	0.522727	0.0227273	0.0227273	0.0227273	
0.0909091	0.0909091	0.0909091	0.0909091	0.0909091	0.0909091	0.0909091	0.0909091	0.0909091	0.0909091	0.0909091	
0.0181818	0.0181818	0.218182	0.218182	0.0181818	0.218182	0.218182	0.0181818	0.0181818	0.0181818	0.0181818	
0.0909091	0.0909091	0.0909091	0.0909091	0.0909091	0.0909091	0.0909091	0.0909091	0.0909091	0.0909091	0.0909091	
0.030303	0.030303	0.030303	0.030303	0.030303	0.030303	0.69697	0.030303	0.030303	0.030303	0.030303	
0.0454545	0.0454545	0.0454545	0.0454545	0.0454545	0.0454545	0.545455	0.0454545	0.0454545	0.0454545	0.0454545	


Vector Pi :

0.00149031	0.853949	0.099851	0.00149031	0.0178838	0.00149031	0.00149031	0.00149031	0.00149031	0.0178838	0.00149031	


Vector Phi :

0.000772024	0.924697	0.0518241	0.00773566	0.00322199	0.00319752	0.000772024	0.00399018	0.000772024	0.00141642	0.00160135	
