
Parameters: 11 states AND 11 symbols

Matrix A :

0.045455	0.045455	0.045455	0.045455	0.045455	0.045455	0.045455	0.045455	0.045455	0.045455	0.545455	
0.000292	0.916691	0.061386	0.013154	0.000292	0.003508	0.000292	0.000292	0.003508	0.000292	0.000292	
0.001196	0.264354	0.527512	0.159091	0.014354	0.014354	0.014354	0.001196	0.001196	0.001196	0.001196	
0.001653	0.092562	0.238017	0.401653	0.147107	0.056198	0.038017	0.019835	0.001653	0.001653	0.001653	
0.002933	0.002933	0.067449	0.260997	0.454545	0.099707	0.067449	0.035191	0.002933	0.002933	0.002933	
0.003788	0.003788	0.003788	0.128788	0.170455	0.378788	0.170455	0.045455	0.087121	0.003788	0.003788	
0.004132	0.004132	0.004132	0.140496	0.049587	0.231405	0.276860	0.140496	0.140496	0.004132	0.004132	
0.006061	0.006061	0.072727	0.072727	0.072727	0.072727	0.272727	0.072727	0.139394	0.206061	0.006061	
0.004132	0.004132	0.004132	0.004132	0.049587	0.004132	0.049587	0.276860	0.276860	0.322314	0.004132	
0.003636	0.003636	0.003636	0.043636	0.003636	0.003636	0.003636	0.003636	0.203636	0.523636	0.203636	
0.064171	0.005348	0.005348	0.005348	0.005348	0.005348	0.064171	0.064171	0.122995	0.064171	0.593583	


Matrix B :

0.045455	0.045455	0.045455	0.045455	0.045455	0.045455	0.545455	0.045455	0.045455	0.045455	0.045455	
0.000277	0.238082	0.219789	0.171009	0.177106	0.061253	0.046009	0.033814	0.006375	0.021619	0.024667	
0.001151	0.064442	0.228999	0.241657	0.165708	0.089758	0.064442	0.077100	0.039125	0.001151	0.026467	
0.001595	0.071770	0.299841	0.141946	0.194577	0.071770	0.071770	0.089314	0.036683	0.019139	0.001595	
0.002674	0.002674	0.326203	0.267380	0.179144	0.090909	0.032086	0.032086	0.002674	0.002674	0.061497	
0.003788	0.003788	0.212121	0.420455	0.128788	0.128788	0.045455	0.003788	0.045455	0.003788	0.003788	
0.003636	0.003636	0.083636	0.043636	0.123636	0.283636	0.163636	0.203636	0.003636	0.083636	0.003636	
0.006061	0.006061	0.072727	0.139394	0.472727	0.206061	0.006061	0.006061	0.072727	0.006061	0.006061	
0.004132	0.004132	0.049587	0.140496	0.140496	0.231405	0.049587	0.140496	0.049587	0.049587	0.140496	
0.003636	0.003636	0.003636	0.043636	0.203636	0.363636	0.163636	0.163636	0.043636	0.003636	0.003636	
0.004785	0.004785	0.004785	0.057416	0.110048	0.110048	0.320574	0.373206	0.004785	0.004785	0.004785	


Vector Pi :

0.002933	0.551320	0.099707	0.067449	0.099707	0.002933	0.099707	0.002933	0.002933	0.002933	0.067449	


Vector Phi :

0.003335	0.518252	0.126663	0.091675	0.051676	0.040007	0.036676	0.025008	0.036679	0.041683	0.028347	
