
Parameters: 11 states AND 11 symbols

Matrix A :

0.0909091	0.0909091	0.0909091	0.0909091	0.0909091	0.0909091	0.0909091	0.0909091	0.0909091	0.0909091	0.0909091	
0.00015977	0.82617	0.161847	0.0107046	0.00015977	0.00015977	0.00015977	0.00015977	0.00015977	0.00015977	0.00015977	
0.000268168	0.271655	0.599088	0.121212	0.00616787	0.000268168	0.000268168	0.000268168	0.000268168	0.000268168	0.000268168	
0.000528541	0.0237844	0.238901	0.570296	0.157505	0.00634249	0.000528541	0.000528541	0.000528541	0.000528541	0.000528541	
0.0013986	0.0167832	0.0475524	0.355245	0.370629	0.170629	0.0167832	0.0167832	0.0013986	0.0013986	0.0013986	
0.00324675	0.00324675	0.00324675	0.11039	0.324675	0.36039	0.181818	0.00324675	0.00324675	0.00324675	0.00324675	
0.00505051	0.00505051	0.00505051	0.00505051	0.116162	0.227273	0.560606	0.00505051	0.0606061	0.00505051	0.00505051	
0.0227273	0.0227273	0.0227273	0.0227273	0.0227273	0.272727	0.272727	0.0227273	0.0227273	0.272727	0.0227273	
0.030303	0.030303	0.030303	0.030303	0.030303	0.030303	0.030303	0.363636	0.030303	0.363636	0.030303	
0.030303	0.030303	0.030303	0.030303	0.030303	0.030303	0.030303	0.030303	0.363636	0.030303	0.363636	
0.030303	0.030303	0.030303	0.030303	0.030303	0.030303	0.030303	0.363636	0.030303	0.030303	0.363636	


Matrix B :

0.0909091	0.0909091	0.0909091	0.0909091	0.0909091	0.0909091	0.0909091	0.0909091	0.0909091	0.0909091	0.0909091	
0.000152788	0.265699	0.26738	0.19343	0.111077	0.075783	0.0455309	0.0169595	0.0203209	0.00183346	0.00183346	
0.000252525	0.019697	0.414141	0.250253	0.147475	0.0530303	0.0613636	0.0308081	0.0141414	0.00858586	0.000252525	
0.000505051	0.000505051	0.0227273	0.444949	0.244949	0.128283	0.0838384	0.0449495	0.0116162	0.00606061	0.0116162	
0.00135685	0.00135685	0.00135685	0.0610583	0.434193	0.31479	0.135685	0.0312076	0.0162822	0.00135685	0.00135685	
0.0031348	0.0031348	0.0031348	0.0031348	0.106583	0.520376	0.278997	0.0376176	0.0376176	0.0031348	0.0031348	
0.00454545	0.00454545	0.00454545	0.00454545	0.00454545	0.154545	0.504545	0.104545	0.104545	0.104545	0.00454545	
0.0227273	0.0227273	0.0227273	0.0227273	0.0227273	0.0227273	0.0227273	0.522727	0.0227273	0.272727	0.0227273	
0.030303	0.030303	0.030303	0.030303	0.030303	0.030303	0.030303	0.363636	0.030303	0.363636	0.030303	
0.030303	0.030303	0.030303	0.030303	0.030303	0.030303	0.030303	0.030303	0.030303	0.69697	0.030303	
0.030303	0.030303	0.030303	0.030303	0.030303	0.030303	0.030303	0.030303	0.030303	0.030303	0.69697	


Vector Pi :

0.00149031	0.444113	0.329359	0.132638	0.0342772	0.0178838	0.0342772	0.00149031	0.00149031	0.00149031	0.00149031	


Vector Phi :

0.000832093	0.469813	0.28279	0.143286	0.0541476	0.023321	0.0149896	0.00332972	0.00249715	0.00249691	0.00249659	
