
Parameters: 11 states AND 11 symbols

Matrix A :

0.045455	0.045455	0.045455	0.045455	0.045455	0.045455	0.045455	0.045455	0.045455	0.545455	0.045455	
0.000315	0.872287	0.097200	0.014155	0.010695	0.000315	0.003775	0.000315	0.000315	0.000315	0.000315	
0.000733	0.258798	0.573314	0.145894	0.016862	0.000733	0.000733	0.000733	0.000733	0.000733	0.000733	
0.001196	0.014354	0.238038	0.501196	0.211722	0.027512	0.001196	0.001196	0.001196	0.001196	0.001196	
0.001715	0.020583	0.077187	0.265866	0.416810	0.133791	0.020583	0.020583	0.020583	0.020583	0.001715	
0.004132	0.049587	0.004132	0.095041	0.322314	0.367769	0.095041	0.049587	0.004132	0.004132	0.004132	
0.009091	0.109091	0.109091	0.009091	0.109091	0.209091	0.209091	0.109091	0.009091	0.109091	0.009091	
0.011364	0.011364	0.136364	0.011364	0.011364	0.136364	0.261364	0.261364	0.136364	0.011364	0.011364	
0.015152	0.015152	0.015152	0.015152	0.181818	0.015152	0.181818	0.181818	0.015152	0.181818	0.181818	
0.121212	0.010101	0.010101	0.010101	0.010101	0.010101	0.010101	0.121212	0.232323	0.121212	0.343434	
0.015152	0.015152	0.015152	0.015152	0.015152	0.015152	0.015152	0.015152	0.181818	0.515152	0.181818	


Matrix B :

0.045455	0.045455	0.045455	0.045455	0.545455	0.045455	0.045455	0.045455	0.045455	0.045455	0.045455	
0.000299	0.194378	0.401615	0.197667	0.125299	0.069378	0.010167	0.000299	0.000299	0.000299	0.000299	
0.000699	0.023776	0.169930	0.416084	0.200699	0.093007	0.046853	0.023776	0.023776	0.000699	0.000699	
0.001082	0.012987	0.108225	0.096320	0.167749	0.251082	0.179654	0.072511	0.012987	0.072511	0.024892	
0.001684	0.001684	0.279461	0.242424	0.038721	0.075758	0.131313	0.131313	0.057239	0.001684	0.038721	
0.004132	0.004132	0.140496	0.231405	0.231405	0.095041	0.049587	0.185950	0.049587	0.004132	0.004132	
0.009091	0.009091	0.109091	0.009091	0.109091	0.309091	0.209091	0.109091	0.109091	0.009091	0.009091	
0.011364	0.011364	0.386364	0.011364	0.011364	0.261364	0.011364	0.261364	0.011364	0.011364	0.011364	
0.015152	0.015152	0.348485	0.015152	0.181818	0.015152	0.015152	0.181818	0.181818	0.015152	0.015152	
0.010101	0.010101	0.121212	0.232323	0.121212	0.232323	0.121212	0.121212	0.010101	0.010101	0.010101	
0.015152	0.181818	0.348485	0.181818	0.181818	0.015152	0.015152	0.015152	0.015152	0.015152	0.015152	


Vector Pi :

0.002933	0.486804	0.196481	0.228739	0.035191	0.035191	0.002933	0.002933	0.002933	0.002933	0.002933	


Vector Phi :

0.003245	0.478903	0.206317	0.128370	0.086861	0.033432	0.015986	0.012832	0.009731	0.014592	0.009731	
