
Parameters: 11 states AND 11 symbols

Matrix A :

0.090909	0.090909	0.090909	0.090909	0.090909	0.090909	0.090909	0.090909	0.090909	0.090909	0.090909	
0.000246	0.929975	0.062408	0.005651	0.000246	0.000246	0.000246	0.000246	0.000246	0.000246	0.000246	
0.000784	0.190439	0.673197	0.112853	0.018025	0.000784	0.000784	0.000784	0.000784	0.000784	0.000784	
0.002217	0.050998	0.294900	0.392461	0.099778	0.050998	0.026608	0.050998	0.026608	0.002217	0.002217	
0.004329	0.004329	0.099567	0.242424	0.385281	0.194805	0.004329	0.004329	0.051948	0.004329	0.004329	
0.006061	0.006061	0.006061	0.206061	0.272727	0.206061	0.139394	0.139394	0.006061	0.006061	0.006061	
0.015152	0.015152	0.015152	0.015152	0.181818	0.348485	0.181818	0.015152	0.181818	0.015152	0.015152	
0.010101	0.010101	0.010101	0.121212	0.010101	0.121212	0.121212	0.232323	0.232323	0.121212	0.010101	
0.009091	0.009091	0.109091	0.009091	0.109091	0.009091	0.009091	0.209091	0.109091	0.309091	0.109091	
0.009091	0.009091	0.009091	0.009091	0.009091	0.209091	0.009091	0.009091	0.309091	0.309091	0.109091	
0.015152	0.015152	0.015152	0.015152	0.015152	0.015152	0.015152	0.015152	0.015152	0.348485	0.515152	


Matrix B :

0.090909	0.090909	0.090909	0.090909	0.090909	0.090909	0.090909	0.090909	0.090909	0.090909	0.090909	
0.000232	0.150742	0.405844	0.219620	0.092069	0.066558	0.041048	0.012987	0.010436	0.000232	0.000232	
0.000758	0.025758	0.134091	0.350758	0.234091	0.117424	0.067424	0.050758	0.017424	0.000758	0.000758	
0.002114	0.025370	0.141649	0.304440	0.118393	0.188161	0.141649	0.025370	0.025370	0.025370	0.002114	
0.004132	0.049587	0.276860	0.095041	0.185950	0.140496	0.049587	0.049587	0.095041	0.049587	0.004132	
0.006061	0.006061	0.139394	0.072727	0.272727	0.072727	0.139394	0.139394	0.006061	0.139394	0.006061	
0.015152	0.015152	0.181818	0.015152	0.015152	0.515152	0.015152	0.015152	0.015152	0.015152	0.181818	
0.009091	0.009091	0.009091	0.009091	0.109091	0.009091	0.209091	0.109091	0.009091	0.109091	0.409091	
0.009091	0.009091	0.009091	0.009091	0.209091	0.309091	0.009091	0.209091	0.109091	0.109091	0.009091	
0.009091	0.009091	0.009091	0.009091	0.209091	0.309091	0.209091	0.209091	0.009091	0.009091	0.009091	
0.015152	0.015152	0.015152	0.015152	0.515152	0.348485	0.015152	0.015152	0.015152	0.015152	0.015152	


Vector Pi :

0.002933	0.744868	0.099707	0.067449	0.035191	0.002933	0.002933	0.035191	0.002933	0.002933	0.002933	


Vector Phi :

0.001680	0.602786	0.196710	0.069130	0.035411	0.025268	0.010103	0.015156	0.016836	0.016827	0.010092	
