
Parameters: 11 states AND 11 symbols

Matrix A :

0.0909091	0.0909091	0.0909091	0.0909091	0.0909091	0.0909091	0.0909091	0.0909091	0.0909091	0.0909091	0.0909091	
0.000182916	0.849277	0.141028	0.00621913	0.00219499	0.000182916	0.000182916	0.000182916	0.000182916	0.000182916	0.000182916	
0.000256805	0.200822	0.678223	0.118901	0.000256805	0.000256805	0.000256805	0.000256805	0.000256805	0.000256805	0.000256805	
0.000534759	0.0181818	0.241711	0.58877	0.135829	0.0122995	0.000534759	0.000534759	0.000534759	0.000534759	0.000534759	
0.000999001	0.000999001	0.011988	0.253746	0.583417	0.110889	0.033966	0.000999001	0.000999001	0.000999001	0.000999001	
0.002331	0.002331	0.027972	0.002331	0.335664	0.463869	0.156177	0.002331	0.002331	0.002331	0.002331	
0.00413223	0.00413223	0.00413223	0.0495868	0.00413223	0.322314	0.367769	0.18595	0.0495868	0.00413223	0.00413223	
0.00699301	0.00699301	0.00699301	0.00699301	0.00699301	0.0839161	0.237762	0.545455	0.00699301	0.0839161	0.00699301	
0.030303	0.030303	0.030303	0.030303	0.030303	0.030303	0.030303	0.363636	0.030303	0.363636	0.030303	
0.0181818	0.0181818	0.0181818	0.0181818	0.0181818	0.0181818	0.218182	0.0181818	0.218182	0.0181818	0.418182	
0.0181818	0.0181818	0.0181818	0.0181818	0.0181818	0.0181818	0.0181818	0.0181818	0.0181818	0.418182	0.418182	


Matrix B :

0.0909091	0.0909091	0.0909091	0.0909091	0.0909091	0.0909091	0.0909091	0.0909091	0.0909091	0.0909091	0.0909091	
0.000174155	0.260711	0.30094	0.208986	0.120864	0.0423197	0.0346569	0.0154998	0.00400557	0.00208986	0.0097527	
0.000244379	0.0083089	0.290567	0.355083	0.156158	0.110459	0.0459433	0.0217498	0.0083089	0.00293255	0.000244379	
0.000505051	0.000505051	0.0171717	0.272727	0.222727	0.261616	0.106061	0.0727273	0.0338384	0.0116162	0.000505051	
0.000956938	0.000956938	0.000956938	0.0220096	0.274641	0.369378	0.137799	0.0746411	0.0641148	0.0325359	0.0220096	
0.002331	0.002331	0.002331	0.002331	0.0792541	0.310023	0.310023	0.104895	0.0536131	0.027972	0.104895	
0.00378788	0.00378788	0.00378788	0.00378788	0.00378788	0.128788	0.253788	0.420455	0.0454545	0.128788	0.00378788	
0.00699301	0.00699301	0.00699301	0.00699301	0.00699301	0.00699301	0.160839	0.314685	0.0839161	0.0839161	0.314685	
0.0227273	0.0227273	0.0227273	0.0227273	0.0227273	0.0227273	0.0227273	0.272727	0.522727	0.0227273	0.0227273	
0.0181818	0.0181818	0.0181818	0.0181818	0.0181818	0.0181818	0.0181818	0.0181818	0.618182	0.0181818	0.218182	
0.0181818	0.0181818	0.0181818	0.0181818	0.0181818	0.0181818	0.0181818	0.0181818	0.218182	0.218182	0.418182	


Vector Pi :

0.00149031	0.411326	0.296572	0.165425	0.0670641	0.00149031	0.0342772	0.00149031	0.0178838	0.00149031	0.00149031	


Vector Phi :

0.000833472	0.414145	0.294993	0.141671	0.0758415	0.0325058	0.0183373	0.0108362	0.00250058	0.00416775	0.00416778	
