
Parameters: 11 states AND 11 symbols

Matrix A :

0.0909091	0.0909091	0.0909091	0.0909091	0.0909091	0.0909091	0.0909091	0.0909091	0.0909091	0.0909091	0.0909091	
0.000236742	0.487216	0.317945	0.130445	0.0419034	0.0132576	0.00284091	0.00544508	0.000236742	0.000236742	0.000236742	
0.000302024	0.349139	0.302628	0.212927	0.0933253	0.0268801	0.0135911	0.000302024	0.000302024	0.000302024	0.000302024	
0.000402253	0.288013	0.243765	0.257039	0.13757	0.04465	0.0269509	0.000402253	0.000402253	0.000402253	0.000402253	
0.000688705	0.152204	0.167355	0.273416	0.174931	0.0991736	0.0991736	0.0158402	0.0158402	0.000688705	0.000688705	
0.001443	0.0649351	0.112554	0.1443	0.271284	0.191919	0.1443	0.033189	0.017316	0.017316	0.001443	
0.00162338	0.0551948	0.0194805	0.108766	0.233766	0.180195	0.233766	0.0909091	0.0373377	0.0194805	0.0194805	
0.00478469	0.00478469	0.0574163	0.0574163	0.162679	0.0574163	0.215311	0.215311	0.162679	0.00478469	0.0574163	
0.00606061	0.00606061	0.00606061	0.00606061	0.00606061	0.206061	0.139394	0.139394	0.339394	0.0727273	0.0727273	
0.012987	0.012987	0.155844	0.012987	0.012987	0.012987	0.298701	0.012987	0.155844	0.155844	0.155844	
0.0181818	0.0181818	0.0181818	0.0181818	0.0181818	0.0181818	0.218182	0.218182	0.0181818	0.418182	0.0181818	


Matrix B :

0.0909091	0.0909091	0.0909091	0.0909091	0.0909091	0.0909091	0.0909091	0.0909091	0.0909091	0.0909091	0.0909091	
0.000222816	0.44385	0.321301	0.154635	0.0565954	0.0198307	0.0026738	0.000222816	0.000222816	0.000222816	0.000222816	
0.0002886	0.34632	0.425685	0.14632	0.0510823	0.0161616	0.0034632	0.0034632	0.0002886	0.0002886	0.00663781	
0.0003885	0.0944056	0.560218	0.226884	0.0602176	0.03885	0.013209	0.004662	0.0003885	0.0003885	0.0003885	
0.000658762	0.000658762	0.464427	0.333992	0.145586	0.0223979	0.0223979	0.000658762	0.000658762	0.00790514	0.000658762	
0.00135685	0.00135685	0.210312	0.553596	0.165536	0.046133	0.00135685	0.0162822	0.00135685	0.00135685	0.00135685	
0.0015674	0.0015674	0.0188088	0.587774	0.242947	0.0705329	0.0188088	0.0360502	0.0188088	0.0015674	0.0015674	
0.00454545	0.00454545	0.00454545	0.354545	0.404545	0.0545455	0.0545455	0.0545455	0.00454545	0.0545455	0.00454545	
0.00568182	0.00568182	0.00568182	0.0681818	0.255682	0.630682	0.00568182	0.00568182	0.00568182	0.00568182	0.00568182	
0.012987	0.012987	0.012987	0.012987	0.298701	0.441558	0.012987	0.155844	0.012987	0.012987	0.012987	
0.0181818	0.0181818	0.0181818	0.0181818	0.418182	0.218182	0.218182	0.0181818	0.0181818	0.0181818	0.0181818	


Vector Pi :

0.00149031	0.378539	0.230999	0.149031	0.099851	0.0670641	0.0342772	0.0178838	0.0178838	0.00149031	0.00149031	


Vector Phi :

0.000826427	0.31873	0.249095	0.18598	0.109052	0.0520449	0.046255	0.0157065	0.0123945	0.00578371	0.00413161	
