
Parameters: 11 states AND 11 symbols

Matrix A :

0.0909091	0.0909091	0.0909091	0.0909091	0.0909091	0.0909091	0.0909091	0.0909091	0.0909091	0.0909091	0.0909091	
0.000153563	0.902181	0.093059	0.00353194	0.000153563	0.000153563	0.000153563	0.000153563	0.000153563	0.000153563	0.000153563	
0.000266596	0.164489	0.736337	0.0970408	0.000266596	0.000266596	0.000266596	0.000266596	0.000266596	0.000266596	0.000266596	
0.000494071	0.00592885	0.179842	0.73419	0.0657115	0.0113636	0.000494071	0.000494071	0.000494071	0.000494071	0.000494071	
0.0026738	0.0026738	0.0320856	0.355615	0.44385	0.149733	0.0026738	0.0026738	0.0026738	0.0026738	0.0026738	
0.00454545	0.00454545	0.00454545	0.0545455	0.254545	0.454545	0.154545	0.0545455	0.00454545	0.00454545	0.00454545	
0.00649351	0.00649351	0.00649351	0.00649351	0.0779221	0.220779	0.577922	0.0779221	0.00649351	0.00649351	0.00649351	
0.0181818	0.0181818	0.0181818	0.0181818	0.0181818	0.0181818	0.218182	0.418182	0.218182	0.0181818	0.0181818	
0.030303	0.030303	0.030303	0.030303	0.030303	0.030303	0.363636	0.030303	0.030303	0.030303	0.363636	
0.0454545	0.0454545	0.0454545	0.0454545	0.0454545	0.0454545	0.0454545	0.0454545	0.545455	0.0454545	0.0454545	
0.0227273	0.0227273	0.0227273	0.0227273	0.0227273	0.0227273	0.0227273	0.0227273	0.0227273	0.272727	0.522727	


Matrix B :

0.0909091	0.0909091	0.0909091	0.0909091	0.0909091	0.0909091	0.0909091	0.0909091	0.0909091	0.0909091	0.0909091	
0.000146628	0.279179	0.337243	0.196921	0.0807918	0.0727273	0.0195015	0.00821114	0.00337243	0.00175953	0.000146628	
0.000254647	0.0114591	0.370003	0.316781	0.185129	0.0590782	0.0254647	0.0142602	0.00865801	0.00305577	0.00585689	
0.0004662	0.0004662	0.0414918	0.431235	0.231235	0.108159	0.0671329	0.0363636	0.0363636	0.0261072	0.020979	
0.002457	0.002457	0.002457	0.164619	0.272727	0.110565	0.272727	0.0835381	0.0565111	0.029484	0.002457	
0.004329	0.004329	0.004329	0.0519481	0.337662	0.290043	0.194805	0.004329	0.0995671	0.004329	0.004329	
0.00606061	0.00606061	0.00606061	0.00606061	0.206061	0.139394	0.0727273	0.206061	0.272727	0.0727273	0.00606061	
0.0181818	0.0181818	0.0181818	0.0181818	0.218182	0.218182	0.218182	0.0181818	0.218182	0.0181818	0.0181818	
0.030303	0.030303	0.030303	0.030303	0.030303	0.363636	0.030303	0.030303	0.030303	0.363636	0.030303	
0.0454545	0.0454545	0.0454545	0.0454545	0.0454545	0.0454545	0.0454545	0.0454545	0.0454545	0.545455	0.0454545	
0.0227273	0.0227273	0.0227273	0.0227273	0.0227273	0.0227273	0.272727	0.272727	0.272727	0.0227273	0.0227273	


Vector Pi :

0.00149031	0.460507	0.263785	0.181818	0.0506706	0.0178838	0.0178838	0.00149031	0.00149031	0.00149031	0.00149031	


Vector Phi :

0.000833458	0.493315	0.284166	0.153341	0.0283366	0.0166694	0.0116693	0.00416755	0.0025005	0.00166698	0.00333403	
