
Parameters: 11 states AND 11 symbols

Matrix A :

0.0909091	0.0909091	0.0909091	0.0909091	0.0909091	0.0909091	0.0909091	0.0909091	0.0909091	0.0909091	0.0909091	
0.000105463	0.858574	0.133516	0.00706602	0.000105463	0.000105463	0.000105463	0.000105463	0.000105463	0.000105463	0.000105463	
0.000343053	0.415437	0.483362	0.0795883	0.0154374	0.000343053	0.00411664	0.000343053	0.000343053	0.000343053	0.000343053	
0.00174825	0.232517	0.328671	0.309441	0.0979021	0.00174825	0.00174825	0.020979	0.00174825	0.00174825	0.00174825	
0.00649351	0.00649351	0.220779	0.435065	0.220779	0.00649351	0.0779221	0.00649351	0.00649351	0.00649351	0.00649351	
0.0909091	0.0909091	0.0909091	0.0909091	0.0909091	0.0909091	0.0909091	0.0909091	0.0909091	0.0909091	0.0909091	
0.0227273	0.0227273	0.272727	0.0227273	0.0227273	0.0227273	0.272727	0.0227273	0.0227273	0.272727	0.0227273	
0.030303	0.030303	0.030303	0.363636	0.030303	0.030303	0.030303	0.030303	0.030303	0.030303	0.363636	
0.0454545	0.0454545	0.0454545	0.0454545	0.0454545	0.0454545	0.0454545	0.545455	0.0454545	0.0454545	0.0454545	
0.030303	0.030303	0.030303	0.030303	0.363636	0.030303	0.030303	0.030303	0.363636	0.030303	0.030303	
0.0454545	0.0454545	0.0454545	0.0454545	0.0454545	0.0454545	0.0454545	0.0454545	0.0454545	0.545455	0.0454545	


Matrix B :

0.0909091	0.0909091	0.0909091	0.0909091	0.0909091	0.0909091	0.0909091	0.0909091	0.0909091	0.0909091	0.0909091	
0.00010012	0.454946	0.317281	0.138867	0.0584702	0.0166199	0.010012	0.00340408	0.00010012	0.00010012	0.00010012	
0.000328192	0.0436495	0.541844	0.216935	0.119462	0.0508697	0.0183787	0.000328192	0.000328192	0.000328192	0.00754841	
0.00171527	0.0205832	0.22813	0.360206	0.114923	0.114923	0.0205832	0.077187	0.058319	0.00171527	0.00171527	
0.00606061	0.00606061	0.00606061	0.406061	0.206061	0.139394	0.0727273	0.00606061	0.0727273	0.00606061	0.0727273	
0.0909091	0.0909091	0.0909091	0.0909091	0.0909091	0.0909091	0.0909091	0.0909091	0.0909091	0.0909091	0.0909091	
0.0227273	0.0227273	0.0227273	0.0227273	0.0227273	0.272727	0.272727	0.0227273	0.0227273	0.272727	0.0227273	
0.030303	0.030303	0.030303	0.363636	0.030303	0.363636	0.030303	0.030303	0.030303	0.030303	0.030303	
0.0454545	0.0454545	0.0454545	0.0454545	0.545455	0.0454545	0.0454545	0.0454545	0.0454545	0.0454545	0.0454545	
0.030303	0.030303	0.030303	0.030303	0.363636	0.030303	0.363636	0.030303	0.030303	0.030303	0.030303	
0.0454545	0.0454545	0.0454545	0.0454545	0.0454545	0.545455	0.0454545	0.0454545	0.0454545	0.0454545	0.0454545	


Vector Pi :

0.00149031	0.739195	0.198212	0.0342772	0.0178838	0.00149031	0.00149031	0.00149031	0.00149031	0.00149031	0.00149031	


Vector Phi :

0.000815568	0.715214	0.218758	0.0416194	0.0113717	0.000815568	0.00327111	0.00243145	0.00163102	0.00244637	0.00162605	
