
Parameters: 11 states AND 11 symbols

Matrix A :

0.0909091	0.0909091	0.0909091	0.0909091	0.0909091	0.0909091	0.0909091	0.0909091	0.0909091	0.0909091	0.0909091	
0.000169607	0.837856	0.145692	0.0113636	0.00390095	0.000169607	0.000169607	0.000169607	0.000169607	0.000169607	0.000169607	
0.000260485	0.235218	0.653556	0.109143	0.000260485	0.000260485	0.000260485	0.000260485	0.000260485	0.000260485	0.000260485	
0.000606061	0.0272727	0.260606	0.533939	0.147273	0.0206061	0.00727273	0.000606061	0.000606061	0.000606061	0.000606061	
0.00131752	0.0158103	0.030303	0.305665	0.479578	0.11726	0.030303	0.0158103	0.00131752	0.00131752	0.00131752	
0.00284091	0.00284091	0.0340909	0.0965909	0.284091	0.409091	0.159091	0.00284091	0.00284091	0.00284091	0.00284091	
0.00454545	0.00454545	0.00454545	0.0545455	0.0545455	0.304545	0.304545	0.254545	0.00454545	0.00454545	0.00454545	
0.00606061	0.00606061	0.00606061	0.00606061	0.00606061	0.00606061	0.339394	0.339394	0.139394	0.0727273	0.0727273	
0.00826446	0.00826446	0.00826446	0.00826446	0.00826446	0.0991736	0.00826446	0.280992	0.371901	0.190083	0.00826446	
0.010101	0.010101	0.010101	0.010101	0.010101	0.010101	0.010101	0.010101	0.454545	0.343434	0.121212	
0.0113636	0.0113636	0.0113636	0.0113636	0.0113636	0.0113636	0.0113636	0.0113636	0.0113636	0.261364	0.636364	


Matrix B :

0.0909091	0.0909091	0.0909091	0.0909091	0.0909091	0.0909091	0.0909091	0.0909091	0.0909091	0.0909091	0.0909091	
0.000161186	0.283849	0.290941	0.186331	0.129594	0.0586718	0.0125725	0.0196647	0.0125725	0.00370729	0.00193424	
0.00300526	0.0140245	0.333584	0.272978	0.16003	0.124217	0.0470824	0.0085149	0.0167794	0.0140245	0.00576008	
0.000564653	0.000564653	0.118577	0.280068	0.304912	0.155844	0.08131	0.0378317	0.0191982	0.000564653	0.000564653	
0.00126263	0.00126263	0.0151515	0.181818	0.362374	0.140152	0.15404	0.0568182	0.0290404	0.0429293	0.0151515	
0.0026738	0.0026738	0.0026738	0.237968	0.385027	0.120321	0.149733	0.0614973	0.0026738	0.0320856	0.0026738	
0.00454545	0.00454545	0.00454545	0.154545	0.254545	0.154545	0.304545	0.0545455	0.00454545	0.0545455	0.00454545	
0.00568182	0.00568182	0.00568182	0.00568182	0.318182	0.193182	0.130682	0.130682	0.0681818	0.130682	0.00568182	
0.00826446	0.00826446	0.00826446	0.00826446	0.00826446	0.46281	0.280992	0.190083	0.00826446	0.00826446	0.00826446	
0.00909091	0.00909091	0.00909091	0.00909091	0.00909091	0.209091	0.309091	0.109091	0.309091	0.00909091	0.00909091	
0.0113636	0.0113636	0.0113636	0.0113636	0.0113636	0.0113636	0.0113636	0.0113636	0.261364	0.636364	0.0113636	


Vector Pi :

0.00149031	0.444113	0.230999	0.181818	0.0670641	0.0342772	0.00149031	0.0178838	0.00149031	0.0178838	0.00149031	


Vector Phi :

0.000815424	0.452417	0.291688	0.123387	0.054928	0.0257782	0.0161413	0.0121215	0.0089238	0.00730511	0.00649471	
