
Parameters: 11 states AND 11 symbols

Matrix A :

0.0909091	0.0909091	0.0909091	0.0909091	0.0909091	0.0909091	0.0909091	0.0909091	0.0909091	0.0909091	0.0909091	
0.000123016	0.859392	0.123262	0.015008	0.000123016	0.000123016	0.0014762	0.000123016	0.000123016	0.000123016	0.000123016	
0.000327011	0.349248	0.482341	0.151406	0.0147155	0.000327011	0.000327011	0.000327011	0.000327011	0.000327011	0.000327011	
0.000770416	0.0431433	0.339753	0.424499	0.119414	0.0431433	0.0177196	0.00924499	0.000770416	0.000770416	0.000770416	
0.002457	0.029484	0.2457	0.272727	0.2457	0.164619	0.029484	0.002457	0.002457	0.002457	0.002457	
0.00454545	0.00454545	0.204545	0.154545	0.254545	0.304545	0.0545455	0.00454545	0.00454545	0.00454545	0.00454545	
0.012987	0.012987	0.012987	0.012987	0.441558	0.155844	0.155844	0.012987	0.155844	0.012987	0.012987	
0.0454545	0.0454545	0.0454545	0.0454545	0.0454545	0.0454545	0.0454545	0.0454545	0.0454545	0.545455	0.0454545	
0.030303	0.030303	0.030303	0.030303	0.363636	0.030303	0.030303	0.030303	0.030303	0.030303	0.363636	
0.0454545	0.0454545	0.0454545	0.0454545	0.0454545	0.545455	0.0454545	0.0454545	0.0454545	0.0454545	0.0454545	
0.0454545	0.0454545	0.0454545	0.0454545	0.0454545	0.0454545	0.0454545	0.0454545	0.545455	0.0454545	0.0454545	


Matrix B :

0.0909091	0.0909091	0.0909091	0.0909091	0.0909091	0.0909091	0.0909091	0.0909091	0.0909091	0.0909091	0.0909091	
0.000117606	0.330001	0.381748	0.168294	0.0699753	0.0337528	0.00787957	0.00270493	0.00141127	0.00399859	0.000117606	
0.000312402	0.0140581	0.330209	0.364574	0.172134	0.0827866	0.0243674	0.0106217	0.000312402	0.000312402	0.000312402	
0.000733138	0.000733138	0.0652493	0.242669	0.323314	0.210411	0.0894428	0.0491202	0.0168622	0.000733138	0.000733138	
0.00221729	0.00221729	0.0266075	0.343681	0.24612	0.148559	0.124169	0.00221729	0.0509978	0.0509978	0.00221729	
0.00413223	0.0495868	0.0950413	0.00413223	0.231405	0.231405	0.231405	0.00413223	0.0495868	0.00413223	0.0950413	
0.0113636	0.0113636	0.136364	0.0113636	0.386364	0.0113636	0.136364	0.136364	0.136364	0.0113636	0.0113636	
0.0454545	0.0454545	0.0454545	0.0454545	0.0454545	0.0454545	0.545455	0.0454545	0.0454545	0.0454545	0.0454545	
0.030303	0.030303	0.030303	0.030303	0.030303	0.363636	0.363636	0.030303	0.030303	0.030303	0.030303	
0.0454545	0.0454545	0.0454545	0.0454545	0.0454545	0.0454545	0.0454545	0.0454545	0.545455	0.0454545	0.0454545	
0.0454545	0.0454545	0.0454545	0.0454545	0.0454545	0.0454545	0.0454545	0.545455	0.0454545	0.0454545	0.0454545	


Vector Pi :

0.00149031	0.558867	0.198212	0.116244	0.0670641	0.0342772	0.0178838	0.00149031	0.00149031	0.00149031	0.00149031	


Vector Phi :

0.000820696	0.612562	0.230687	0.0961842	0.0302838	0.0163511	0.0057352	0.00163582	0.00246043	0.0016386	0.00164084	
