
Parameters: 11 states AND 11 symbols

Matrix A :

0.090909	0.090909	0.090909	0.090909	0.090909	0.090909	0.090909	0.090909	0.090909	0.090909	0.090909	
0.000192	0.860657	0.110129	0.023448	0.002306	0.000192	0.000192	0.000192	0.000192	0.000192	0.002306	
0.001057	0.559197	0.256871	0.047569	0.035941	0.035941	0.024313	0.035941	0.001057	0.001057	0.001057	
0.004329	0.432900	0.385281	0.099567	0.051948	0.004329	0.004329	0.004329	0.004329	0.004329	0.004329	
0.008264	0.462810	0.371901	0.008264	0.099174	0.008264	0.008264	0.008264	0.008264	0.008264	0.008264	
0.018182	0.218182	0.018182	0.218182	0.218182	0.018182	0.218182	0.018182	0.018182	0.018182	0.018182	
0.022727	0.272727	0.022727	0.272727	0.022727	0.272727	0.022727	0.022727	0.022727	0.022727	0.022727	
0.022727	0.022727	0.022727	0.022727	0.772727	0.022727	0.022727	0.022727	0.022727	0.022727	0.022727	
0.090909	0.090909	0.090909	0.090909	0.090909	0.090909	0.090909	0.090909	0.090909	0.090909	0.090909	
0.090909	0.090909	0.090909	0.090909	0.090909	0.090909	0.090909	0.090909	0.090909	0.090909	0.090909	
0.045455	0.045455	0.045455	0.545455	0.045455	0.045455	0.045455	0.045455	0.045455	0.045455	0.045455	


Matrix B :

0.090909	0.090909	0.090909	0.090909	0.090909	0.090909	0.090909	0.090909	0.090909	0.090909	0.090909	
0.000183	0.267789	0.354308	0.217487	0.090726	0.038412	0.020304	0.008231	0.002195	0.000183	0.000183	
0.001021	0.023493	0.315628	0.192033	0.214505	0.090909	0.102145	0.012257	0.034729	0.001021	0.012257	
0.003788	0.003788	0.170455	0.170455	0.295455	0.170455	0.087121	0.045455	0.045455	0.003788	0.003788	
0.008264	0.008264	0.099174	0.008264	0.280992	0.190083	0.008264	0.008264	0.008264	0.280992	0.099174	
0.018182	0.018182	0.018182	0.218182	0.018182	0.218182	0.218182	0.018182	0.218182	0.018182	0.018182	
0.022727	0.022727	0.522727	0.272727	0.022727	0.022727	0.022727	0.022727	0.022727	0.022727	0.022727	
0.022727	0.022727	0.022727	0.272727	0.272727	0.022727	0.022727	0.022727	0.022727	0.022727	0.272727	
0.090909	0.090909	0.090909	0.090909	0.090909	0.090909	0.090909	0.090909	0.090909	0.090909	0.090909	
0.090909	0.090909	0.090909	0.090909	0.090909	0.090909	0.090909	0.090909	0.090909	0.090909	0.090909	
0.045455	0.045455	0.045455	0.045455	0.045455	0.545455	0.045455	0.045455	0.045455	0.045455	0.045455	


Vector Pi :

0.002933	0.809384	0.067449	0.099707	0.002933	0.002933	0.002933	0.002933	0.002933	0.002933	0.002933	


Vector Phi :

0.001655	0.774113	0.143197	0.034581	0.018242	0.008312	0.006648	0.006650	0.001655	0.001655	0.003292	
