
Parameters: 11 states AND 11 symbols

Matrix A :

0.0909091	0.0909091	0.0909091	0.0909091	0.0909091	0.0909091	0.0909091	0.0909091	0.0909091	0.0909091	0.0909091	
0.00014476	0.648234	0.261291	0.063839	0.0224378	0.00332947	0.00014476	0.00014476	0.00014476	0.00014476	0.00014476	
0.000281452	0.511117	0.306783	0.117929	0.0374332	0.0188573	0.00337743	0.00337743	0.000281452	0.000281452	0.000281452	
0.000678426	0.306649	0.269335	0.261872	0.0976934	0.0379919	0.0156038	0.00814111	0.000678426	0.000678426	0.000678426	
0.00151515	0.151515	0.301515	0.234848	0.168182	0.0681818	0.0515152	0.0181818	0.00151515	0.00151515	0.00151515	
0.003367	0.188552	0.0774411	0.114478	0.151515	0.114478	0.114478	0.151515	0.0774411	0.003367	0.003367	
0.00649351	0.00649351	0.0779221	0.149351	0.220779	0.292208	0.0779221	0.0779221	0.00649351	0.0779221	0.00649351	
0.00826446	0.00826446	0.0991736	0.0991736	0.190083	0.00826446	0.190083	0.190083	0.0991736	0.00826446	0.0991736	
0.0227273	0.0227273	0.0227273	0.0227273	0.272727	0.272727	0.0227273	0.0227273	0.0227273	0.0227273	0.272727	
0.0454545	0.0454545	0.0454545	0.0454545	0.0454545	0.0454545	0.545455	0.0454545	0.0454545	0.0454545	0.0454545	
0.0181818	0.0181818	0.218182	0.0181818	0.0181818	0.218182	0.0181818	0.0181818	0.0181818	0.0181818	0.418182	


Matrix B :

0.0909091	0.0909091	0.0909091	0.0909091	0.0909091	0.0909091	0.0909091	0.0909091	0.0909091	0.0909091	0.0909091	
0.000138793	0.320749	0.337543	0.203192	0.0902151	0.0276197	0.0169327	0.00319223	0.000138793	0.000138793	0.000138793	
0.00026738	0.0208556	0.441444	0.264973	0.150267	0.0885027	0.0237968	0.00909091	0.00026738	0.00026738	0.00026738	
0.000649351	0.000649351	0.107792	0.414935	0.243506	0.172078	0.0220779	0.0149351	0.0149351	0.00779221	0.000649351	
0.00137741	0.00137741	0.0165289	0.243802	0.410468	0.0922865	0.107438	0.077135	0.0165289	0.0316804	0.00137741	
0.00324675	0.00324675	0.00324675	0.146104	0.288961	0.288961	0.146104	0.038961	0.038961	0.038961	0.00324675	
0.00568182	0.00568182	0.00568182	0.0681818	0.255682	0.193182	0.443182	0.00568182	0.00568182	0.00568182	0.00568182	
0.00826446	0.00826446	0.00826446	0.00826446	0.0991736	0.280992	0.46281	0.0991736	0.00826446	0.00826446	0.00826446	
0.0227273	0.0227273	0.0227273	0.0227273	0.272727	0.0227273	0.0227273	0.272727	0.272727	0.0227273	0.0227273	
0.0454545	0.0454545	0.0454545	0.0454545	0.0454545	0.0454545	0.0454545	0.545455	0.0454545	0.0454545	0.0454545	
0.0151515	0.0151515	0.0151515	0.0151515	0.0151515	0.0151515	0.181818	0.348485	0.181818	0.0151515	0.181818	


Vector Pi :

0.00149031	0.444113	0.280179	0.099851	0.099851	0.0178838	0.0342772	0.00149031	0.00149031	0.00149031	0.0178838	


Vector Phi :

0.00082713	0.519438	0.267163	0.110835	0.0496278	0.0223325	0.0115798	0.00909843	0.00330852	0.00165426	0.00413565	
