
Parameters: 11 states AND 11 symbols

Matrix A :

0.090909	0.090909	0.090909	0.090909	0.090909	0.090909	0.090909	0.090909	0.090909	0.090909	0.090909	
0.000494	0.804842	0.185277	0.005929	0.000494	0.000494	0.000494	0.000494	0.000494	0.000494	0.000494	
0.000565	0.211745	0.596838	0.174478	0.012987	0.000565	0.000565	0.000565	0.000565	0.000565	0.000565	
0.000812	0.009740	0.259740	0.563312	0.152597	0.009740	0.000812	0.000812	0.000812	0.000812	0.000812	
0.001443	0.001443	0.001443	0.303030	0.477633	0.207792	0.001443	0.001443	0.001443	0.001443	0.001443	
0.001976	0.001976	0.001976	0.001976	0.284585	0.501976	0.154150	0.045455	0.001976	0.001976	0.001976	
0.003497	0.003497	0.003497	0.003497	0.003497	0.272727	0.580420	0.118881	0.003497	0.003497	0.003497	
0.006494	0.006494	0.006494	0.006494	0.006494	0.077922	0.292208	0.435065	0.149351	0.006494	0.006494	
0.022727	0.022727	0.022727	0.022727	0.022727	0.022727	0.022727	0.272727	0.022727	0.272727	0.272727	
0.015152	0.015152	0.015152	0.015152	0.015152	0.015152	0.015152	0.181818	0.181818	0.348485	0.181818	
0.011364	0.011364	0.011364	0.011364	0.011364	0.011364	0.011364	0.011364	0.011364	0.261364	0.636364	


Matrix B :

0.090909	0.090909	0.090909	0.090909	0.090909	0.090909	0.090909	0.090909	0.090909	0.090909	0.090909	
0.000476	0.267492	0.476916	0.225607	0.026654	0.000476	0.000476	0.000476	0.000476	0.000476	0.000476	
0.000541	0.000541	0.381494	0.452922	0.155303	0.006494	0.000541	0.000541	0.000541	0.000541	0.000541	
0.000784	0.000784	0.000784	0.268025	0.552508	0.138715	0.035266	0.000784	0.000784	0.000784	0.000784	
0.001357	0.001357	0.001357	0.001357	0.210312	0.493894	0.210312	0.075984	0.001357	0.001357	0.001357	
0.001934	0.001934	0.001934	0.001934	0.001934	0.193424	0.448743	0.129594	0.150870	0.065764	0.001934	
0.003247	0.003247	0.003247	0.003247	0.003247	0.003247	0.181818	0.253247	0.324675	0.110390	0.110390	
0.006494	0.006494	0.006494	0.006494	0.006494	0.006494	0.006494	0.220779	0.506494	0.220779	0.006494	
0.022727	0.022727	0.022727	0.022727	0.022727	0.022727	0.022727	0.022727	0.272727	0.522727	0.022727	
0.015152	0.015152	0.015152	0.015152	0.015152	0.015152	0.015152	0.015152	0.015152	0.181818	0.681818	
0.011364	0.011364	0.011364	0.011364	0.011364	0.011364	0.011364	0.011364	0.011364	0.136364	0.761364	


Vector Pi :

0.003497	0.272727	0.311189	0.157343	0.157343	0.041958	0.041958	0.003497	0.003497	0.003497	0.003497	


Vector Phi :

0.001693	0.284471	0.248068	0.177257	0.103351	0.079458	0.049524	0.025083	0.006997	0.010327	0.013770	
