
Parameters: 11 states AND 11 symbols

Matrix A :

0.0909091	0.0909091	0.0909091	0.0909091	0.0909091	0.0909091	0.0909091	0.0909091	0.0909091	0.0909091	0.0909091	
0.000101235	0.974489	0.0234865	0.00121482	0.000101235	0.000101235	0.000101235	0.000101235	0.000101235	0.000101235	0.000101235	
0.000640205	0.148528	0.733035	0.106274	0.00768246	0.000640205	0.000640205	0.000640205	0.000640205	0.000640205	0.000640205	
0.0013986	0.0167832	0.201399	0.647552	0.109091	0.0167832	0.0013986	0.0013986	0.0013986	0.0013986	0.0013986	
0.0030303	0.0030303	0.136364	0.20303	0.50303	0.136364	0.0030303	0.0030303	0.0030303	0.0030303	0.0030303	
0.00757576	0.00757576	0.00757576	0.00757576	0.257576	0.257576	0.174242	0.257576	0.00757576	0.00757576	0.00757576	
0.00606061	0.00606061	0.00606061	0.00606061	0.139394	0.206061	0.472727	0.139394	0.00606061	0.00606061	0.00606061	
0.00568182	0.00568182	0.00568182	0.00568182	0.00568182	0.00568182	0.318182	0.380682	0.130682	0.0681818	0.0681818	
0.012987	0.012987	0.012987	0.012987	0.155844	0.012987	0.012987	0.441558	0.155844	0.155844	0.012987	
0.0151515	0.0151515	0.0151515	0.0151515	0.0151515	0.0151515	0.0151515	0.0151515	0.515152	0.348485	0.0151515	
0.0113636	0.0113636	0.0113636	0.0113636	0.0113636	0.0113636	0.0113636	0.0113636	0.0113636	0.136364	0.761364	


Matrix B :

0.0909091	0.0909091	0.0909091	0.0909091	0.0909091	0.0909091	0.0909091	0.0909091	0.0909091	0.0909091	0.0909091	
9.65065e-05	0.147655	0.282474	0.270797	0.176317	0.0744065	0.0340668	0.0075275	0.00646593	9.65065e-05	9.65065e-05	
0.000598086	0.00717703	0.0927033	0.329545	0.257177	0.11244	0.105861	0.0795455	0.013756	0.000598086	0.000598086	
0.0013986	0.0013986	0.0475524	0.13986	0.355245	0.201399	0.13986	0.0321678	0.0475524	0.0321678	0.0013986	
0.00275482	0.00275482	0.0633609	0.0633609	0.245179	0.305785	0.184573	0.0330579	0.0633609	0.0330579	0.00275482	
0.00699301	0.00699301	0.0839161	0.237762	0.237762	0.00699301	0.160839	0.0839161	0.00699301	0.160839	0.00699301	
0.00606061	0.00606061	0.00606061	0.272727	0.272727	0.139394	0.0727273	0.0727273	0.0727273	0.00606061	0.0727273	
0.00534759	0.00534759	0.00534759	0.0641711	0.240642	0.00534759	0.0641711	0.181818	0.122995	0.0641711	0.240642	
0.012987	0.012987	0.012987	0.012987	0.012987	0.298701	0.012987	0.155844	0.298701	0.012987	0.155844	
0.0151515	0.0151515	0.0151515	0.0151515	0.181818	0.0151515	0.0151515	0.0151515	0.348485	0.348485	0.0151515	
0.010101	0.010101	0.010101	0.121212	0.343434	0.121212	0.121212	0.232323	0.010101	0.010101	0.010101	


Vector Pi :

0.00149031	0.722802	0.149031	0.00149031	0.0506706	0.0178838	0.00149031	0.0342772	0.00149031	0.00149031	0.0178838	


Vector Phi :

0.000746948	0.756814	0.120947	0.0538944	0.0234495	0.009016	0.01027	0.0103031	0.00480961	0.00416816	0.00558166	
