
Parameters: 11 states AND 11 symbols

Matrix A :

0.090909	0.090909	0.090909	0.090909	0.090909	0.090909	0.090909	0.090909	0.090909	0.090909	0.090909	
0.000187	0.879037	0.086429	0.014560	0.006347	0.004293	0.002240	0.002240	0.000187	0.002240	0.002240	
0.001280	0.550576	0.212548	0.099872	0.029449	0.001280	0.057618	0.001280	0.029449	0.015365	0.001280	
0.005051	0.505051	0.227273	0.005051	0.116162	0.005051	0.005051	0.116162	0.005051	0.005051	0.005051	
0.010101	0.232323	0.343434	0.121212	0.010101	0.010101	0.232323	0.010101	0.010101	0.010101	0.010101	
0.030303	0.030303	0.363636	0.030303	0.363636	0.030303	0.030303	0.030303	0.030303	0.030303	0.030303	
0.011364	0.261364	0.386364	0.136364	0.136364	0.011364	0.011364	0.011364	0.011364	0.011364	0.011364	
0.022727	0.522727	0.272727	0.022727	0.022727	0.022727	0.022727	0.022727	0.022727	0.022727	0.022727	
0.030303	0.363636	0.363636	0.030303	0.030303	0.030303	0.030303	0.030303	0.030303	0.030303	0.030303	
0.030303	0.696970	0.030303	0.030303	0.030303	0.030303	0.030303	0.030303	0.030303	0.030303	0.030303	
0.045455	0.545455	0.045455	0.045455	0.045455	0.045455	0.045455	0.045455	0.045455	0.045455	0.045455	


Matrix B :

0.090909	0.090909	0.090909	0.090909	0.090909	0.090909	0.090909	0.090909	0.090909	0.090909	0.090909	
0.000178	0.062800	0.197830	0.272194	0.184131	0.143035	0.080413	0.033446	0.017790	0.002135	0.006049	
0.001212	0.001212	0.121212	0.254545	0.227879	0.241212	0.067879	0.067879	0.001212	0.014545	0.001212	
0.005051	0.005051	0.116162	0.116162	0.393939	0.227273	0.060606	0.005051	0.005051	0.060606	0.005051	
0.009091	0.009091	0.009091	0.209091	0.109091	0.309091	0.109091	0.009091	0.109091	0.109091	0.009091	
0.030303	0.030303	0.030303	0.030303	0.363636	0.030303	0.363636	0.030303	0.030303	0.030303	0.030303	
0.011364	0.011364	0.011364	0.261364	0.136364	0.011364	0.011364	0.261364	0.261364	0.011364	0.011364	
0.022727	0.022727	0.022727	0.022727	0.522727	0.022727	0.272727	0.022727	0.022727	0.022727	0.022727	
0.030303	0.030303	0.030303	0.030303	0.363636	0.363636	0.030303	0.030303	0.030303	0.030303	0.030303	
0.022727	0.022727	0.022727	0.022727	0.272727	0.022727	0.522727	0.022727	0.022727	0.022727	0.022727	
0.045455	0.045455	0.045455	0.045455	0.045455	0.045455	0.045455	0.045455	0.545455	0.045455	0.045455	


Vector Pi :

0.002933	0.777126	0.131965	0.035191	0.002933	0.002933	0.002933	0.002933	0.002933	0.035191	0.002933	


Vector Phi :

0.001655	0.798852	0.116926	0.028170	0.016334	0.004936	0.013513	0.006426	0.004949	0.004943	0.003296	
