
Parameters: 11 states AND 11 symbols

Matrix A :

0.0454545	0.0454545	0.0454545	0.0454545	0.0454545	0.0454545	0.0454545	0.0454545	0.0454545	0.0454545	0.545455	
0.000150263	0.85139	0.132382	0.0150263	0.000150263	0.000150263	0.000150263	0.000150263	0.000150263	0.000150263	0.000150263	
0.00030303	0.283636	0.570303	0.133636	0.0069697	0.00363636	0.00030303	0.00030303	0.00030303	0.00030303	0.00030303	
0.000582751	0.0262238	0.282634	0.519814	0.141608	0.0198135	0.00699301	0.000582751	0.000582751	0.000582751	0.000582751	
0.00112233	0.00112233	0.0505051	0.285073	0.519641	0.124579	0.013468	0.00112233	0.00112233	0.00112233	0.00112233	
0.00275482	0.00275482	0.00275482	0.0633609	0.396694	0.336088	0.15427	0.00275482	0.00275482	0.0330579	0.00275482	
0.00568182	0.00568182	0.00568182	0.00568182	0.130682	0.318182	0.380682	0.130682	0.00568182	0.00568182	0.00568182	
0.0227273	0.0227273	0.0227273	0.0227273	0.0227273	0.0227273	0.522727	0.0227273	0.272727	0.0227273	0.0227273	
0.030303	0.030303	0.030303	0.030303	0.030303	0.363636	0.030303	0.363636	0.030303	0.030303	0.030303	
0.363636	0.030303	0.030303	0.030303	0.030303	0.030303	0.030303	0.030303	0.363636	0.030303	0.030303	
0.0454545	0.0454545	0.0454545	0.0454545	0.0454545	0.0454545	0.0454545	0.0454545	0.0454545	0.545455	0.0454545	


Matrix B :

0.0454545	0.0454545	0.0454545	0.0454545	0.0454545	0.0454545	0.545455	0.0454545	0.0454545	0.0454545	0.0454545	
0.00014339	0.244623	0.386579	0.2115	0.0947806	0.0348437	0.0174935	0.00172068	0.00329796	0.00487525	0.00014339	
0.0002886	0.012987	0.327273	0.336797	0.222511	0.0606061	0.0256854	0.0034632	0.00663781	0.0034632	0.0002886	
0.000568182	0.00681818	0.0880682	0.325568	0.275568	0.200568	0.0818182	0.0130682	0.000568182	0.00681818	0.000568182	
0.000999001	0.011988	0.044955	0.154845	0.264735	0.253746	0.154845	0.044955	0.0559441	0.011988	0.000999001	
0.00275482	0.00275482	0.00275482	0.15427	0.245179	0.184573	0.275482	0.0330579	0.00275482	0.0633609	0.0330579	
0.00568182	0.00568182	0.00568182	0.00568182	0.193182	0.193182	0.130682	0.130682	0.130682	0.130682	0.0681818	
0.0181818	0.0181818	0.0181818	0.0181818	0.0181818	0.418182	0.218182	0.218182	0.0181818	0.0181818	0.0181818	
0.030303	0.030303	0.030303	0.030303	0.030303	0.363636	0.030303	0.363636	0.030303	0.030303	0.030303	
0.030303	0.030303	0.030303	0.030303	0.030303	0.363636	0.363636	0.030303	0.030303	0.030303	0.030303	
0.030303	0.030303	0.030303	0.030303	0.030303	0.030303	0.69697	0.030303	0.030303	0.030303	0.030303	


Vector Pi :

0.00149031	0.4769	0.247392	0.0670641	0.149031	0.0178838	0.00149031	0.0178838	0.00149031	0.00149031	0.0178838	


Vector Phi :

0.00162094	0.502893	0.249419	0.129729	0.0677624	0.0260061	0.012865	0.00323333	0.00242927	0.00241647	0.00162592	
