
Parameters: 11 states AND 11 symbols

Matrix A :

0.0454545	0.0454545	0.0454545	0.0454545	0.0454545	0.0454545	0.0454545	0.0454545	0.0454545	0.0454545	0.545455	
0.00020803	0.636364	0.281673	0.0574163	0.0185147	0.00478469	0.00020803	0.00020803	0.00020803	0.00020803	0.00020803	
0.000284091	0.375284	0.325284	0.215909	0.0721591	0.00965909	0.000284091	0.000284091	0.000284091	0.000284091	0.000284091	
0.000454545	0.145455	0.320455	0.285455	0.165455	0.0704545	0.00545455	0.00545455	0.000454545	0.000454545	0.000454545	
0.000819001	0.0819001	0.126945	0.26208	0.26208	0.180999	0.036855	0.027846	0.00982801	0.00982801	0.000819001	
0.001443	0.017316	0.128427	0.239538	0.160173	0.191919	0.0808081	0.128427	0.049062	0.001443	0.001443	
0.0030303	0.0030303	0.10303	0.069697	0.136364	0.236364	0.236364	0.169697	0.0363636	0.0030303	0.0030303	
0.0030303	0.0030303	0.069697	0.0030303	0.10303	0.136364	0.269697	0.269697	0.069697	0.069697	0.0030303	
0.0113636	0.0113636	0.0113636	0.261364	0.0113636	0.0113636	0.261364	0.261364	0.0113636	0.136364	0.0113636	
0.181818	0.0151515	0.0151515	0.0151515	0.0151515	0.0151515	0.348485	0.348485	0.0151515	0.0151515	0.0151515	
0.0454545	0.0454545	0.0454545	0.0454545	0.0454545	0.0454545	0.0454545	0.0454545	0.0454545	0.545455	0.0454545	


Matrix B :

0.0454545	0.0454545	0.0454545	0.0454545	0.0454545	0.0454545	0.0454545	0.0454545	0.545455	0.0454545	0.0454545	
0.0001972	0.39716	0.286531	0.160718	0.0847959	0.0349044	0.0175508	0.00887399	0.00453559	0.00453559	0.0001972	
0.000273	0.0963691	0.489762	0.168441	0.150423	0.0513241	0.021294	0.00627901	0.00627901	0.00928201	0.000273	
0.000437063	0.000437063	0.385052	0.361014	0.154283	0.0581294	0.0100524	0.0148601	0.0148601	0.000437063	0.000437063	
0.000777001	0.000777001	0.017871	0.479409	0.299922	0.0862471	0.034965	0.043512	0.026418	0.00932401	0.000777001	
0.0013369	0.0013369	0.0013369	0.251337	0.427807	0.148396	0.148396	0.0160428	0.0013369	0.0013369	0.0013369	
0.00284091	0.00284091	0.00284091	0.0340909	0.377841	0.284091	0.0653409	0.159091	0.0340909	0.0340909	0.00284091	
0.00284091	0.00284091	0.00284091	0.00284091	0.0340909	0.315341	0.284091	0.159091	0.127841	0.0340909	0.0340909	
0.0113636	0.0113636	0.0113636	0.0113636	0.0113636	0.136364	0.261364	0.136364	0.261364	0.136364	0.0113636	
0.0151515	0.0151515	0.0151515	0.0151515	0.0151515	0.0151515	0.515152	0.181818	0.181818	0.0151515	0.0151515	
0.0454545	0.0454545	0.0454545	0.0454545	0.0454545	0.0454545	0.0454545	0.545455	0.0454545	0.0454545	0.0454545	


Vector Pi :

0.00149031	0.378539	0.230999	0.132638	0.099851	0.0834575	0.0342772	0.0342772	0.00149031	0.00149031	0.00149031	


Vector Phi :

0.00165258	0.362758	0.263854	0.165209	0.0916911	0.0520471	0.0247842	0.0247843	0.00660928	0.0049572	0.00165267	
