
Parameters: 11 states AND 11 symbols

Matrix A :

0.0909091	0.0909091	0.0909091	0.0909091	0.0909091	0.0909091	0.0909091	0.0909091	0.0909091	0.0909091	0.0909091	
0.000136091	0.835465	0.14834	0.0151062	0.000136091	0.000136091	0.000136091	0.000136091	0.000136091	0.000136091	0.000136091	
0.000285878	0.314751	0.534877	0.129217	0.0160091	0.000285878	0.00343053	0.000285878	0.000285878	0.000285878	0.000285878	
0.000668449	0.0447861	0.309492	0.522727	0.0889037	0.0227273	0.000668449	0.00802139	0.000668449	0.000668449	0.000668449	
0.0020202	0.0464646	0.135354	0.268687	0.424242	0.0464646	0.0464646	0.0242424	0.0020202	0.0020202	0.0020202	
0.00606061	0.00606061	0.0727273	0.00606061	0.406061	0.339394	0.139394	0.00606061	0.00606061	0.00606061	0.00606061	
0.0113636	0.0113636	0.0113636	0.136364	0.136364	0.386364	0.136364	0.136364	0.0113636	0.0113636	0.0113636	
0.0227273	0.0227273	0.0227273	0.0227273	0.0227273	0.0227273	0.0227273	0.0227273	0.272727	0.272727	0.272727	
0.0227273	0.0227273	0.0227273	0.0227273	0.272727	0.272727	0.272727	0.0227273	0.0227273	0.0227273	0.0227273	
0.030303	0.030303	0.030303	0.030303	0.030303	0.030303	0.030303	0.030303	0.363636	0.363636	0.030303	
0.030303	0.030303	0.030303	0.030303	0.030303	0.030303	0.030303	0.030303	0.363636	0.030303	0.363636	


Matrix B :

0.0909091	0.0909091	0.0909091	0.0909091	0.0909091	0.0909091	0.0909091	0.0909091	0.0909091	0.0909091	0.0909091	
0.000130429	0.262684	0.411895	0.183775	0.0976914	0.0202165	0.0173471	0.00443459	0.00156515	0.000130429	0.000130429	
0.00026976	0.0121392	0.311842	0.388994	0.190181	0.0655517	0.0210413	0.00620448	0.00026976	0.00026976	0.00323712	
0.000631313	0.000631313	0.0839646	0.208965	0.271465	0.236742	0.118687	0.042298	0.0214646	0.00757576	0.00757576	
0.00189394	0.00189394	0.0435606	0.251894	0.293561	0.126894	0.168561	0.0227273	0.0643939	0.0227273	0.00189394	
0.00568182	0.00568182	0.00568182	0.318182	0.193182	0.255682	0.00568182	0.130682	0.0681818	0.00568182	0.00568182	
0.0113636	0.0113636	0.0113636	0.261364	0.386364	0.261364	0.0113636	0.0113636	0.0113636	0.0113636	0.0113636	
0.0227273	0.0227273	0.0227273	0.0227273	0.0227273	0.272727	0.272727	0.0227273	0.0227273	0.0227273	0.272727	
0.0227273	0.0227273	0.0227273	0.0227273	0.522727	0.0227273	0.272727	0.0227273	0.0227273	0.0227273	0.0227273	
0.030303	0.030303	0.030303	0.030303	0.030303	0.363636	0.363636	0.030303	0.030303	0.030303	0.030303	
0.030303	0.030303	0.030303	0.030303	0.030303	0.030303	0.030303	0.030303	0.030303	0.363636	0.363636	


Vector Pi :

0.00149031	0.493294	0.296572	0.132638	0.0506706	0.0178838	0.00149031	0.00149031	0.00149031	0.00149031	0.00149031	


Vector Phi :

0.000832433	0.552234	0.26534	0.113281	0.0374945	0.0124946	0.00666502	0.00333172	0.00333073	0.00249804	0.00249804	
