
Parameters: 11 states AND 11 symbols

Matrix A :

0.0909091	0.0909091	0.0909091	0.0909091	0.0909091	0.0909091	0.0909091	0.0909091	0.0909091	0.0909091	0.0909091	
0.000122026	0.894082	0.100793	0.00414887	0.000122026	0.000122026	0.000122026	0.000122026	0.000122026	0.000122026	0.000122026	
0.000309215	0.248609	0.636364	0.0989487	0.0105133	0.000309215	0.000309215	0.000309215	0.000309215	0.000309215	0.00371058	
0.00115075	0.0644419	0.317606	0.456847	0.115075	0.0391254	0.00115075	0.00115075	0.00115075	0.00115075	0.00115075	
0.00252525	0.00252525	0.141414	0.224747	0.363636	0.224747	0.030303	0.00252525	0.00252525	0.00252525	0.00252525	
0.00395257	0.00395257	0.00395257	0.0909091	0.351779	0.351779	0.134387	0.00395257	0.0474308	0.00395257	0.00395257	
0.00909091	0.00909091	0.00909091	0.00909091	0.109091	0.209091	0.509091	0.109091	0.00909091	0.00909091	0.00909091	
0.0227273	0.0227273	0.272727	0.0227273	0.272727	0.0227273	0.0227273	0.0227273	0.0227273	0.272727	0.0227273	
0.0454545	0.0454545	0.0454545	0.0454545	0.0454545	0.0454545	0.0454545	0.0454545	0.0454545	0.545455	0.0454545	
0.0151515	0.0151515	0.0151515	0.0151515	0.0151515	0.181818	0.0151515	0.348485	0.0151515	0.348485	0.0151515	
0.0181818	0.0181818	0.0181818	0.0181818	0.0181818	0.0181818	0.0181818	0.0181818	0.0181818	0.218182	0.618182	


Matrix B :

0.0909091	0.0909091	0.0909091	0.0909091	0.0909091	0.0909091	0.0909091	0.0909091	0.0909091	0.0909091	0.0909091	
0.000115808	0.198842	0.331326	0.259988	0.141517	0.0434279	0.0154024	0.00138969	0.00648523	0.00138969	0.000115808	
0.000297089	0.010101	0.127748	0.369578	0.297683	0.0950683	0.0460487	0.0362448	0.010101	0.00683304	0.000297089	
0.00110865	0.00110865	0.0620843	0.245011	0.269401	0.196231	0.0498891	0.0254989	0.037694	0.0742794	0.037694	
0.00239234	0.0287081	0.0550239	0.186603	0.344498	0.160287	0.00239234	0.107656	0.0813397	0.0287081	0.00239234	
0.00363636	0.00363636	0.0836364	0.243636	0.203636	0.203636	0.0436364	0.0836364	0.123636	0.00363636	0.00363636	
0.00909091	0.00909091	0.00909091	0.00909091	0.109091	0.409091	0.309091	0.109091	0.00909091	0.00909091	0.00909091	
0.0227273	0.0227273	0.0227273	0.272727	0.0227273	0.0227273	0.272727	0.272727	0.0227273	0.0227273	0.0227273	
0.0454545	0.0454545	0.0454545	0.545455	0.0454545	0.0454545	0.0454545	0.0454545	0.0454545	0.0454545	0.0454545	
0.012987	0.012987	0.012987	0.584416	0.012987	0.012987	0.012987	0.298701	0.012987	0.012987	0.012987	
0.0181818	0.0181818	0.0181818	0.0181818	0.218182	0.0181818	0.618182	0.0181818	0.0181818	0.0181818	0.0181818	


Vector Pi :

0.00149031	0.657228	0.198212	0.0506706	0.0342772	0.0342772	0.00149031	0.00149031	0.00149031	0.0178838	0.00149031	


Vector Phi :

0.000829876	0.618257	0.243983	0.0655602	0.0298755	0.0190872	0.00829877	0.00331951	0.00165975	0.00497926	0.00414938	
