
Parameters: 11 states AND 11 symbols

Matrix A :

0.090909	0.090909	0.090909	0.090909	0.090909	0.090909	0.090909	0.090909	0.090909	0.090909	0.090909	
0.000188	0.884246	0.074722	0.012611	0.012611	0.004329	0.000188	0.000188	0.002259	0.000188	0.008470	
0.001299	0.487013	0.272727	0.129870	0.001299	0.029870	0.029870	0.015584	0.001299	0.015584	0.015584	
0.004132	0.367769	0.231405	0.231405	0.049587	0.049587	0.049587	0.004132	0.004132	0.004132	0.004132	
0.008264	0.462810	0.280992	0.099174	0.099174	0.008264	0.008264	0.008264	0.008264	0.008264	0.008264	
0.015152	0.181818	0.348485	0.015152	0.348485	0.015152	0.015152	0.015152	0.015152	0.015152	0.015152	
0.022727	0.272727	0.522727	0.022727	0.022727	0.022727	0.022727	0.022727	0.022727	0.022727	0.022727	
0.045455	0.545455	0.045455	0.045455	0.045455	0.045455	0.045455	0.045455	0.045455	0.045455	0.045455	
0.045455	0.545455	0.045455	0.045455	0.045455	0.045455	0.045455	0.045455	0.045455	0.045455	0.045455	
0.045455	0.045455	0.545455	0.045455	0.045455	0.045455	0.045455	0.045455	0.045455	0.045455	0.045455	
0.015152	0.681818	0.181818	0.015152	0.015152	0.015152	0.015152	0.015152	0.015152	0.015152	0.015152	


Matrix B :

0.090909	0.090909	0.090909	0.090909	0.090909	0.090909	0.090909	0.090909	0.090909	0.090909	0.090909	
0.000180	0.413223	0.371721	0.124686	0.059468	0.012037	0.010061	0.004132	0.004132	0.000180	0.000180	
0.001229	0.122850	0.271499	0.271499	0.230958	0.082310	0.001229	0.001229	0.014742	0.001229	0.001229	
0.003788	0.003788	0.253788	0.128788	0.128788	0.212121	0.045455	0.045455	0.128788	0.003788	0.045455	
0.008264	0.099174	0.190083	0.190083	0.099174	0.190083	0.008264	0.190083	0.008264	0.008264	0.008264	
0.015152	0.015152	0.348485	0.181818	0.181818	0.181818	0.015152	0.015152	0.015152	0.015152	0.015152	
0.018182	0.018182	0.018182	0.218182	0.218182	0.018182	0.418182	0.018182	0.018182	0.018182	0.018182	
0.045455	0.045455	0.045455	0.545455	0.045455	0.045455	0.045455	0.045455	0.045455	0.045455	0.045455	
0.045455	0.045455	0.045455	0.545455	0.045455	0.045455	0.045455	0.045455	0.045455	0.045455	0.045455	
0.045455	0.045455	0.045455	0.545455	0.045455	0.045455	0.045455	0.045455	0.045455	0.045455	0.045455	
0.015152	0.015152	0.181818	0.348485	0.015152	0.348485	0.015152	0.015152	0.015152	0.015152	0.015152	


Vector Pi :

0.002933	0.744868	0.131965	0.067449	0.002933	0.002933	0.035191	0.002933	0.002933	0.002933	0.002933	


Vector Phi :

0.001642	0.793103	0.114943	0.036125	0.018062	0.009852	0.006568	0.003284	0.003284	0.003284	0.009852	
