
Parameters: 11 states AND 11 symbols

Matrix A :

0.090909	0.090909	0.090909	0.090909	0.090909	0.090909	0.090909	0.090909	0.090909	0.090909	0.090909	
0.000193	0.896379	0.078582	0.008667	0.002311	0.000193	0.006549	0.004430	0.002311	0.000193	0.000193	
0.001151	0.444189	0.342923	0.115075	0.039125	0.013809	0.026467	0.001151	0.001151	0.001151	0.013809	
0.003788	0.337121	0.378788	0.087121	0.087121	0.045455	0.045455	0.003788	0.003788	0.003788	0.003788	
0.010101	0.010101	0.343434	0.232323	0.232323	0.121212	0.010101	0.010101	0.010101	0.010101	0.010101	
0.018182	0.218182	0.218182	0.218182	0.018182	0.018182	0.018182	0.218182	0.018182	0.018182	0.018182	
0.011364	0.136364	0.011364	0.511364	0.011364	0.011364	0.136364	0.136364	0.011364	0.011364	0.011364	
0.015152	0.348485	0.181818	0.181818	0.015152	0.181818	0.015152	0.015152	0.015152	0.015152	0.015152	
0.045455	0.045455	0.045455	0.045455	0.045455	0.045455	0.045455	0.545455	0.045455	0.045455	0.045455	
0.090909	0.090909	0.090909	0.090909	0.090909	0.090909	0.090909	0.090909	0.090909	0.090909	0.090909	
0.045455	0.545455	0.045455	0.045455	0.045455	0.045455	0.045455	0.045455	0.045455	0.045455	0.045455	


Matrix B :

0.090909	0.090909	0.090909	0.090909	0.090909	0.090909	0.090909	0.090909	0.090909	0.090909	0.090909	
0.000184	0.292274	0.316614	0.178683	0.103633	0.046838	0.040752	0.016412	0.002213	0.002213	0.000184	
0.001045	0.024033	0.242424	0.242424	0.207941	0.138976	0.081505	0.047022	0.001045	0.001045	0.012539	
0.003788	0.003788	0.170455	0.337121	0.212121	0.128788	0.128788	0.003788	0.003788	0.003788	0.003788	
0.010101	0.010101	0.010101	0.232323	0.343434	0.121212	0.010101	0.010101	0.010101	0.232323	0.010101	
0.018182	0.018182	0.018182	0.218182	0.018182	0.218182	0.218182	0.018182	0.018182	0.018182	0.218182	
0.011364	0.011364	0.136364	0.136364	0.261364	0.386364	0.011364	0.011364	0.011364	0.011364	0.011364	
0.012987	0.012987	0.155844	0.155844	0.012987	0.584416	0.012987	0.012987	0.012987	0.012987	0.012987	
0.045455	0.045455	0.045455	0.045455	0.545455	0.045455	0.045455	0.045455	0.045455	0.045455	0.045455	
0.090909	0.090909	0.090909	0.090909	0.090909	0.090909	0.090909	0.090909	0.090909	0.090909	0.090909	
0.045455	0.045455	0.045455	0.045455	0.045455	0.045455	0.045455	0.545455	0.045455	0.045455	0.045455	


Vector Pi :

0.002933	0.680352	0.260997	0.002933	0.002933	0.002933	0.002933	0.035191	0.002933	0.002933	0.002933	


Vector Phi :

0.001642	0.775041	0.129721	0.039409	0.014778	0.008210	0.013136	0.009852	0.003284	0.001642	0.003284	
