
Parameters: 11 states AND 11 symbols

Matrix A :

0.0909091	0.0909091	0.0909091	0.0909091	0.0909091	0.0909091	0.0909091	0.0909091	0.0909091	0.0909091	0.0909091	
9.18274e-05	0.953627	0.0445363	9.18274e-05	9.18274e-05	0.00110193	9.18274e-05	9.18274e-05	9.18274e-05	9.18274e-05	9.18274e-05	
0.000516529	0.250517	0.710744	0.0289256	0.00619835	0.000516529	0.000516529	0.000516529	0.000516529	0.000516529	0.000516529	
0.00757576	0.00757576	0.340909	0.424242	0.174242	0.00757576	0.00757576	0.00757576	0.00757576	0.00757576	0.00757576	
0.012987	0.012987	0.155844	0.155844	0.298701	0.298701	0.012987	0.012987	0.012987	0.012987	0.012987	
0.0151515	0.181818	0.181818	0.0151515	0.181818	0.0151515	0.181818	0.0151515	0.0151515	0.181818	0.0151515	
0.030303	0.030303	0.030303	0.030303	0.030303	0.030303	0.363636	0.363636	0.030303	0.030303	0.030303	
0.030303	0.030303	0.030303	0.030303	0.030303	0.363636	0.030303	0.363636	0.030303	0.030303	0.030303	
0.0909091	0.0909091	0.0909091	0.0909091	0.0909091	0.0909091	0.0909091	0.0909091	0.0909091	0.0909091	0.0909091	
0.030303	0.030303	0.030303	0.030303	0.030303	0.363636	0.030303	0.030303	0.030303	0.030303	0.363636	
0.030303	0.030303	0.030303	0.030303	0.030303	0.030303	0.030303	0.030303	0.030303	0.363636	0.363636	


Matrix B :

0.0909091	0.0909091	0.0909091	0.0909091	0.0909091	0.0909091	0.0909091	0.0909091	0.0909091	0.0909091	0.0909091	
8.73286e-05	0.421797	0.433325	0.104794	0.0250633	0.0106541	0.00104794	0.00296917	8.73286e-05	8.73286e-05	8.73286e-05	
0.000494071	0.000494071	0.190711	0.489625	0.23419	0.076581	0.00592885	0.000494071	0.000494071	0.000494071	0.000494071	
0.00757576	0.00757576	0.00757576	0.0909091	0.340909	0.174242	0.340909	0.00757576	0.00757576	0.00757576	0.00757576	
0.012987	0.012987	0.012987	0.012987	0.155844	0.012987	0.584416	0.155844	0.012987	0.012987	0.012987	
0.012987	0.012987	0.012987	0.012987	0.155844	0.441558	0.012987	0.298701	0.012987	0.012987	0.012987	
0.030303	0.030303	0.030303	0.030303	0.030303	0.030303	0.69697	0.030303	0.030303	0.030303	0.030303	
0.030303	0.030303	0.030303	0.030303	0.030303	0.030303	0.030303	0.69697	0.030303	0.030303	0.030303	
0.0909091	0.0909091	0.0909091	0.0909091	0.0909091	0.0909091	0.0909091	0.0909091	0.0909091	0.0909091	0.0909091	
0.030303	0.030303	0.030303	0.030303	0.030303	0.030303	0.030303	0.030303	0.363636	0.363636	0.030303	
0.030303	0.030303	0.030303	0.030303	0.030303	0.030303	0.030303	0.030303	0.030303	0.030303	0.69697	


Vector Pi :

0.00149031	0.837556	0.132638	0.00149031	0.00149031	0.0178838	0.00149031	0.00149031	0.00149031	0.00149031	0.00149031	


Vector Phi :

0.000829876	0.821577	0.146058	0.00995851	0.00580913	0.00497926	0.00248963	0.00248963	0.000829876	0.00248963	0.00248963	
