
Parameters: 11 states AND 11 symbols

Matrix A :

0.0454545	0.0454545	0.0454545	0.0454545	0.0454545	0.0454545	0.0454545	0.0454545	0.0454545	0.0454545	0.545455	
0.000325839	0.806777	0.1652	0.0074943	0.0074943	0.00391007	0.000325839	0.000325839	0.0074943	0.000325839	0.000325839	
0.000452284	0.224333	0.542741	0.199457	0.0104025	0.00542741	0.00542741	0.000452284	0.00542741	0.000452284	0.00542741	
0.000475964	0.0318896	0.173251	0.586863	0.188958	0.00571157	0.00571157	0.000475964	0.000475964	0.00571157	0.000475964	
0.000683527	0.00820232	0.0307587	0.21121	0.481887	0.196172	0.0307587	0.0232399	0.00820232	0.00820232	0.000683527	
0.000909091	0.0109091	0.0209091	0.0609091	0.240909	0.460909	0.130909	0.0309091	0.000909091	0.000909091	0.0409091	
0.0011655	0.0011655	0.0011655	0.013986	0.039627	0.270396	0.513986	0.142191	0.0011655	0.013986	0.0011655	
0.00128041	0.00128041	0.00128041	0.0153649	0.00128041	0.0294494	0.198464	0.550576	0.099872	0.0857875	0.0153649	
0.002331	0.002331	0.0792541	0.002331	0.027972	0.027972	0.0792541	0.284382	0.258741	0.207459	0.027972	
0.00221729	0.00221729	0.0266075	0.00221729	0.00221729	0.00221729	0.0266075	0.0509978	0.27051	0.27051	0.343681	
0.0167832	0.0013986	0.0167832	0.0013986	0.0013986	0.0013986	0.0013986	0.0167832	0.0937063	0.186014	0.662937	


Matrix B :

0.0454545	0.0454545	0.0454545	0.545455	0.0454545	0.0454545	0.0454545	0.0454545	0.0454545	0.0454545	0.0454545	
0.00031027	0.37915	0.368911	0.170959	0.0583307	0.0207881	0.00031027	0.00031027	0.00031027	0.00031027	0.00031027	
0.000424809	0.12192	0.449023	0.280799	0.0938828	0.0518267	0.000424809	0.000424809	0.000424809	0.000424809	0.000424809	
0.000459137	0.00550964	0.202479	0.455005	0.283287	0.0358127	0.0156107	0.000459137	0.000459137	0.000459137	0.000459137	
0.000649351	0.0220779	0.0577922	0.257792	0.386364	0.207792	0.0649351	0.000649351	0.000649351	0.000649351	0.000649351	
0.000849618	0.0101954	0.112999	0.234494	0.346644	0.271878	0.0195412	0.000849618	0.000849618	0.000849618	0.000849618	
0.00110865	0.0254989	0.0986696	0.220621	0.269401	0.135255	0.0986696	0.14745	0.00110865	0.00110865	0.00110865	
0.0012285	0.014742	0.149877	0.230958	0.35258	0.12285	0.12285	0.0012285	0.0012285	0.0012285	0.0012285	
0.00221729	0.0266075	0.0997783	0.368071	0.2949	0.0266075	0.075388	0.0997783	0.00221729	0.00221729	0.00221729	
0.0021645	0.025974	0.192641	0.287879	0.24026	0.21645	0.025974	0.0021645	0.0021645	0.0021645	0.0021645	
0.00135685	0.00135685	0.046133	0.195387	0.34464	0.210312	0.0909091	0.0312076	0.00135685	0.0162822	0.0610583	


Vector Pi :

0.00149031	0.230999	0.230999	0.116244	0.116244	0.116244	0.0670641	0.0506706	0.0342772	0.0178838	0.0178838	


Vector Phi :

0.00175239	0.228026	0.163835	0.157263	0.110363	0.0837329	0.0659611	0.060678	0.0338277	0.0358749	0.0586861	
