
Parameters: 11 states AND 11 symbols

Matrix A :

0.0909091	0.0909091	0.0909091	0.0909091	0.0909091	0.0909091	0.0909091	0.0909091	0.0909091	0.0909091	0.0909091	
0.000139645	0.921799	0.0723363	0.00167574	0.00167574	0.00167574	0.000139645	0.000139645	0.000139645	0.000139645	0.000139645	
0.000304044	0.164184	0.762846	0.0638492	0.00699301	0.000304044	0.000304044	0.000304044	0.000304044	0.000304044	0.000304044	
0.00094697	0.00094697	0.230114	0.64678	0.094697	0.0217803	0.00094697	0.00094697	0.00094697	0.00094697	0.00094697	
0.00165289	0.00165289	0.0198347	0.201653	0.583471	0.128926	0.0380165	0.0198347	0.00165289	0.00165289	0.00165289	
0.002331	0.027972	0.002331	0.027972	0.207459	0.617716	0.0792541	0.002331	0.002331	0.002331	0.027972	
0.00649351	0.00649351	0.00649351	0.00649351	0.149351	0.149351	0.435065	0.149351	0.0779221	0.00649351	0.00649351	
0.010101	0.010101	0.010101	0.121212	0.010101	0.121212	0.121212	0.232323	0.232323	0.121212	0.010101	
0.012987	0.012987	0.012987	0.012987	0.012987	0.012987	0.012987	0.298701	0.298701	0.298701	0.012987	
0.00909091	0.00909091	0.00909091	0.00909091	0.00909091	0.109091	0.109091	0.00909091	0.109091	0.209091	0.409091	
0.00478469	0.00478469	0.00478469	0.00478469	0.00478469	0.00478469	0.00478469	0.0574163	0.00478469	0.215311	0.688995	


Matrix B :

0.0909091	0.0909091	0.0909091	0.0909091	0.0909091	0.0909091	0.0909091	0.0909091	0.0909091	0.0909091	0.0909091	
0.000133103	0.313457	0.411553	0.169972	0.0718754	0.0177026	0.00598962	0.00306136	0.00306136	0.000133103	0.00306136	
0.0002886	0.0256854	0.260606	0.495527	0.14632	0.0256854	0.0161616	0.0256854	0.0002886	0.0002886	0.0034632	
0.00090009	0.0405041	0.129613	0.377138	0.39694	0.0207021	0.0306031	0.00090009	0.00090009	0.00090009	0.00090009	
0.0015949	0.0191388	0.0893142	0.212121	0.229665	0.352472	0.0191388	0.0717703	0.0015949	0.0015949	0.0015949	
0.00221729	0.00221729	0.075388	0.148559	0.490022	0.148559	0.0509978	0.075388	0.00221729	0.00221729	0.00221729	
0.00649351	0.0779221	0.292208	0.0779221	0.506494	0.00649351	0.00649351	0.00649351	0.00649351	0.00649351	0.00649351	
0.00826446	0.0991736	0.190083	0.280992	0.280992	0.00826446	0.0991736	0.00826446	0.00826446	0.00826446	0.00826446	
0.012987	0.012987	0.012987	0.155844	0.441558	0.155844	0.155844	0.012987	0.012987	0.012987	0.012987	
0.00909091	0.00909091	0.409091	0.109091	0.209091	0.209091	0.00909091	0.00909091	0.00909091	0.00909091	0.00909091	
0.00454545	0.00454545	0.254545	0.304545	0.304545	0.104545	0.00454545	0.00454545	0.00454545	0.00454545	0.00454545	


Vector Pi :

0.00149031	0.52608	0.263785	0.0834575	0.0342772	0.0342772	0.00149031	0.0342772	0.00149031	0.00149031	0.0178838	


Vector Phi :

0.000836091	0.542009	0.249104	0.0800889	0.0459392	0.0326017	0.011712	0.00753408	0.00586146	0.00838128	0.0159317	
