
Parameters: 11 states AND 11 symbols

Matrix A :

0.0909091	0.0909091	0.0909091	0.0909091	0.0909091	0.0909091	0.0909091	0.0909091	0.0909091	0.0909091	0.0909091	
0.000140292	0.92298	0.0695847	0.00631313	0.000140292	0.000140292	0.000140292	0.000140292	0.000140292	0.000140292	0.000140292	
0.000311333	0.171544	0.736613	0.0893524	0.000311333	0.000311333	0.000311333	0.000311333	0.000311333	0.000311333	0.000311333	
0.000644745	0.000644745	0.192134	0.702772	0.0928433	0.000644745	0.000644745	0.000644745	0.000644745	0.000644745	0.00773694	
0.00252525	0.00252525	0.0858586	0.280303	0.474747	0.0858586	0.0580808	0.00252525	0.00252525	0.00252525	0.00252525	
0.00826446	0.00826446	0.00826446	0.0991736	0.280992	0.280992	0.190083	0.0991736	0.00826446	0.00826446	0.00826446	
0.00757576	0.00757576	0.00757576	0.00757576	0.0909091	0.257576	0.340909	0.174242	0.0909091	0.00757576	0.00757576	
0.00534759	0.00534759	0.00534759	0.00534759	0.0641711	0.0641711	0.181818	0.358289	0.299465	0.00534759	0.00534759	
0.00505051	0.00505051	0.00505051	0.00505051	0.00505051	0.00505051	0.00505051	0.282828	0.449495	0.227273	0.00505051	
0.00649351	0.00649351	0.00649351	0.00649351	0.00649351	0.00649351	0.00649351	0.149351	0.220779	0.292208	0.292208	
0.00909091	0.00909091	0.00909091	0.00909091	0.00909091	0.00909091	0.00909091	0.00909091	0.00909091	0.509091	0.409091	


Matrix B :

0.0909091	0.0909091	0.0909091	0.0909091	0.0909091	0.0909091	0.0909091	0.0909091	0.0909091	0.0909091	0.0909091	
0.000133298	0.114503	0.293388	0.236204	0.16289	0.0939749	0.0631832	0.0191949	0.0103972	0.00159957	0.00453212	
0.000298063	0.0134128	0.085544	0.157675	0.203577	0.275708	0.138003	0.0691505	0.0199702	0.0101341	0.0265276	
0.000610128	0.000610128	0.000610128	0.154973	0.168395	0.262355	0.14155	0.14155	0.0610128	0.0543014	0.0140329	
0.00239234	0.00239234	0.00239234	0.00239234	0.0287081	0.291866	0.26555	0.0813397	0.0550239	0.107656	0.160287	
0.00826446	0.00826446	0.00826446	0.0991736	0.00826446	0.0991736	0.190083	0.371901	0.190083	0.00826446	0.00826446	
0.00757576	0.00757576	0.00757576	0.00757576	0.00757576	0.174242	0.0909091	0.424242	0.257576	0.00757576	0.00757576	
0.00534759	0.00534759	0.00534759	0.0641711	0.0641711	0.240642	0.240642	0.181818	0.0641711	0.0641711	0.0641711	
0.00505051	0.00505051	0.00505051	0.0606061	0.0606061	0.116162	0.393939	0.116162	0.0606061	0.0606061	0.116162	
0.00606061	0.00606061	0.00606061	0.139394	0.272727	0.206061	0.272727	0.0727273	0.00606061	0.00606061	0.00606061	
0.00757576	0.00757576	0.00757576	0.00757576	0.424242	0.174242	0.0909091	0.00757576	0.257576	0.00757576	0.00757576	


Vector Pi :

0.00149031	0.542474	0.230999	0.132638	0.0342772	0.00149031	0.00149031	0.00149031	0.00149031	0.0178838	0.0342772	


Vector Phi :

0.000833998	0.543662	0.240431	0.116617	0.0298719	0.00916999	0.0100172	0.0142353	0.0150815	0.0117218	0.00835838	
