
Parameters: 11 states AND 11 symbols

Matrix A :

0.090909	0.090909	0.090909	0.090909	0.090909	0.090909	0.090909	0.090909	0.090909	0.090909	0.090909	
0.000252	0.903299	0.086124	0.008562	0.000252	0.000252	0.000252	0.000252	0.000252	0.000252	0.000252	
0.000891	0.275401	0.500891	0.108734	0.069519	0.010695	0.010695	0.010695	0.000891	0.000891	0.010695	
0.002457	0.056511	0.380835	0.218673	0.191646	0.029484	0.083538	0.002457	0.002457	0.002457	0.029484	
0.003135	0.072100	0.141066	0.278997	0.175549	0.210031	0.106583	0.003135	0.003135	0.003135	0.003135	
0.004545	0.004545	0.054545	0.154545	0.304545	0.154545	0.254545	0.054545	0.004545	0.004545	0.004545	
0.003497	0.003497	0.003497	0.041958	0.118881	0.272727	0.311189	0.195804	0.041958	0.003497	0.003497	
0.006061	0.006061	0.006061	0.072727	0.006061	0.072727	0.339394	0.472727	0.006061	0.006061	0.006061	
0.030303	0.363636	0.030303	0.363636	0.030303	0.030303	0.030303	0.030303	0.030303	0.030303	0.030303	
0.045455	0.045455	0.045455	0.045455	0.045455	0.045455	0.045455	0.045455	0.045455	0.045455	0.545455	
0.010101	0.010101	0.121212	0.010101	0.010101	0.010101	0.010101	0.010101	0.121212	0.121212	0.565657	


Matrix B :

0.090909	0.090909	0.090909	0.090909	0.090909	0.090909	0.090909	0.090909	0.090909	0.090909	0.090909	
0.000240	0.417126	0.287839	0.174382	0.076757	0.018710	0.013432	0.002878	0.008155	0.000240	0.000240	
0.000842	0.278620	0.398990	0.158249	0.121212	0.028620	0.000842	0.010101	0.000842	0.000842	0.000842	
0.002457	0.164619	0.488943	0.191646	0.137592	0.002457	0.002457	0.002457	0.002457	0.002457	0.002457	
0.003030	0.136364	0.469697	0.136364	0.203030	0.036364	0.003030	0.003030	0.003030	0.003030	0.003030	
0.004132	0.049587	0.458678	0.231405	0.185950	0.049587	0.004132	0.004132	0.004132	0.004132	0.004132	
0.003497	0.041958	0.311189	0.465035	0.080420	0.080420	0.003497	0.003497	0.003497	0.003497	0.003497	
0.005348	0.122995	0.181818	0.181818	0.358289	0.122995	0.005348	0.005348	0.005348	0.005348	0.005348	
0.030303	0.030303	0.363636	0.363636	0.030303	0.030303	0.030303	0.030303	0.030303	0.030303	0.030303	
0.045455	0.045455	0.045455	0.045455	0.545455	0.045455	0.045455	0.045455	0.045455	0.045455	0.045455	
0.009091	0.009091	0.009091	0.109091	0.209091	0.009091	0.009091	0.009091	0.209091	0.009091	0.409091	


Vector Pi :

0.002933	0.615836	0.164223	0.002933	0.035191	0.067449	0.002933	0.067449	0.002933	0.002933	0.035191	


Vector Phi :

0.001674	0.590041	0.171749	0.062004	0.048690	0.033566	0.043629	0.025174	0.005029	0.003351	0.015094	
