
Parameters: 11 states AND 11 symbols

Matrix A :

0.090909	0.090909	0.090909	0.090909	0.090909	0.090909	0.090909	0.090909	0.090909	0.090909	0.090909	
0.000224	0.946037	0.044559	0.002687	0.005150	0.000224	0.000224	0.000224	0.000224	0.000224	0.000224	
0.001466	0.275660	0.501466	0.146628	0.049853	0.001466	0.001466	0.001466	0.001466	0.017595	0.001466	
0.003636	0.003636	0.363636	0.323636	0.163636	0.123636	0.003636	0.003636	0.003636	0.003636	0.003636	
0.004785	0.057416	0.057416	0.162679	0.267943	0.110048	0.057416	0.162679	0.057416	0.057416	0.004785	
0.011364	0.011364	0.011364	0.011364	0.261364	0.011364	0.636364	0.011364	0.011364	0.011364	0.011364	
0.006993	0.083916	0.006993	0.083916	0.006993	0.006993	0.314685	0.391608	0.083916	0.006993	0.006993	
0.004329	0.051948	0.099567	0.051948	0.051948	0.099567	0.099567	0.337662	0.147186	0.004329	0.051948	
0.009091	0.009091	0.009091	0.109091	0.109091	0.009091	0.009091	0.209091	0.109091	0.309091	0.109091	
0.006993	0.083916	0.006993	0.006993	0.006993	0.006993	0.006993	0.160839	0.160839	0.391608	0.160839	
0.004132	0.004132	0.004132	0.004132	0.004132	0.004132	0.004132	0.049587	0.049587	0.095041	0.776860	


Matrix B :

0.090909	0.090909	0.090909	0.090909	0.090909	0.090909	0.090909	0.090909	0.090909	0.090909	0.090909	
0.000214	0.284920	0.284920	0.179037	0.134332	0.061390	0.021390	0.021390	0.007273	0.002567	0.002567	
0.016282	0.150611	0.419267	0.180461	0.105834	0.046133	0.046133	0.031208	0.001357	0.001357	0.001357	
0.003367	0.003367	0.188552	0.262626	0.040404	0.262626	0.077441	0.077441	0.003367	0.003367	0.077441	
0.004329	0.004329	0.099567	0.147186	0.194805	0.099567	0.290043	0.051948	0.051948	0.051948	0.004329	
0.011364	0.011364	0.011364	0.261364	0.136364	0.011364	0.386364	0.136364	0.011364	0.011364	0.011364	
0.006993	0.006993	0.160839	0.237762	0.160839	0.083916	0.083916	0.160839	0.083916	0.006993	0.006993	
0.004329	0.004329	0.099567	0.051948	0.194805	0.147186	0.337662	0.147186	0.004329	0.004329	0.004329	
0.008264	0.008264	0.008264	0.008264	0.190083	0.190083	0.099174	0.371901	0.099174	0.008264	0.008264	
0.006993	0.006993	0.083916	0.006993	0.006993	0.083916	0.237762	0.160839	0.314685	0.083916	0.006993	
0.003953	0.003953	0.003953	0.047431	0.047431	0.090909	0.177866	0.264822	0.221344	0.134387	0.003953	


Vector Pi :

0.002933	0.615836	0.164223	0.067449	0.067449	0.002933	0.002933	0.002933	0.035191	0.002933	0.035191	


Vector Phi :

0.001667	0.676638	0.103334	0.041669	0.031668	0.013335	0.021669	0.035005	0.016669	0.021670	0.036676	
