
Parameters: 11 states AND 11 symbols

Matrix A :

0.0909091	0.0909091	0.0909091	0.0909091	0.0909091	0.0909091	0.0909091	0.0909091	0.0909091	0.0909091	0.0909091	
0.000177557	0.812678	0.142756	0.0294744	0.0118963	0.000177557	0.00213068	0.000177557	0.000177557	0.000177557	0.000177557	
0.000344353	0.273072	0.534435	0.155647	0.0230716	0.011708	0.000344353	0.000344353	0.000344353	0.000344353	0.000344353	
0.000602047	0.0866948	0.25888	0.391331	0.159542	0.0535822	0.0403371	0.00722456	0.000602047	0.000602047	0.000602047	
0.000927644	0.0519481	0.0621521	0.225417	0.388683	0.184601	0.041744	0.0213358	0.0111317	0.000927644	0.0111317	
0.00142045	0.0170455	0.0482955	0.142045	0.22017	0.298295	0.173295	0.0795455	0.00142045	0.0170455	0.00142045	
0.00252525	0.030303	0.0580808	0.0580808	0.113636	0.252525	0.169192	0.19697	0.0580808	0.00252525	0.0580808	
0.00275482	0.0633609	0.00275482	0.0633609	0.123967	0.184573	0.0936639	0.184573	0.184573	0.0330579	0.0633609	
0.00478469	0.00478469	0.00478469	0.00478469	0.00478469	0.00478469	0.110048	0.425837	0.267943	0.0574163	0.110048	
0.00649351	0.0779221	0.00649351	0.00649351	0.0779221	0.00649351	0.0779221	0.220779	0.220779	0.220779	0.0779221	
0.00699301	0.00699301	0.00699301	0.00699301	0.00699301	0.00699301	0.00699301	0.00699301	0.0839161	0.545455	0.314685	


Matrix B :

0.0909091	0.0909091	0.0909091	0.0909091	0.0909091	0.0909091	0.0909091	0.0909091	0.0909091	0.0909091	0.0909091	
0.000168976	0.496452	0.353329	0.111693	0.02805	0.00574518	0.00388645	0.000168976	0.000168976	0.000168976	0.000168976	
0.00032352	0.131996	0.548366	0.210288	0.0714979	0.0287933	0.00744096	0.00032352	0.00032352	0.00032352	0.00032352	
0.000571755	0.0697541	0.321326	0.403087	0.0886221	0.0508862	0.0445969	0.00686106	0.00686106	0.00686106	0.000571755	
0.00090009	0.070207	0.29793	0.387039	0.109811	0.060306	0.00090009	0.0207021	0.0108011	0.0207021	0.0207021	
0.00135685	0.046133	0.284939	0.329715	0.165536	0.105834	0.046133	0.0162822	0.00135685	0.00135685	0.00135685	
0.00252525	0.0580808	0.308081	0.224747	0.19697	0.0858586	0.0580808	0.030303	0.030303	0.00252525	0.00252525	
0.0026738	0.0614973	0.296791	0.326203	0.149733	0.0614973	0.0026738	0.0026738	0.0614973	0.0320856	0.0026738	
0.00454545	0.00454545	0.204545	0.254545	0.254545	0.254545	0.00454545	0.00454545	0.00454545	0.00454545	0.00454545	
0.00606061	0.00606061	0.339394	0.472727	0.00606061	0.0727273	0.0727273	0.00606061	0.00606061	0.00606061	0.00606061	
0.00699301	0.0839161	0.391608	0.160839	0.160839	0.00699301	0.0839161	0.0839161	0.00699301	0.00699301	0.00699301	


Vector Pi :

0.00149031	0.42772	0.263785	0.132638	0.0506706	0.0506706	0.0178838	0.0178838	0.0178838	0.0178838	0.00149031	


Vector Phi :

0.000816771	0.427208	0.221246	0.125348	0.0807284	0.0523047	0.0285181	0.0266621	0.0153454	0.0113277	0.0104942	
