
Parameters: 11 states AND 11 symbols

Matrix A :

0.0909091	0.0909091	0.0909091	0.0909091	0.0909091	0.0909091	0.0909091	0.0909091	0.0909091	0.0909091	0.0909091	
0.000190585	0.771679	0.211931	0.0127692	0.00228702	0.000190585	0.000190585	0.000190585	0.000190585	0.000190585	0.000190585	
0.000262743	0.271939	0.529164	0.159222	0.0291645	0.00893326	0.000262743	0.000262743	0.000262743	0.000262743	0.000262743	
0.000561167	0.0684624	0.321549	0.377104	0.167228	0.0499439	0.0129068	0.000561167	0.000561167	0.000561167	0.000561167	
0.000937207	0.0215558	0.10403	0.310216	0.39269	0.114339	0.0524836	0.000937207	0.000937207	0.000937207	0.000937207	
0.00193424	0.00193424	0.00193424	0.129594	0.257253	0.27853	0.2147	0.108317	0.00193424	0.00193424	0.00193424	
0.002331	0.002331	0.002331	0.0536131	0.207459	0.2331	0.310023	0.130536	0.027972	0.027972	0.002331	
0.00505051	0.00505051	0.00505051	0.0606061	0.00505051	0.116162	0.449495	0.171717	0.0606061	0.116162	0.00505051	
0.0151515	0.0151515	0.0151515	0.0151515	0.0151515	0.0151515	0.181818	0.181818	0.348485	0.0151515	0.181818	
0.0151515	0.0151515	0.0151515	0.0151515	0.0151515	0.0151515	0.0151515	0.348485	0.0151515	0.348485	0.181818	
0.0151515	0.0151515	0.0151515	0.0151515	0.0151515	0.0151515	0.0151515	0.181818	0.181818	0.0151515	0.515152	


Matrix B :

0.0909091	0.0909091	0.0909091	0.0909091	0.0909091	0.0909091	0.0909091	0.0909091	0.0909091	0.0909091	0.0909091	
0.000183284	0.228006	0.353006	0.215909	0.115103	0.0687317	0.0082478	0.00421554	0.00421554	0.00219941	0.000183284	
0.000247036	0.000247036	0.157856	0.410573	0.271986	0.106225	0.0382905	0.013834	0.000247036	0.000247036	0.000247036	
0.000525486	0.000525486	0.0178665	0.133473	0.422491	0.266421	0.0987914	0.0409879	0.0178665	0.000525486	0.000525486	
0.000891266	0.000891266	0.030303	0.0499109	0.157754	0.314617	0.255793	0.118538	0.030303	0.040107	0.000891266	
0.00185529	0.00185529	0.00185529	0.0426716	0.124304	0.226345	0.185529	0.226345	0.0630798	0.0630798	0.0630798	
0.002331	0.002331	0.002331	0.002331	0.104895	0.130536	0.156177	0.361305	0.2331	0.002331	0.002331	
0.00505051	0.00505051	0.00505051	0.00505051	0.00505051	0.227273	0.338384	0.116162	0.171717	0.116162	0.00505051	
0.0151515	0.0151515	0.0151515	0.0151515	0.0151515	0.0151515	0.181818	0.181818	0.0151515	0.0151515	0.515152	
0.012987	0.012987	0.012987	0.012987	0.012987	0.155844	0.155844	0.012987	0.012987	0.012987	0.584416	
0.0151515	0.0151515	0.0151515	0.0151515	0.0151515	0.0151515	0.348485	0.181818	0.348485	0.0151515	0.0151515	


Vector Pi :

0.00149031	0.329359	0.345753	0.181818	0.0834575	0.0342772	0.00149031	0.00149031	0.00149031	0.0178838	0.00149031	


Vector Phi :

0.00083166	0.393741	0.288289	0.134852	0.080744	0.0391242	0.0324608	0.0149804	0.00499226	0.00499272	0.00499165	
