
Parameters: 11 states AND 11 symbols

Matrix A :

0.0909091	0.0909091	0.0909091	0.0909091	0.0909091	0.0909091	0.0909091	0.0909091	0.0909091	0.0909091	0.0909091	
0.000169607	0.886364	0.100916	0.00390095	0.00203528	0.00203528	0.00203528	0.000169607	0.000169607	0.000169607	0.00203528	
0.00027465	0.178522	0.722329	0.0878879	0.00933809	0.00027465	0.00027465	0.00027465	0.00027465	0.00027465	0.00027465	
0.000522466	0.000522466	0.195925	0.736155	0.0637409	0.000522466	0.000522466	0.000522466	0.000522466	0.000522466	0.000522466	
0.0021645	0.0021645	0.0497835	0.24026	0.478355	0.168831	0.0497835	0.0021645	0.0021645	0.0021645	0.0021645	
0.00284091	0.00284091	0.00284091	0.0653409	0.127841	0.565341	0.190341	0.0340909	0.00284091	0.00284091	0.00284091	
0.00363636	0.00363636	0.00363636	0.00363636	0.0836364	0.163636	0.443636	0.163636	0.0436364	0.0436364	0.0436364	
0.00505051	0.00505051	0.0606061	0.0606061	0.00505051	0.0606061	0.171717	0.449495	0.171717	0.00505051	0.00505051	
0.00826446	0.00826446	0.00826446	0.0991736	0.00826446	0.00826446	0.00826446	0.190083	0.371901	0.0991736	0.190083	
0.00699301	0.00699301	0.00699301	0.00699301	0.00699301	0.00699301	0.0839161	0.00699301	0.160839	0.468531	0.237762	
0.00534759	0.0641711	0.00534759	0.00534759	0.00534759	0.00534759	0.00534759	0.122995	0.00534759	0.240642	0.534759	


Matrix B :

0.0909091	0.0909091	0.0909091	0.0909091	0.0909091	0.0909091	0.0909091	0.0909091	0.0909091	0.0909091	0.0909091	
0.000160901	0.196621	0.362993	0.21609	0.109895	0.0744972	0.0267096	0.00724055	0.00547064	0.000160901	0.000160901	
0.000265041	0.0148423	0.102306	0.300557	0.312218	0.160615	0.0760668	0.032335	0.000265041	0.000265041	0.000265041	
0.000486145	0.000486145	0.0218765	0.123481	0.187652	0.262518	0.262518	0.128828	0.0111813	0.000486145	0.000486145	
0.00211416	0.00211416	0.00211416	0.0951374	0.188161	0.211416	0.188161	0.234672	0.0718816	0.00211416	0.00211416	
0.0026738	0.0026738	0.0026738	0.0320856	0.0026738	0.237968	0.26738	0.237968	0.149733	0.0614973	0.0026738	
0.00363636	0.00363636	0.00363636	0.00363636	0.00363636	0.483636	0.283636	0.0836364	0.00363636	0.0436364	0.0836364	
0.00454545	0.00454545	0.00454545	0.104545	0.0545455	0.254545	0.204545	0.0545455	0.0545455	0.254545	0.00454545	
0.00757576	0.00757576	0.00757576	0.00757576	0.00757576	0.0909091	0.590909	0.174242	0.0909091	0.00757576	0.00757576	
0.00699301	0.00699301	0.00699301	0.00699301	0.00699301	0.0839161	0.00699301	0.0839161	0.699301	0.0839161	0.00699301	
0.00534759	0.00534759	0.00534759	0.00534759	0.0641711	0.122995	0.358289	0.122995	0.122995	0.0641711	0.122995	


Vector Pi :

0.00149031	0.4769	0.198212	0.214605	0.0178838	0.0342772	0.00149031	0.0342772	0.0178838	0.00149031	0.00149031	


Vector Phi :

0.000833523	0.446633	0.275826	0.145008	0.0350038	0.0266722	0.0208388	0.0150053	0.00917024	0.0108377	0.0141719	
