
Parameters: 11 states AND 11 symbols

Matrix A :

0.0909091	0.0909091	0.0909091	0.0909091	0.0909091	0.0909091	0.0909091	0.0909091	0.0909091	0.0909091	0.0909091	
0.000162048	0.891428	0.101766	0.00550964	0.000162048	0.000162048	0.000162048	0.000162048	0.000162048	0.000162048	0.000162048	
0.00027465	0.175501	0.713266	0.106015	0.0032958	0.00027465	0.00027465	0.00027465	0.00027465	0.00027465	0.00027465	
0.000582751	0.0134033	0.231352	0.615967	0.128788	0.000582751	0.000582751	0.00699301	0.000582751	0.000582751	0.000582751	
0.000967118	0.000967118	0.0116054	0.203095	0.67118	0.0647969	0.0222437	0.0116054	0.000967118	0.000967118	0.0116054	
0.00395257	0.00395257	0.00395257	0.0909091	0.351779	0.438735	0.0909091	0.00395257	0.00395257	0.00395257	0.00395257	
0.00454545	0.00454545	0.0545455	0.00454545	0.00454545	0.304545	0.504545	0.104545	0.00454545	0.00454545	0.00454545	
0.010101	0.010101	0.010101	0.010101	0.010101	0.010101	0.454545	0.343434	0.121212	0.010101	0.010101	
0.0454545	0.0454545	0.0454545	0.0454545	0.0454545	0.0454545	0.545455	0.0454545	0.0454545	0.0454545	0.0454545	
0.0909091	0.0909091	0.0909091	0.0909091	0.0909091	0.0909091	0.0909091	0.0909091	0.0909091	0.0909091	0.0909091	
0.0454545	0.0454545	0.0454545	0.0454545	0.0454545	0.0454545	0.0454545	0.545455	0.0454545	0.0454545	0.0454545	


Matrix B :

0.0909091	0.0909091	0.0909091	0.0909091	0.0909091	0.0909091	0.0909091	0.0909091	0.0909091	0.0909091	0.0909091	
0.0001554	0.227506	0.335198	0.220668	0.138617	0.0616939	0.00699301	0.00699301	0.0018648	0.0001554	0.0001554	
0.000262743	0.00604309	0.176563	0.387546	0.219916	0.156332	0.0320547	0.0118234	0.00315292	0.00604309	0.000262743	
0.000544366	0.000544366	0.0544366	0.216113	0.341862	0.234077	0.102341	0.0304845	0.0125204	0.00653239	0.000544366	
0.000891266	0.000891266	0.000891266	0.138146	0.216578	0.216578	0.255793	0.118538	0.040107	0.000891266	0.0106952	
0.00395257	0.00395257	0.00395257	0.00395257	0.177866	0.264822	0.134387	0.264822	0.0474308	0.00395257	0.0909091	
0.004329	0.004329	0.004329	0.004329	0.004329	0.0519481	0.147186	0.4329	0.0995671	0.194805	0.0519481	
0.00909091	0.00909091	0.00909091	0.00909091	0.00909091	0.209091	0.00909091	0.109091	0.509091	0.00909091	0.109091	
0.0454545	0.0454545	0.0454545	0.0454545	0.0454545	0.0454545	0.0454545	0.0454545	0.0454545	0.0454545	0.545455	
0.0909091	0.0909091	0.0909091	0.0909091	0.0909091	0.0909091	0.0909091	0.0909091	0.0909091	0.0909091	0.0909091	
0.0454545	0.0454545	0.0454545	0.0454545	0.0454545	0.0454545	0.0454545	0.545455	0.0454545	0.0454545	0.0454545	


Vector Pi :

0.00149031	0.394933	0.230999	0.181818	0.149031	0.00149031	0.0178838	0.0178838	0.00149031	0.00149031	0.00149031	


Vector Phi :

0.000812751	0.471863	0.278773	0.128533	0.0743398	0.018349	0.0160438	0.00725065	0.00161839	0.000812751	0.00160361	
