
Parameters: 11 states AND 11 symbols

Matrix A :

0.0909091	0.0909091	0.0909091	0.0909091	0.0909091	0.0909091	0.0909091	0.0909091	0.0909091	0.0909091	0.0909091	
9.64041e-05	0.96086	0.0361515	9.64041e-05	0.00115685	9.64041e-05	9.64041e-05	9.64041e-05	9.64041e-05	9.64041e-05	0.00115685	
0.000590319	0.227863	0.662928	0.0914994	0.0135773	0.000590319	0.000590319	0.000590319	0.000590319	0.000590319	0.000590319	
0.00181818	0.00181818	0.281818	0.581818	0.0818182	0.0418182	0.00181818	0.00181818	0.00181818	0.00181818	0.00181818	
0.00478469	0.00478469	0.0574163	0.267943	0.373206	0.215311	0.00478469	0.00478469	0.00478469	0.0574163	0.00478469	
0.00649351	0.00649351	0.149351	0.0779221	0.149351	0.363636	0.149351	0.0779221	0.00649351	0.00649351	0.00649351	
0.012987	0.012987	0.012987	0.012987	0.155844	0.298701	0.441558	0.012987	0.012987	0.012987	0.012987	
0.030303	0.030303	0.030303	0.030303	0.030303	0.030303	0.363636	0.030303	0.363636	0.030303	0.030303	
0.0151515	0.0151515	0.0151515	0.0151515	0.181818	0.0151515	0.0151515	0.181818	0.348485	0.181818	0.0151515	
0.030303	0.030303	0.363636	0.030303	0.030303	0.030303	0.030303	0.030303	0.030303	0.030303	0.363636	
0.0181818	0.0181818	0.0181818	0.0181818	0.0181818	0.0181818	0.0181818	0.0181818	0.418182	0.0181818	0.418182	


Matrix B :

0.0909091	0.0909091	0.0909091	0.0909091	0.0909091	0.0909091	0.0909091	0.0909091	0.0909091	0.0909091	0.0909091	
9.22935e-05	0.183849	0.294509	0.241717	0.152377	0.0549146	0.0346101	0.0183664	0.00821412	0.00516844	0.00618366	
0.000547645	0.00657174	0.084885	0.235487	0.325849	0.127054	0.0969332	0.084885	0.0366922	0.000547645	0.000547645	
0.0016835	0.0016835	0.0572391	0.149832	0.335017	0.242424	0.131313	0.0572391	0.020202	0.0016835	0.0016835	
0.00454545	0.00454545	0.0545455	0.204545	0.354545	0.204545	0.154545	0.00454545	0.00454545	0.00454545	0.00454545	
0.00649351	0.00649351	0.149351	0.00649351	0.149351	0.220779	0.0779221	0.149351	0.0779221	0.149351	0.00649351	
0.012987	0.012987	0.012987	0.298701	0.012987	0.012987	0.298701	0.155844	0.155844	0.012987	0.012987	
0.030303	0.030303	0.363636	0.030303	0.363636	0.030303	0.030303	0.030303	0.030303	0.030303	0.030303	
0.0151515	0.0151515	0.0151515	0.181818	0.181818	0.348485	0.181818	0.0151515	0.0151515	0.0151515	0.0151515	
0.030303	0.030303	0.030303	0.030303	0.030303	0.363636	0.363636	0.030303	0.030303	0.030303	0.030303	
0.0151515	0.0151515	0.0151515	0.181818	0.0151515	0.0151515	0.0151515	0.681818	0.0151515	0.0151515	0.0151515	


Vector Pi :

0.00149031	0.706408	0.181818	0.0670641	0.0178838	0.00149031	0.00149031	0.00149031	0.00149031	0.00149031	0.0178838	


Vector Phi :

0.000840101	0.778228	0.130659	0.0423221	0.016013	0.0118027	0.00589139	0.00252085	0.00502617	0.00252059	0.00417596	
