
Parameters: 11 states AND 11 symbols

Matrix A :

0.090909	0.090909	0.090909	0.090909	0.090909	0.090909	0.090909	0.090909	0.090909	0.090909	0.090909	
0.000319	0.888038	0.081021	0.014354	0.003828	0.003828	0.003828	0.003828	0.000319	0.000319	0.000319	
0.000745	0.222057	0.640089	0.115499	0.008942	0.000745	0.008942	0.000745	0.000745	0.000745	0.000745	
0.001684	0.038721	0.297980	0.427609	0.149832	0.057239	0.001684	0.020202	0.001684	0.001684	0.001684	
0.003953	0.003953	0.047431	0.395257	0.221344	0.264822	0.003953	0.047431	0.003953	0.003953	0.003953	
0.002597	0.031169	0.031169	0.088312	0.145455	0.431169	0.174026	0.059740	0.002597	0.031169	0.002597	
0.003636	0.043636	0.043636	0.003636	0.043636	0.283636	0.403636	0.163636	0.003636	0.003636	0.003636	
0.003636	0.003636	0.003636	0.003636	0.043636	0.003636	0.203636	0.563636	0.083636	0.043636	0.043636	
0.018182	0.018182	0.018182	0.018182	0.018182	0.018182	0.218182	0.218182	0.018182	0.218182	0.218182	
0.008264	0.008264	0.008264	0.008264	0.008264	0.099174	0.008264	0.099174	0.099174	0.371901	0.280992	
0.006494	0.006494	0.006494	0.006494	0.006494	0.077922	0.006494	0.006494	0.077922	0.220779	0.577922	


Matrix B :

0.090909	0.090909	0.090909	0.090909	0.090909	0.090909	0.090909	0.090909	0.090909	0.090909	0.090909	
0.000303	0.340303	0.346970	0.176970	0.073636	0.030303	0.013636	0.010303	0.003636	0.000303	0.003636	
0.000705	0.202255	0.287526	0.303030	0.101480	0.039464	0.062720	0.000705	0.000705	0.000705	0.000705	
0.001653	0.128926	0.292562	0.201653	0.238017	0.038017	0.038017	0.019835	0.019835	0.001653	0.019835	
0.003953	0.090909	0.351779	0.177866	0.221344	0.090909	0.003953	0.047431	0.003953	0.003953	0.003953	
0.002525	0.030303	0.252525	0.391414	0.169192	0.113636	0.002525	0.002525	0.002525	0.002525	0.030303	
0.003367	0.114478	0.003367	0.336700	0.373737	0.114478	0.040404	0.003367	0.003367	0.003367	0.003367	
0.003367	0.003367	0.077441	0.188552	0.336700	0.225589	0.114478	0.003367	0.003367	0.003367	0.040404	
0.018182	0.018182	0.018182	0.218182	0.418182	0.018182	0.018182	0.018182	0.018182	0.218182	0.018182	
0.007576	0.007576	0.007576	0.424242	0.174242	0.174242	0.007576	0.007576	0.090909	0.090909	0.007576	
0.006061	0.006061	0.006061	0.206061	0.206061	0.339394	0.139394	0.072727	0.006061	0.006061	0.006061	


Vector Pi :

0.002933	0.486804	0.260997	0.035191	0.002933	0.035191	0.067449	0.035191	0.002933	0.035191	0.035191	


Vector Phi :

0.001753	0.464567	0.196865	0.089533	0.039159	0.060791	0.044708	0.047806	0.009224	0.020005	0.025589	
