
Parameters: 11 states AND 11 symbols

Matrix A :

0.0909091	0.0909091	0.0909091	0.0909091	0.0909091	0.0909091	0.0909091	0.0909091	0.0909091	0.0909091	0.0909091	
0.000191388	0.875981	0.109665	0.012823	0.000191388	0.000191388	0.000191388	0.000191388	0.000191388	0.000191388	0.000191388	
0.00026976	0.172377	0.706501	0.113029	0.00620448	0.00026976	0.00026976	0.00026976	0.00026976	0.00026976	0.00026976	
0.000614251	0.00737101	0.284398	0.487101	0.203317	0.0141278	0.000614251	0.000614251	0.000614251	0.000614251	0.000614251	
0.000819001	0.000819001	0.018837	0.280098	0.523342	0.162981	0.00982801	0.000819001	0.000819001	0.000819001	0.000819001	
0.00131752	0.00131752	0.0158103	0.00131752	0.291173	0.537549	0.131752	0.0158103	0.00131752	0.00131752	0.00131752	
0.00284091	0.00284091	0.00284091	0.00284091	0.00284091	0.315341	0.565341	0.0653409	0.0340909	0.00284091	0.00284091	
0.0113636	0.0113636	0.0113636	0.0113636	0.0113636	0.136364	0.136364	0.261364	0.386364	0.0113636	0.0113636	
0.012987	0.012987	0.012987	0.012987	0.012987	0.012987	0.298701	0.155844	0.155844	0.298701	0.012987	
0.012987	0.012987	0.012987	0.012987	0.012987	0.012987	0.012987	0.155844	0.155844	0.441558	0.155844	
0.0181818	0.0181818	0.0181818	0.0181818	0.0181818	0.0181818	0.0181818	0.0181818	0.0181818	0.218182	0.618182	


Matrix B :

0.0909091	0.0909091	0.0909091	0.0909091	0.0909091	0.0909091	0.0909091	0.0909091	0.0909091	0.0909091	0.0909091	
0.000182548	0.474078	0.383717	0.088536	0.030303	0.0202629	0.000182548	0.00219058	0.000182548	0.000182548	0.000182548	
0.000255363	0.00868233	0.604188	0.309244	0.0508172	0.0199183	0.00306435	0.000255363	0.00306435	0.000255363	0.000255363	
0.00058651	0.00058651	0.155425	0.516716	0.187683	0.0780059	0.026393	0.026393	0.00703812	0.00058651	0.00058651	
0.000777001	0.000777001	0.000777001	0.24864	0.351204	0.282828	0.043512	0.026418	0.017871	0.026418	0.000777001	
0.00128041	0.00128041	0.00128041	0.0857875	0.254802	0.466069	0.184379	0.00128041	0.00128041	0.00128041	0.00128041	
0.0026738	0.0026738	0.0026738	0.0026738	0.0614973	0.208556	0.473262	0.208556	0.0320856	0.0026738	0.0026738	
0.010101	0.010101	0.010101	0.010101	0.010101	0.121212	0.454545	0.121212	0.232323	0.010101	0.010101	
0.012987	0.012987	0.012987	0.012987	0.012987	0.012987	0.012987	0.441558	0.298701	0.012987	0.155844	
0.012987	0.012987	0.012987	0.012987	0.012987	0.012987	0.012987	0.155844	0.155844	0.012987	0.584416	
0.0181818	0.0181818	0.0181818	0.0181818	0.0181818	0.0181818	0.0181818	0.0181818	0.618182	0.218182	0.0181818	


Vector Pi :

0.00149031	0.362146	0.329359	0.116244	0.099851	0.0342772	0.0342772	0.0178838	0.00149031	0.00149031	0.00149031	


Vector Phi :

0.000830925	0.399474	0.278696	0.122708	0.0920547	0.0572481	0.0265606	0.00664318	0.00581384	0.00581587	0.00415498	
