
Parameters: 11 states AND 11 symbols

Matrix A :

0.0909091	0.0909091	0.0909091	0.0909091	0.0909091	0.0909091	0.0909091	0.0909091	0.0909091	0.0909091	0.0909091	
0.000513611	0.576785	0.288649	0.0852594	0.0287622	0.011813	0.00616333	0.000513611	0.000513611	0.000513611	0.000513611	
0.000475964	0.314612	0.408853	0.168015	0.0685388	0.0214184	0.000475964	0.00571157	0.000475964	0.000475964	0.0109472	
0.000561167	0.0499439	0.241302	0.38945	0.228956	0.0499439	0.0375982	0.000561167	0.000561167	0.000561167	0.000561167	
0.00058651	0.026393	0.0780059	0.207038	0.348974	0.200587	0.0973607	0.026393	0.00058651	0.0134897	0.00058651	
0.000654022	0.00784827	0.0438195	0.0797907	0.194899	0.403532	0.202093	0.0366252	0.0222368	0.000654022	0.00784827	
0.000804505	0.00965406	0.00965406	0.0362027	0.115849	0.213194	0.29284	0.204344	0.0627514	0.0273532	0.0273532	
0.00105708	0.00105708	0.012685	0.0243129	0.0243129	0.117336	0.291755	0.326638	0.140592	0.0243129	0.0359408	
0.00149031	0.00149031	0.00149031	0.0178838	0.0342772	0.0178838	0.0506706	0.247392	0.345753	0.214605	0.0670641	
0.0015949	0.0191388	0.0015949	0.0191388	0.0015949	0.0191388	0.0191388	0.0542265	0.247209	0.38756	0.229665	
0.0015674	0.0015674	0.0360502	0.0015674	0.0188088	0.0188088	0.0015674	0.105016	0.0360502	0.242947	0.53605	


Matrix B :

0.0909091	0.0909091	0.0909091	0.0909091	0.0909091	0.0909091	0.0909091	0.0909091	0.0909091	0.0909091	0.0909091	
0.000483559	0.346228	0.298356	0.20793	0.0855899	0.0323985	0.0270793	0.000483559	0.000483559	0.000483559	0.000483559	
0.000461467	0.0867559	0.365944	0.289802	0.162898	0.0816797	0.00553761	0.00553761	0.000461467	0.000461467	0.000461467	
0.000531632	0.0180755	0.20521	0.456672	0.240298	0.0531632	0.0180755	0.00637959	0.000531632	0.000531632	0.000531632	
0.000554324	0.0127494	0.0981153	0.268847	0.366408	0.146896	0.0737251	0.0249446	0.00665188	0.000554324	0.000554324	
0.000626959	0.00752351	0.0902821	0.221317	0.269592	0.248903	0.0833856	0.0557994	0.0213166	0.000626959	0.000626959	
0.000763942	0.000763942	0.0679908	0.160428	0.252865	0.160428	0.160428	0.118411	0.0511841	0.025974	0.000763942	
0.000999001	0.011988	0.0889111	0.220779	0.176823	0.187812	0.154845	0.0559441	0.0559441	0.022977	0.022977	
0.00142045	0.00142045	0.00142045	0.0951705	0.142045	0.298295	0.25142	0.142045	0.0639205	0.00142045	0.00142045	
0.00154083	0.00154083	0.00154083	0.154083	0.187982	0.103236	0.238829	0.120185	0.0693374	0.0862866	0.0354391	
0.00149031	0.00149031	0.00149031	0.165425	0.230999	0.165425	0.214605	0.116244	0.0342772	0.0670641	0.00149031	


Vector Pi :

0.00149031	0.165425	0.099851	0.149031	0.149031	0.099851	0.099851	0.0834575	0.0670641	0.0342772	0.0506706	


Vector Phi :

0.000827486	0.150938	0.161105	0.13587	0.129427	0.11552	0.0935013	0.0704491	0.0487192	0.0462983	0.0473438	
