
Parameters: 11 states AND 11 symbols

Matrix A :

0.090909	0.090909	0.090909	0.090909	0.090909	0.090909	0.090909	0.090909	0.090909	0.090909	0.090909	
0.000201	0.847546	0.108608	0.017900	0.004626	0.004626	0.002414	0.004626	0.004626	0.000201	0.004626	
0.000918	0.516070	0.283747	0.071625	0.061524	0.041322	0.021120	0.000918	0.000918	0.000918	0.000918	
0.004329	0.337662	0.290043	0.147186	0.147186	0.051948	0.004329	0.004329	0.004329	0.004329	0.004329	
0.006494	0.292208	0.577922	0.006494	0.077922	0.006494	0.006494	0.006494	0.006494	0.006494	0.006494	
0.011364	0.136364	0.511364	0.136364	0.136364	0.011364	0.011364	0.011364	0.011364	0.011364	0.011364	
0.022727	0.272727	0.522727	0.022727	0.022727	0.022727	0.022727	0.022727	0.022727	0.022727	0.022727	
0.030303	0.363636	0.030303	0.363636	0.030303	0.030303	0.030303	0.030303	0.030303	0.030303	0.030303	
0.030303	0.030303	0.696970	0.030303	0.030303	0.030303	0.030303	0.030303	0.030303	0.030303	0.030303	
0.090909	0.090909	0.090909	0.090909	0.090909	0.090909	0.090909	0.090909	0.090909	0.090909	0.090909	
0.030303	0.696970	0.030303	0.030303	0.030303	0.030303	0.030303	0.030303	0.030303	0.030303	0.030303	


Matrix B :

0.090909	0.090909	0.090909	0.090909	0.090909	0.090909	0.090909	0.090909	0.090909	0.090909	0.090909	
0.000193	0.215087	0.387427	0.202321	0.102321	0.047002	0.029981	0.012959	0.002321	0.000193	0.000193	
0.000826	0.019008	0.200826	0.155372	0.282645	0.137190	0.119008	0.019008	0.028099	0.019008	0.019008	
0.004132	0.004132	0.185950	0.095041	0.276860	0.185950	0.140496	0.049587	0.049587	0.004132	0.004132	
0.006494	0.006494	0.149351	0.220779	0.006494	0.363636	0.077922	0.077922	0.006494	0.006494	0.077922	
0.011364	0.011364	0.011364	0.136364	0.011364	0.261364	0.261364	0.011364	0.136364	0.136364	0.011364	
0.022727	0.022727	0.272727	0.272727	0.022727	0.272727	0.022727	0.022727	0.022727	0.022727	0.022727	
0.030303	0.030303	0.030303	0.363636	0.030303	0.030303	0.030303	0.030303	0.363636	0.030303	0.030303	
0.030303	0.030303	0.030303	0.030303	0.363636	0.363636	0.030303	0.030303	0.030303	0.030303	0.030303	
0.090909	0.090909	0.090909	0.090909	0.090909	0.090909	0.090909	0.090909	0.090909	0.090909	0.090909	
0.030303	0.030303	0.030303	0.030303	0.030303	0.363636	0.030303	0.030303	0.363636	0.030303	0.030303	


Vector Pi :

0.002933	0.615836	0.325513	0.035191	0.002933	0.002933	0.002933	0.002933	0.002933	0.002933	0.002933	


Vector Phi :

0.001648	0.739579	0.164743	0.034626	0.023159	0.013225	0.006612	0.004920	0.004920	0.001648	0.004920	
