
Parameters: 11 states AND 11 symbols

Matrix A :

0.0909091	0.0909091	0.0909091	0.0909091	0.0909091	0.0909091	0.0909091	0.0909091	0.0909091	0.0909091	0.0909091	
0.000126263	0.804293	0.172348	0.0181818	0.00429293	0.000126263	0.000126263	0.000126263	0.000126263	0.000126263	0.000126263	
0.000289519	0.38564	0.442965	0.143602	0.0162131	0.00347423	0.00347423	0.00347423	0.000289519	0.000289519	0.000289519	
0.000849618	0.131691	0.374681	0.35599	0.103653	0.0195412	0.000849618	0.000849618	0.000849618	0.0101954	0.000849618	
0.0030303	0.10303	0.236364	0.20303	0.20303	0.069697	0.0363636	0.0363636	0.069697	0.0363636	0.0030303	
0.00699301	0.0839161	0.00699301	0.237762	0.160839	0.237762	0.160839	0.00699301	0.00699301	0.0839161	0.00699301	
0.0113636	0.0113636	0.386364	0.136364	0.0113636	0.261364	0.0113636	0.136364	0.0113636	0.0113636	0.0113636	
0.0227273	0.0227273	0.0227273	0.0227273	0.0227273	0.522727	0.0227273	0.0227273	0.272727	0.0227273	0.0227273	
0.0227273	0.272727	0.0227273	0.0227273	0.0227273	0.0227273	0.272727	0.0227273	0.0227273	0.0227273	0.272727	
0.0227273	0.272727	0.0227273	0.0227273	0.0227273	0.0227273	0.0227273	0.0227273	0.0227273	0.0227273	0.522727	
0.0227273	0.0227273	0.0227273	0.0227273	0.272727	0.0227273	0.522727	0.0227273	0.0227273	0.0227273	0.0227273	


Matrix B :

0.0909091	0.0909091	0.0909091	0.0909091	0.0909091	0.0909091	0.0909091	0.0909091	0.0909091	0.0909091	0.0909091	
0.000120569	0.401977	0.403304	0.126115	0.0478659	0.0107306	0.00675187	0.00277309	0.000120569	0.000120569	0.000120569	
0.00027465	0.0335073	0.420214	0.396045	0.109036	0.0244438	0.00631695	0.00933809	0.00027465	0.00027465	0.00027465	
0.000797448	0.000797448	0.123604	0.369219	0.281499	0.14992	0.0446571	0.0271132	0.000797448	0.000797448	0.000797448	
0.00284091	0.00284091	0.00284091	0.190341	0.315341	0.252841	0.221591	0.00284091	0.00284091	0.00284091	0.00284091	
0.00699301	0.00699301	0.00699301	0.160839	0.0839161	0.314685	0.314685	0.00699301	0.0839161	0.00699301	0.00699301	
0.0113636	0.0113636	0.0113636	0.0113636	0.386364	0.261364	0.261364	0.0113636	0.0113636	0.0113636	0.0113636	
0.0227273	0.0227273	0.0227273	0.0227273	0.0227273	0.522727	0.0227273	0.272727	0.0227273	0.0227273	0.0227273	
0.0227273	0.0227273	0.0227273	0.0227273	0.0227273	0.272727	0.522727	0.0227273	0.0227273	0.0227273	0.0227273	
0.0227273	0.0227273	0.0227273	0.0227273	0.272727	0.0227273	0.0227273	0.272727	0.0227273	0.272727	0.0227273	
0.0227273	0.0227273	0.0227273	0.0227273	0.0227273	0.0227273	0.272727	0.272727	0.0227273	0.0227273	0.272727	


Vector Pi :

0.00149031	0.542474	0.280179	0.116244	0.0506706	0.00149031	0.00149031	0.00149031	0.00149031	0.00149031	0.00149031	


Vector Phi :

0.000810276	0.598112	0.259566	0.0880319	0.0236361	0.0105129	0.00645239	0.00323134	0.00319385	0.00322956	0.00322352	
