
Parameters: 11 states AND 11 symbols

Matrix A :

0.090909	0.090909	0.090909	0.090909	0.090909	0.090909	0.090909	0.090909	0.090909	0.090909	0.090909	
0.000374	0.753461	0.202020	0.033296	0.008605	0.000374	0.000374	0.000374	0.000374	0.000374	0.000374	
0.000673	0.356229	0.452525	0.126599	0.030303	0.008081	0.008081	0.008081	0.008081	0.000673	0.000673	
0.001443	0.112554	0.318903	0.382395	0.128427	0.033189	0.001443	0.017316	0.001443	0.001443	0.001443	
0.003135	0.072100	0.106583	0.313480	0.278997	0.106583	0.072100	0.037618	0.003135	0.003135	0.003135	
0.008264	0.099174	0.099174	0.190083	0.371901	0.008264	0.099174	0.099174	0.008264	0.008264	0.008264	
0.010101	0.121212	0.010101	0.232323	0.232323	0.232323	0.121212	0.010101	0.010101	0.010101	0.010101	
0.012987	0.012987	0.012987	0.012987	0.012987	0.155844	0.155844	0.155844	0.298701	0.012987	0.155844	
0.022727	0.022727	0.022727	0.022727	0.022727	0.272727	0.272727	0.272727	0.022727	0.022727	0.022727	
0.090909	0.090909	0.090909	0.090909	0.090909	0.090909	0.090909	0.090909	0.090909	0.090909	0.090909	
0.045455	0.045455	0.045455	0.045455	0.045455	0.045455	0.545455	0.045455	0.045455	0.045455	0.045455	


Matrix B :

0.090909	0.090909	0.090909	0.090909	0.090909	0.090909	0.090909	0.090909	0.090909	0.090909	0.090909	
0.000355	0.344105	0.469105	0.152699	0.027699	0.004261	0.000355	0.000355	0.000355	0.000355	0.000355	
0.000654	0.015043	0.389143	0.331589	0.194899	0.058208	0.007848	0.000654	0.000654	0.000654	0.000654	
0.001399	0.001399	0.155245	0.247552	0.355245	0.186014	0.047552	0.001399	0.001399	0.001399	0.001399	
0.003135	0.003135	0.003135	0.072100	0.278997	0.210031	0.347962	0.072100	0.003135	0.003135	0.003135	
0.007576	0.007576	0.007576	0.007576	0.090909	0.507576	0.090909	0.257576	0.007576	0.007576	0.007576	
0.010101	0.010101	0.010101	0.010101	0.121212	0.121212	0.232323	0.121212	0.121212	0.232323	0.010101	
0.012987	0.012987	0.012987	0.012987	0.012987	0.155844	0.298701	0.155844	0.155844	0.155844	0.012987	
0.022727	0.022727	0.022727	0.022727	0.272727	0.022727	0.022727	0.272727	0.022727	0.022727	0.272727	
0.090909	0.090909	0.090909	0.090909	0.090909	0.090909	0.090909	0.090909	0.090909	0.090909	0.090909	
0.045455	0.045455	0.045455	0.045455	0.045455	0.045455	0.045455	0.045455	0.045455	0.545455	0.045455	


Vector Pi :

0.004329	0.623377	0.194805	0.099567	0.004329	0.051948	0.004329	0.004329	0.004329	0.004329	0.004329	


Vector Phi :

0.001980	0.481188	0.267327	0.124752	0.057426	0.021782	0.017822	0.013861	0.007921	0.001980	0.003960	
