
Parameters: 11 states AND 11 symbols

Matrix A :

0.090909	0.090909	0.090909	0.090909	0.090909	0.090909	0.090909	0.090909	0.090909	0.090909	0.090909	
0.000819	0.721540	0.153972	0.000819	0.018837	0.036855	0.018837	0.009828	0.000819	0.036855	0.000819	
0.001420	0.235795	0.376420	0.267045	0.048295	0.032670	0.001420	0.001420	0.017045	0.017045	0.001420	
0.001541	0.120185	0.204931	0.374422	0.137134	0.069337	0.035439	0.001541	0.018490	0.018490	0.018490	
0.001818	0.021818	0.041818	0.161818	0.501818	0.101818	0.021818	0.061818	0.061818	0.021818	0.001818	
0.003367	0.040404	0.077441	0.114478	0.114478	0.114478	0.151515	0.114478	0.188552	0.040404	0.040404	
0.003788	0.087121	0.087121	0.003788	0.128788	0.212121	0.128788	0.128788	0.045455	0.128788	0.045455	
0.003135	0.003135	0.037618	0.003135	0.072100	0.072100	0.175549	0.416928	0.106583	0.072100	0.037618	
0.002217	0.050998	0.050998	0.075388	0.002217	0.002217	0.075388	0.099778	0.319290	0.221729	0.099778	
0.001229	0.014742	0.014742	0.055283	0.001229	0.014742	0.028256	0.001229	0.136364	0.501229	0.230958	
0.000758	0.000758	0.000758	0.009091	0.025758	0.000758	0.009091	0.017424	0.025758	0.117424	0.792424	


Matrix B :

0.090909	0.090909	0.090909	0.090909	0.090909	0.090909	0.090909	0.090909	0.090909	0.090909	0.090909	
0.000777	0.479409	0.222999	0.128982	0.120435	0.043512	0.000777	0.000777	0.000777	0.000777	0.000777	
0.001337	0.442513	0.295455	0.104278	0.118984	0.030749	0.001337	0.001337	0.001337	0.001337	0.001337	
0.001466	0.259531	0.420821	0.195015	0.049853	0.049853	0.017595	0.001466	0.001466	0.001466	0.001466	
0.001748	0.117133	0.559441	0.194056	0.117133	0.001748	0.001748	0.001748	0.001748	0.001748	0.001748	
0.003367	0.077441	0.595960	0.114478	0.114478	0.003367	0.077441	0.003367	0.003367	0.003367	0.003367	
0.003636	0.123636	0.203636	0.283636	0.083636	0.123636	0.163636	0.003636	0.003636	0.003636	0.003636	
0.002933	0.099707	0.099707	0.390029	0.196481	0.131965	0.067449	0.002933	0.002933	0.002933	0.002933	
0.002114	0.095137	0.397463	0.164905	0.048626	0.141649	0.095137	0.025370	0.025370	0.002114	0.002114	
0.001212	0.067879	0.214545	0.281212	0.214545	0.054545	0.054545	0.054545	0.014545	0.001212	0.041212	
0.000705	0.016209	0.062720	0.217759	0.295278	0.085976	0.124736	0.070472	0.031712	0.054968	0.039464	


Vector Pi :

0.002933	0.228739	0.131965	0.099707	0.067449	0.002933	0.035191	0.067449	0.067449	0.035191	0.260997	


Vector Phi :

0.001663	0.176782	0.104362	0.097508	0.082964	0.044488	0.039905	0.048410	0.068808	0.125110	0.210001	
