
Parameters: 11 states AND 11 symbols

Matrix A :

0.0909091	0.0909091	0.0909091	0.0909091	0.0909091	0.0909091	0.0909091	0.0909091	0.0909091	0.0909091	0.0909091	
0.00024975	0.72003	0.239261	0.035964	0.00024975	0.002997	0.00024975	0.00024975	0.00024975	0.00024975	0.00024975	
0.000298063	0.29538	0.478987	0.200298	0.0232489	0.000298063	0.000298063	0.000298063	0.000298063	0.000298063	0.000298063	
0.000411353	0.0501851	0.271905	0.480049	0.167832	0.0185109	0.00946113	0.000411353	0.000411353	0.000411353	0.000411353	
0.000710227	0.000710227	0.0866477	0.258523	0.453835	0.180398	0.0163352	0.000710227	0.000710227	0.000710227	0.000710227	
0.00113636	0.00113636	0.00113636	0.0636364	0.276136	0.438636	0.176136	0.0386364	0.00113636	0.00113636	0.00113636	
0.00197628	0.00197628	0.00197628	0.0454545	0.0671937	0.284585	0.371542	0.15415	0.0671937	0.00197628	0.00197628	
0.0031348	0.0031348	0.0031348	0.0031348	0.0031348	0.106583	0.31348	0.485893	0.0376176	0.0376176	0.0031348	
0.010101	0.010101	0.010101	0.010101	0.010101	0.010101	0.121212	0.343434	0.010101	0.454545	0.010101	
0.00909091	0.00909091	0.00909091	0.00909091	0.00909091	0.00909091	0.00909091	0.109091	0.309091	0.209091	0.309091	
0.012987	0.012987	0.012987	0.012987	0.012987	0.012987	0.012987	0.012987	0.155844	0.298701	0.441558	


Matrix B :

0.0909091	0.0909091	0.0909091	0.0909091	0.0909091	0.0909091	0.0909091	0.0909091	0.0909091	0.0909091	0.0909091	
0.000236128	0.371665	0.343093	0.195041	0.070366	0.0184179	0.000236128	0.000236128	0.000236128	0.000236128	0.000236128	
0.000284981	0.0441721	0.530066	0.251069	0.128812	0.0347677	0.00968937	0.000284981	0.000284981	0.000284981	0.000284981	
0.000393546	0.000393546	0.173554	0.424636	0.251476	0.0869736	0.0306966	0.0306966	0.000393546	0.000393546	0.000393546	
0.000683527	0.000683527	0.0382775	0.293917	0.391661	0.181135	0.0608339	0.0307587	0.000683527	0.000683527	0.000683527	
0.00108225	0.00108225	0.00108225	0.251082	0.310606	0.358225	0.0487013	0.012987	0.012987	0.00108225	0.00108225	
0.00189394	0.00189394	0.00189394	0.0643939	0.126894	0.439394	0.272727	0.0435606	0.0227273	0.0227273	0.00189394	
0.0030303	0.0030303	0.0030303	0.0030303	0.136364	0.169697	0.336364	0.20303	0.10303	0.0363636	0.0030303	
0.00909091	0.00909091	0.00909091	0.00909091	0.109091	0.00909091	0.509091	0.209091	0.109091	0.00909091	0.00909091	
0.00909091	0.00909091	0.00909091	0.00909091	0.00909091	0.109091	0.309091	0.309091	0.00909091	0.209091	0.00909091	
0.010101	0.010101	0.010101	0.010101	0.010101	0.010101	0.010101	0.232323	0.232323	0.010101	0.454545	


Vector Pi :

0.00149031	0.345753	0.230999	0.165425	0.0834575	0.0670641	0.0342772	0.0178838	0.0178838	0.00149031	0.0342772	


Vector Phi :

0.000833351	0.303331	0.254165	0.184166	0.106667	0.0666677	0.0383342	0.0241674	0.00750027	0.00833367	0.00583359	
