
Parameters: 11 states AND 11 symbols

Matrix A :

0.0909091	0.0909091	0.0909091	0.0909091	0.0909091	0.0909091	0.0909091	0.0909091	0.0909091	0.0909091	0.0909091	
0.000229568	0.603765	0.30831	0.0810376	0.00528007	0.000229568	0.000229568	0.000229568	0.000229568	0.000229568	0.000229568	
0.00024975	0.346404	0.412338	0.18981	0.046953	0.002997	0.00024975	0.00024975	0.00024975	0.00024975	0.00024975	
0.000393546	0.121606	0.325069	0.359701	0.138922	0.0436836	0.00905155	0.000393546	0.000393546	0.000393546	0.000393546	
0.000857633	0.0197256	0.142367	0.302744	0.255575	0.246141	0.0197256	0.0102916	0.000857633	0.000857633	0.000857633	
0.0015949	0.0015949	0.0191388	0.194577	0.317384	0.212121	0.124402	0.0893142	0.0191388	0.0191388	0.0015949	
0.00413223	0.00413223	0.00413223	0.0950413	0.27686	0.322314	0.231405	0.00413223	0.0495868	0.00413223	0.00413223	
0.00826446	0.00826446	0.00826446	0.0991736	0.190083	0.00826446	0.190083	0.0991736	0.190083	0.190083	0.00826446	
0.00826446	0.00826446	0.00826446	0.00826446	0.00826446	0.00826446	0.280992	0.280992	0.371901	0.00826446	0.00826446	
0.0151515	0.0151515	0.0151515	0.0151515	0.181818	0.0151515	0.0151515	0.0151515	0.181818	0.181818	0.348485	
0.0227273	0.0227273	0.0227273	0.0227273	0.0227273	0.0227273	0.0227273	0.0227273	0.272727	0.272727	0.272727	


Matrix B :

0.0909091	0.0909091	0.0909091	0.0909091	0.0909091	0.0909091	0.0909091	0.0909091	0.0909091	0.0909091	0.0909091	
0.000218531	0.392045	0.312719	0.139642	0.0891608	0.0410839	0.0194493	0.00262238	0.000218531	0.00262238	0.000218531	
0.000234907	0.356824	0.364576	0.144938	0.0700023	0.0415786	0.0157388	0.000234907	0.00540287	0.000234907	0.000234907	
0.000381971	0.139037	0.483575	0.214668	0.105424	0.0466005	0.00458365	0.000381971	0.000381971	0.00458365	0.000381971	
0.000811688	0.000811688	0.38474	0.366883	0.206169	0.0186688	0.000811688	0.000811688	0.00974026	0.000811688	0.00974026	
0.00154083	0.00154083	0.22188	0.510015	0.154083	0.103236	0.00154083	0.00154083	0.00154083	0.00154083	0.00154083	
0.00395257	0.00395257	0.0474308	0.656126	0.264822	0.00395257	0.00395257	0.00395257	0.00395257	0.00395257	0.00395257	
0.00826446	0.00826446	0.00826446	0.46281	0.190083	0.190083	0.00826446	0.0991736	0.00826446	0.00826446	0.00826446	
0.00757576	0.00757576	0.00757576	0.340909	0.507576	0.00757576	0.00757576	0.00757576	0.0909091	0.00757576	0.00757576	
0.0151515	0.0151515	0.0151515	0.181818	0.181818	0.348485	0.181818	0.0151515	0.0151515	0.0151515	0.0151515	
0.0227273	0.0227273	0.0227273	0.0227273	0.522727	0.272727	0.0227273	0.0227273	0.0227273	0.0227273	0.0227273	


Vector Pi :

0.00149031	0.329359	0.378539	0.116244	0.099851	0.0342772	0.0178838	0.00149031	0.0178838	0.00149031	0.00149031	


Vector Phi :

0.00082713	0.327543	0.301075	0.191067	0.0876758	0.0471464	0.0181969	0.00909843	0.00909843	0.00496278	0.00330852	
