
Parameters: 11 states AND 11 symbols

Matrix A :

0.090909	0.090909	0.090909	0.090909	0.090909	0.090909	0.090909	0.090909	0.090909	0.090909	0.090909	
0.000411	0.575072	0.253805	0.131633	0.027561	0.004936	0.004936	0.000411	0.000411	0.000411	0.000411	
0.000636	0.371265	0.308328	0.189447	0.091545	0.021615	0.014622	0.000636	0.000636	0.000636	0.000636	
0.000834	0.266889	0.266889	0.221018	0.120100	0.074229	0.037531	0.000834	0.010008	0.000834	0.000834	
0.001567	0.087774	0.122257	0.294671	0.225705	0.156740	0.070533	0.018809	0.001567	0.018809	0.001567	
0.002392	0.081340	0.133971	0.133971	0.186603	0.186603	0.107656	0.107656	0.002392	0.055024	0.002392	
0.002597	0.031169	0.059740	0.145455	0.059740	0.231169	0.288312	0.174026	0.002597	0.002597	0.002597	
0.006061	0.006061	0.006061	0.072727	0.139394	0.072727	0.272727	0.139394	0.139394	0.072727	0.072727	
0.012987	0.155844	0.012987	0.012987	0.012987	0.012987	0.298701	0.012987	0.441558	0.012987	0.012987	
0.018182	0.018182	0.018182	0.018182	0.218182	0.018182	0.418182	0.218182	0.018182	0.018182	0.018182	
0.045455	0.045455	0.045455	0.045455	0.045455	0.045455	0.545455	0.045455	0.045455	0.045455	0.045455	


Matrix B :

0.090909	0.090909	0.090909	0.090909	0.090909	0.090909	0.090909	0.090909	0.090909	0.090909	0.090909	
0.000399	0.373206	0.303030	0.184609	0.074960	0.022329	0.031100	0.009171	0.000399	0.000399	0.000399	
0.000606	0.313939	0.380606	0.187273	0.047273	0.033939	0.007273	0.013939	0.013939	0.000606	0.000606	
0.000791	0.322530	0.426877	0.139921	0.079051	0.009486	0.009486	0.000791	0.009486	0.000791	0.000791	
0.001541	0.086287	0.510015	0.171032	0.069337	0.069337	0.018490	0.052388	0.001541	0.001541	0.018490	
0.002331	0.002331	0.438228	0.156177	0.053613	0.233100	0.053613	0.027972	0.027972	0.002331	0.002331	
0.002525	0.030303	0.391414	0.335859	0.113636	0.030303	0.085859	0.002525	0.002525	0.002525	0.002525	
0.005348	0.005348	0.240642	0.299465	0.358289	0.005348	0.064171	0.005348	0.005348	0.005348	0.005348	
0.012987	0.012987	0.012987	0.155844	0.012987	0.441558	0.155844	0.155844	0.012987	0.012987	0.012987	
0.018182	0.018182	0.018182	0.418182	0.418182	0.018182	0.018182	0.018182	0.018182	0.018182	0.018182	
0.045455	0.045455	0.045455	0.045455	0.045455	0.545455	0.045455	0.045455	0.045455	0.045455	0.045455	


Vector Pi :

0.003497	0.311189	0.234266	0.234266	0.041958	0.041958	0.041958	0.080420	0.003497	0.003497	0.003497	


Vector Phi :

0.001579	0.346413	0.227147	0.172052	0.091658	0.060042	0.055296	0.023699	0.011056	0.007900	0.003159	
