
Parameters: 11 states AND 11 symbols

Matrix A :

0.0909091	0.0909091	0.0909091	0.0909091	0.0909091	0.0909091	0.0909091	0.0909091	0.0909091	0.0909091	0.0909091	
0.000236128	0.75608	0.195041	0.0365998	0.0106257	0.000236128	0.000236128	0.000236128	0.000236128	0.000236128	0.000236128	
0.00031348	0.28652	0.500313	0.193417	0.0175549	0.00031348	0.00031348	0.00031348	0.00031348	0.00031348	0.00031348	
0.000417014	0.0417014	0.261885	0.500417	0.151793	0.0371143	0.00500417	0.000417014	0.000417014	0.000417014	0.000417014	
0.000857633	0.0102916	0.0951973	0.274443	0.359348	0.189537	0.0574614	0.000857633	0.0102916	0.000857633	0.000857633	
0.00108225	0.00108225	0.012987	0.0844156	0.274892	0.382035	0.191558	0.0487013	0.00108225	0.00108225	0.00108225	
0.00162338	0.00162338	0.00162338	0.0373377	0.0551948	0.358766	0.376623	0.126623	0.0373377	0.00162338	0.00162338	
0.00395257	0.00395257	0.00395257	0.00395257	0.00395257	0.134387	0.3083	0.177866	0.351779	0.00395257	0.00395257	
0.0034965	0.0034965	0.0034965	0.0034965	0.0034965	0.0034965	0.157343	0.272727	0.388112	0.0804196	0.0804196	
0.0181818	0.0181818	0.0181818	0.0181818	0.0181818	0.0181818	0.0181818	0.0181818	0.618182	0.218182	0.0181818	
0.0151515	0.0151515	0.0151515	0.0151515	0.0151515	0.0151515	0.0151515	0.0151515	0.181818	0.181818	0.515152	


Matrix B :

0.0909091	0.0909091	0.0909091	0.0909091	0.0909091	0.0909091	0.0909091	0.0909091	0.0909091	0.0909091	0.0909091	
0.000225581	0.511392	0.372434	0.07963	0.034965	0.000225581	0.000225581	0.000225581	0.000225581	0.000225581	0.000225581	
0.000299043	0.0430622	0.68451	0.214115	0.0496411	0.00687799	0.000299043	0.000299043	0.000299043	0.000299043	0.000299043	
0.000396983	0.000396983	0.144502	0.651052	0.157602	0.0440651	0.000396983	0.000396983	0.000396983	0.000396983	0.000396983	
0.000804505	0.000804505	0.000804505	0.372486	0.416734	0.177796	0.0273532	0.000804505	0.000804505	0.000804505	0.000804505	
0.00104493	0.00104493	0.00104493	0.00104493	0.575758	0.276907	0.104493	0.0240334	0.0125392	0.00104493	0.00104493	
0.0015674	0.0015674	0.0015674	0.0015674	0.139498	0.432602	0.208464	0.173981	0.0188088	0.0188088	0.0015674	
0.00378788	0.00378788	0.00378788	0.00378788	0.00378788	0.0871212	0.295455	0.337121	0.128788	0.0871212	0.0454545	
0.0030303	0.0030303	0.0030303	0.0030303	0.0030303	0.0030303	0.169697	0.40303	0.169697	0.136364	0.10303	
0.0181818	0.0181818	0.0181818	0.0181818	0.0181818	0.0181818	0.0181818	0.418182	0.418182	0.0181818	0.0181818	
0.0151515	0.0151515	0.0151515	0.0151515	0.0151515	0.0151515	0.0151515	0.181818	0.681818	0.0151515	0.0151515	


Vector Pi :

0.00149031	0.296572	0.247392	0.181818	0.099851	0.0506706	0.0342772	0.0178838	0.0670641	0.00149031	0.00149031	


Vector Phi :

0.000840474	0.318544	0.239598	0.181896	0.0900937	0.0710114	0.047349	0.0194323	0.0219594	0.00421611	0.00505933	
