
Parameters: 11 states AND 11 symbols

Matrix A :

0.0909091	0.0909091	0.0909091	0.0909091	0.0909091	0.0909091	0.0909091	0.0909091	0.0909091	0.0909091	0.0909091	
8.05932e-05	0.976144	0.0222437	8.05932e-05	8.05932e-05	8.05932e-05	8.05932e-05	0.000967118	8.05932e-05	8.05932e-05	8.05932e-05	
0.00174825	0.444056	0.386364	0.0979021	0.020979	0.020979	0.00174825	0.00174825	0.00174825	0.00174825	0.020979	
0.00826446	0.190083	0.371901	0.280992	0.0991736	0.00826446	0.00826446	0.00826446	0.00826446	0.00826446	0.00826446	
0.0227273	0.0227273	0.272727	0.272727	0.0227273	0.0227273	0.0227273	0.272727	0.0227273	0.0227273	0.0227273	
0.030303	0.363636	0.030303	0.030303	0.030303	0.030303	0.363636	0.030303	0.030303	0.030303	0.030303	
0.0454545	0.0454545	0.0454545	0.545455	0.0454545	0.0454545	0.0454545	0.0454545	0.0454545	0.0454545	0.0454545	
0.030303	0.030303	0.030303	0.030303	0.363636	0.363636	0.030303	0.030303	0.030303	0.030303	0.030303	
0.0909091	0.0909091	0.0909091	0.0909091	0.0909091	0.0909091	0.0909091	0.0909091	0.0909091	0.0909091	0.0909091	
0.0909091	0.0909091	0.0909091	0.0909091	0.0909091	0.0909091	0.0909091	0.0909091	0.0909091	0.0909091	0.0909091	
0.030303	0.030303	0.363636	0.030303	0.030303	0.030303	0.030303	0.030303	0.030303	0.030303	0.363636	


Matrix B :

0.0909091	0.0909091	0.0909091	0.0909091	0.0909091	0.0909091	0.0909091	0.0909091	0.0909091	0.0909091	0.0909091	
7.67813e-05	0.286394	0.391124	0.211225	0.0735565	0.0254146	0.00852273	0.000921376	0.00176597	7.67813e-05	0.000921376	
0.0016835	0.149832	0.205387	0.279461	0.223906	0.0942761	0.0387205	0.0016835	0.0016835	0.0016835	0.0016835	
0.00757576	0.00757576	0.340909	0.174242	0.257576	0.174242	0.00757576	0.00757576	0.00757576	0.00757576	0.00757576	
0.0227273	0.0227273	0.272727	0.0227273	0.522727	0.0227273	0.0227273	0.0227273	0.0227273	0.0227273	0.0227273	
0.030303	0.030303	0.030303	0.69697	0.030303	0.030303	0.030303	0.030303	0.030303	0.030303	0.030303	
0.0454545	0.0454545	0.0454545	0.0454545	0.0454545	0.0454545	0.545455	0.0454545	0.0454545	0.0454545	0.0454545	
0.0227273	0.0227273	0.0227273	0.772727	0.0227273	0.0227273	0.0227273	0.0227273	0.0227273	0.0227273	0.0227273	
0.0909091	0.0909091	0.0909091	0.0909091	0.0909091	0.0909091	0.0909091	0.0909091	0.0909091	0.0909091	0.0909091	
0.0909091	0.0909091	0.0909091	0.0909091	0.0909091	0.0909091	0.0909091	0.0909091	0.0909091	0.0909091	0.0909091	
0.030303	0.030303	0.030303	0.363636	0.030303	0.363636	0.030303	0.030303	0.030303	0.030303	0.030303	


Vector Pi :

0.00149031	0.919523	0.0342772	0.0178838	0.00149031	0.00149031	0.00149031	0.0178838	0.00149031	0.00149031	0.00149031	


Vector Phi :

0.00082713	0.933002	0.0430108	0.00909843	0.00330852	0.00248139	0.00165426	0.00248139	0.00082713	0.00082713	0.00248139	
