
Parameters: 11 states AND 11 symbols

Matrix A :

0.090909	0.090909	0.090909	0.090909	0.090909	0.090909	0.090909	0.090909	0.090909	0.090909	0.090909	
0.000238	0.921704	0.042123	0.010709	0.005474	0.005474	0.002856	0.000238	0.005474	0.000238	0.005474	
0.001595	0.299841	0.440191	0.141946	0.019139	0.001595	0.019139	0.036683	0.001595	0.001595	0.036683	
0.003636	0.203636	0.243636	0.123636	0.083636	0.163636	0.043636	0.043636	0.043636	0.003636	0.043636	
0.004785	0.110048	0.373206	0.162679	0.110048	0.004785	0.057416	0.110048	0.057416	0.004785	0.004785	
0.006061	0.006061	0.139394	0.072727	0.139394	0.272727	0.139394	0.072727	0.139394	0.006061	0.006061	
0.005682	0.130682	0.005682	0.005682	0.130682	0.193182	0.130682	0.068182	0.255682	0.068182	0.005682	
0.006993	0.006993	0.006993	0.083916	0.237762	0.006993	0.237762	0.006993	0.160839	0.160839	0.083916	
0.003367	0.040404	0.003367	0.114478	0.077441	0.003367	0.077441	0.077441	0.373737	0.225589	0.003367	
0.003953	0.047431	0.003953	0.003953	0.047431	0.003953	0.003953	0.090909	0.177866	0.482213	0.134387	
0.003367	0.077441	0.003367	0.040404	0.040404	0.040404	0.040404	0.040404	0.003367	0.077441	0.632997	


Matrix B :

0.090909	0.090909	0.090909	0.090909	0.090909	0.090909	0.090909	0.090909	0.090909	0.090909	0.090909	
0.000227	0.317727	0.315227	0.180227	0.087727	0.052727	0.030227	0.007727	0.007727	0.000227	0.000227	
0.001567	0.225705	0.208464	0.294671	0.139498	0.053292	0.036050	0.018809	0.001567	0.018809	0.001567	
0.003367	0.114478	0.558923	0.114478	0.003367	0.151515	0.003367	0.040404	0.003367	0.003367	0.003367	
0.004329	0.099567	0.385281	0.337662	0.051948	0.051948	0.051948	0.004329	0.004329	0.004329	0.004329	
0.005682	0.068182	0.255682	0.193182	0.005682	0.255682	0.130682	0.068182	0.005682	0.005682	0.005682	
0.005682	0.068182	0.255682	0.193182	0.255682	0.193182	0.005682	0.005682	0.005682	0.005682	0.005682	
0.006061	0.072727	0.139394	0.206061	0.339394	0.139394	0.006061	0.006061	0.072727	0.006061	0.006061	
0.003135	0.003135	0.072100	0.278997	0.347962	0.141066	0.106583	0.037618	0.003135	0.003135	0.003135	
0.003636	0.003636	0.003636	0.163636	0.243636	0.163636	0.203636	0.043636	0.163636	0.003636	0.003636	
0.003367	0.003367	0.188552	0.114478	0.077441	0.077441	0.040404	0.077441	0.188552	0.114478	0.114478	


Vector Pi :

0.002933	0.551320	0.035191	0.067449	0.067449	0.035191	0.035191	0.067449	0.067449	0.067449	0.002933	


Vector Phi :

0.001606	0.641360	0.093829	0.040773	0.030457	0.024005	0.023956	0.020804	0.042790	0.036537	0.043882	
