
Parameters: 11 states AND 11 symbols

Matrix A :

0.090909	0.090909	0.090909	0.090909	0.090909	0.090909	0.090909	0.090909	0.090909	0.090909	0.090909	
0.000554	0.628603	0.220067	0.067627	0.043237	0.012749	0.012749	0.006652	0.000554	0.000554	0.006652	
0.000764	0.336898	0.336898	0.177235	0.084798	0.025974	0.025974	0.009167	0.000764	0.000764	0.000764	
0.001045	0.138976	0.299896	0.276907	0.173459	0.058516	0.035528	0.001045	0.001045	0.012539	0.001045	
0.001212	0.041212	0.107879	0.267879	0.334545	0.121212	0.067879	0.027879	0.001212	0.014545	0.014545	
0.002165	0.121212	0.073593	0.097403	0.168831	0.216450	0.145022	0.097403	0.073593	0.002165	0.002165	
0.002597	0.002597	0.088312	0.088312	0.116883	0.145455	0.202597	0.202597	0.088312	0.031169	0.031169	
0.002933	0.002933	0.035191	0.035191	0.164223	0.196481	0.164223	0.228739	0.131965	0.002933	0.035191	
0.004545	0.004545	0.054545	0.004545	0.004545	0.104545	0.004545	0.304545	0.204545	0.204545	0.104545	
0.006061	0.072727	0.006061	0.072727	0.006061	0.006061	0.006061	0.072727	0.206061	0.339394	0.206061	
0.005682	0.005682	0.005682	0.068182	0.068182	0.005682	0.130682	0.068182	0.130682	0.130682	0.380682	


Matrix B :

0.090909	0.090909	0.090909	0.090909	0.090909	0.090909	0.090909	0.090909	0.090909	0.090909	0.090909	
0.000522	0.667189	0.149948	0.075235	0.075235	0.029258	0.000522	0.000522	0.000522	0.000522	0.000522	
0.000733	0.363636	0.452346	0.097507	0.041056	0.041056	0.000733	0.000733	0.000733	0.000733	0.000733	
0.000999	0.143856	0.539461	0.275724	0.033966	0.000999	0.000999	0.000999	0.000999	0.000999	0.000999	
0.001166	0.090909	0.462704	0.308858	0.129371	0.001166	0.001166	0.001166	0.001166	0.001166	0.001166	
0.001934	0.108317	0.342360	0.363636	0.065764	0.087041	0.001934	0.023211	0.001934	0.001934	0.001934	
0.002525	0.169192	0.196970	0.252525	0.280303	0.058081	0.030303	0.002525	0.002525	0.002525	0.002525	
0.002933	0.067449	0.164223	0.357771	0.293255	0.099707	0.002933	0.002933	0.002933	0.002933	0.002933	
0.004329	0.004329	0.147186	0.337662	0.194805	0.194805	0.004329	0.004329	0.051948	0.004329	0.051948	
0.006061	0.006061	0.206061	0.339394	0.206061	0.072727	0.006061	0.006061	0.006061	0.006061	0.139394	
0.005348	0.240642	0.122995	0.417112	0.181818	0.005348	0.005348	0.005348	0.005348	0.005348	0.005348	


Vector Pi :

0.002933	0.293255	0.164223	0.131965	0.099707	0.164223	0.067449	0.002933	0.035191	0.002933	0.035191	


Vector Phi :

0.001636	0.276106	0.197783	0.143841	0.123520	0.068666	0.055434	0.050205	0.032378	0.024378	0.026053	
