
Parameters: 11 states AND 11 symbols

Matrix A :

0.0909091	0.0909091	0.0909091	0.0909091	0.0909091	0.0909091	0.0909091	0.0909091	0.0909091	0.0909091	0.0909091	
0.000184026	0.813949	0.172249	0.0123298	0.000184026	0.000184026	0.000184026	0.000184026	0.000184026	0.000184026	0.000184026	
0.000261986	0.245219	0.582395	0.153	0.0146712	0.00314383	0.000261986	0.000261986	0.000261986	0.000261986	0.000261986	
0.000478469	0.0215311	0.274163	0.563636	0.126794	0.0110048	0.000478469	0.000478469	0.000478469	0.000478469	0.000478469	
0.00118064	0.0271547	0.0791027	0.260921	0.403778	0.195986	0.0271547	0.00118064	0.00118064	0.00118064	0.00118064	
0.00181818	0.00181818	0.0218182	0.0618182	0.281818	0.461818	0.141818	0.00181818	0.0218182	0.00181818	0.00181818	
0.00505051	0.00505051	0.00505051	0.00505051	0.116162	0.393939	0.227273	0.227273	0.00505051	0.00505051	0.00505051	
0.00699301	0.00699301	0.00699301	0.00699301	0.00699301	0.0839161	0.237762	0.468531	0.160839	0.00699301	0.00699301	
0.0151515	0.0151515	0.0151515	0.0151515	0.0151515	0.0151515	0.181818	0.348485	0.181818	0.0151515	0.181818	
0.0909091	0.0909091	0.0909091	0.0909091	0.0909091	0.0909091	0.0909091	0.0909091	0.0909091	0.0909091	0.0909091	
0.030303	0.030303	0.030303	0.030303	0.030303	0.030303	0.030303	0.030303	0.363636	0.030303	0.363636	


Matrix B :

0.0909091	0.0909091	0.0909091	0.0909091	0.0909091	0.0909091	0.0909091	0.0909091	0.0909091	0.0909091	0.0909091	
0.000174825	0.398252	0.290559	0.18479	0.0636364	0.0328671	0.0155594	0.00594406	0.000174825	0.0020979	0.00594406	
0.000249066	0.0523039	0.4934	0.249564	0.115318	0.0468244	0.0249066	0.011208	0.00572852	0.000249066	0.000249066	
0.00045683	0.00045683	0.266788	0.377341	0.171311	0.126085	0.0356327	0.0205573	0.00045683	0.00045683	0.00045683	
0.00115075	0.00115075	0.0644419	0.482163	0.153049	0.127733	0.165708	0.00115075	0.00115075	0.00115075	0.00115075	
0.0016835	0.0016835	0.020202	0.0572391	0.260943	0.446128	0.0757576	0.112795	0.020202	0.0016835	0.0016835	
0.00505051	0.00505051	0.00505051	0.227273	0.116162	0.393939	0.116162	0.00505051	0.116162	0.00505051	0.00505051	
0.00699301	0.00699301	0.00699301	0.00699301	0.545455	0.160839	0.237762	0.00699301	0.00699301	0.00699301	0.00699301	
0.0151515	0.0151515	0.0151515	0.0151515	0.348485	0.348485	0.181818	0.0151515	0.0151515	0.0151515	0.0151515	
0.0909091	0.0909091	0.0909091	0.0909091	0.0909091	0.0909091	0.0909091	0.0909091	0.0909091	0.0909091	0.0909091	
0.0227273	0.0227273	0.0227273	0.0227273	0.772727	0.0227273	0.0227273	0.0227273	0.0227273	0.0227273	0.0227273	


Vector Pi :

0.00149031	0.42772	0.296572	0.149031	0.0342772	0.0670641	0.00149031	0.00149031	0.00149031	0.00149031	0.0178838	


Vector Phi :

0.000833338	0.411666	0.289166	0.158333	0.0641668	0.0416669	0.0150001	0.0108334	0.00500004	0.000833338	0.00250002	
