
Parameters: 11 states AND 11 symbols

Matrix A :

0.0909091	0.0909091	0.0909091	0.0909091	0.0909091	0.0909091	0.0909091	0.0909091	0.0909091	0.0909091	0.0909091	
0.000218531	0.759834	0.187719	0.0410839	0.00502622	0.00502622	0.000218531	0.000218531	0.000218531	0.000218531	0.000218531	
0.000285878	0.277015	0.519154	0.176387	0.0254431	0.000285878	0.000285878	0.000285878	0.000285878	0.000285878	0.000285878	
0.00045683	0.0557332	0.332115	0.392417	0.171311	0.045683	0.00045683	0.00045683	0.00045683	0.00045683	0.00045683	
0.000693963	0.000693963	0.0693963	0.283137	0.428175	0.1839	0.0312283	0.000693963	0.000693963	0.000693963	0.000693963	
0.00126263	0.00126263	0.00126263	0.0984848	0.348485	0.348485	0.15404	0.0290404	0.00126263	0.0151515	0.00126263	
0.0026738	0.0026738	0.0026738	0.0909091	0.0909091	0.296791	0.26738	0.179144	0.0614973	0.0026738	0.0026738	
0.00454545	0.00454545	0.00454545	0.00454545	0.0545455	0.0545455	0.404545	0.404545	0.0545455	0.00454545	0.00454545	
0.0181818	0.0181818	0.0181818	0.0181818	0.0181818	0.0181818	0.0181818	0.418182	0.218182	0.218182	0.0181818	
0.0181818	0.0181818	0.0181818	0.0181818	0.0181818	0.0181818	0.218182	0.218182	0.0181818	0.0181818	0.418182	
0.0227273	0.0227273	0.0227273	0.0227273	0.0227273	0.0227273	0.0227273	0.0227273	0.0227273	0.522727	0.272727	


Matrix B :

0.0909091	0.0909091	0.0909091	0.0909091	0.0909091	0.0909091	0.0909091	0.0909091	0.0909091	0.0909091	0.0909091	
0.000207555	0.203404	0.267331	0.2445	0.148609	0.0664176	0.0367372	0.0116231	0.0184724	0.000207555	0.00249066	
0.000268168	0.0150174	0.35425	0.280504	0.150711	0.106463	0.0415661	0.0268168	0.00911773	0.00911773	0.00616787	
0.000437063	0.000437063	0.0917832	0.303322	0.32736	0.111014	0.0725524	0.0725524	0.000437063	0.0148601	0.00524476	
0.00066357	0.00066357	0.0298607	0.161248	0.263437	0.270737	0.13205	0.0517585	0.066357	0.0225614	0.00066357	
0.00124533	0.00124533	0.014944	0.0697385	0.0971357	0.35741	0.124533	0.124533	0.0971357	0.0560399	0.0560399	
0.0026738	0.0026738	0.0026738	0.0026738	0.120321	0.149733	0.326203	0.208556	0.149733	0.0026738	0.0320856	
0.004329	0.004329	0.004329	0.0519481	0.0519481	0.0995671	0.4329	0.0995671	0.242424	0.004329	0.004329	
0.0181818	0.0181818	0.0181818	0.0181818	0.218182	0.0181818	0.0181818	0.218182	0.418182	0.0181818	0.0181818	
0.0181818	0.0181818	0.0181818	0.0181818	0.418182	0.0181818	0.0181818	0.0181818	0.418182	0.0181818	0.0181818	
0.0227273	0.0227273	0.0227273	0.0227273	0.272727	0.0227273	0.0227273	0.0227273	0.0227273	0.522727	0.0227273	


Vector Pi :

0.00149031	0.362146	0.329359	0.149031	0.116244	0.0178838	0.00149031	0.0178838	0.00149031	0.00149031	0.00149031	


Vector Phi :

0.000823284	0.347311	0.265823	0.164698	0.106666	0.0589624	0.0278333	0.0163902	0.00410006	0.00410601	0.00328758	
