
Parameters: 11 states AND 11 symbols

Matrix A :

0.0909091	0.0909091	0.0909091	0.0909091	0.0909091	0.0909091	0.0909091	0.0909091	0.0909091	0.0909091	0.0909091	
0.00016835	0.855724	0.118687	0.0149832	0.0020202	0.00016835	0.00016835	0.0020202	0.00016835	0.00387205	0.0020202	
0.000356506	0.25918	0.58467	0.121925	0.0160428	0.00819964	0.000356506	0.000356506	0.000356506	0.00819964	0.000356506	
0.000757576	0.0757576	0.217424	0.500758	0.142424	0.0424242	0.0174242	0.000757576	0.000757576	0.000757576	0.000757576	
0.0011655	0.0268065	0.10373	0.206294	0.411422	0.193473	0.0524476	0.0011655	0.0011655	0.0011655	0.0011655	
0.00162338	0.0194805	0.0909091	0.0373377	0.323052	0.233766	0.162338	0.0730519	0.0551948	0.00162338	0.00162338	
0.0020202	0.0020202	0.0242424	0.0464646	0.0464646	0.246465	0.335354	0.157576	0.0686869	0.0242424	0.0464646	
0.00275482	0.00275482	0.00275482	0.00275482	0.0330579	0.0936639	0.305785	0.336088	0.15427	0.0330579	0.0330579	
0.00478469	0.00478469	0.00478469	0.00478469	0.0574163	0.162679	0.0574163	0.320574	0.215311	0.162679	0.00478469	
0.00413223	0.00413223	0.00413223	0.00413223	0.0495868	0.00413223	0.140496	0.140496	0.0950413	0.27686	0.27686	
0.00293255	0.00293255	0.0351906	0.00293255	0.00293255	0.0674487	0.00293255	0.00293255	0.0351906	0.196481	0.648094	


Matrix B :

0.0909091	0.0909091	0.0909091	0.0909091	0.0909091	0.0909091	0.0909091	0.0909091	0.0909091	0.0909091	0.0909091	
0.000160333	0.222383	0.368767	0.231201	0.121853	0.03367	0.00721501	0.00897868	0.00545134	0.000160333	0.000160333	
0.000337952	0.0746874	0.375803	0.327475	0.137884	0.0412301	0.0263603	0.0114904	0.00405542	0.000337952	0.000337952	
0.00071582	0.0243379	0.173944	0.441661	0.221188	0.08733	0.0243379	0.0164639	0.00071582	0.00071582	0.00858984	
0.00109529	0.0251917	0.0613363	0.16977	0.290252	0.217963	0.121577	0.0492881	0.0131435	0.0251917	0.0251917	
0.00162338	0.00162338	0.0909091	0.305195	0.269481	0.180195	0.0551948	0.0730519	0.0194805	0.00162338	0.00162338	
0.00197628	0.00197628	0.0671937	0.197628	0.306324	0.110672	0.241107	0.0671937	0.00197628	0.00197628	0.00197628	
0.0025974	0.0025974	0.0597403	0.145455	0.45974	0.116883	0.0883117	0.0597403	0.0311688	0.0025974	0.0311688	
0.00454545	0.00454545	0.154545	0.204545	0.104545	0.104545	0.154545	0.104545	0.0545455	0.00454545	0.104545	
0.00378788	0.00378788	0.128788	0.295455	0.128788	0.128788	0.128788	0.00378788	0.0454545	0.00378788	0.128788	
0.00284091	0.00284091	0.00284091	0.127841	0.284091	0.221591	0.0965909	0.0340909	0.221591	0.00284091	0.00284091	


Vector Pi :

0.00149031	0.42772	0.230999	0.116244	0.0834575	0.0178838	0.0178838	0.0342772	0.0178838	0.0342772	0.0178838	


Vector Phi :

0.000820318	0.455956	0.213069	0.0995048	0.0636505	0.0446898	0.0364962	0.0268113	0.0154249	0.018107	0.0254694	
