
Parameters: 11 states AND 11 symbols

Matrix A :

0.0909091	0.0909091	0.0909091	0.0909091	0.0909091	0.0909091	0.0909091	0.0909091	0.0909091	0.0909091	0.0909091	
0.000109135	0.922078	0.0721379	0.00491106	0.000109135	0.000109135	0.000109135	0.000109135	0.000109135	0.000109135	0.000109135	
0.0003885	0.273893	0.620047	0.0944056	0.00893551	0.0003885	0.0003885	0.0003885	0.0003885	0.0003885	0.0003885	
0.00126263	0.00126263	0.334596	0.515152	0.0984848	0.0429293	0.00126263	0.00126263	0.00126263	0.00126263	0.00126263	
0.00395257	0.00395257	0.177866	0.264822	0.3083	0.177866	0.00395257	0.0474308	0.00395257	0.00395257	0.00395257	
0.00534759	0.00534759	0.00534759	0.00534759	0.181818	0.534759	0.122995	0.122995	0.00534759	0.00534759	0.00534759	
0.0151515	0.0151515	0.0151515	0.181818	0.515152	0.0151515	0.181818	0.0151515	0.0151515	0.0151515	0.0151515	
0.010101	0.010101	0.121212	0.010101	0.010101	0.010101	0.232323	0.121212	0.343434	0.121212	0.010101	
0.0181818	0.0181818	0.0181818	0.0181818	0.0181818	0.0181818	0.0181818	0.418182	0.218182	0.0181818	0.218182	
0.030303	0.030303	0.030303	0.030303	0.030303	0.030303	0.030303	0.363636	0.030303	0.363636	0.030303	
0.0454545	0.0454545	0.0454545	0.0454545	0.0454545	0.0454545	0.0454545	0.545455	0.0454545	0.0454545	0.0454545	


Matrix B :

0.0909091	0.0909091	0.0909091	0.0909091	0.0909091	0.0909091	0.0909091	0.0909091	0.0909091	0.0909091	0.0909091	
0.000104373	0.181505	0.341092	0.291723	0.0896566	0.0425843	0.0299551	0.0115854	0.00814111	0.00354869	0.000104373	
0.00036075	0.004329	0.131313	0.305916	0.254329	0.143218	0.0876623	0.0281385	0.0241703	0.004329	0.0162338	
0.0012285	0.0012285	0.0282555	0.230958	0.203931	0.136364	0.163391	0.109337	0.0958231	0.0282555	0.0012285	
0.00378788	0.00378788	0.00378788	0.128788	0.253788	0.212121	0.170455	0.0871212	0.0454545	0.0871212	0.00378788	
0.0606061	0.00505051	0.00505051	0.282828	0.116162	0.171717	0.00505051	0.227273	0.00505051	0.0606061	0.0606061	
0.0151515	0.0151515	0.0151515	0.181818	0.0151515	0.0151515	0.181818	0.348485	0.181818	0.0151515	0.0151515	
0.010101	0.010101	0.121212	0.232323	0.232323	0.232323	0.010101	0.010101	0.121212	0.010101	0.010101	
0.0181818	0.0181818	0.0181818	0.218182	0.218182	0.0181818	0.0181818	0.218182	0.218182	0.0181818	0.0181818	
0.030303	0.030303	0.363636	0.363636	0.030303	0.030303	0.030303	0.030303	0.030303	0.030303	0.030303	
0.0454545	0.0454545	0.0454545	0.0454545	0.0454545	0.545455	0.0454545	0.0454545	0.0454545	0.0454545	0.0454545	


Vector Pi :

0.00149031	0.624441	0.280179	0.0506706	0.0178838	0.0178838	0.00149031	0.00149031	0.00149031	0.00149031	0.00149031	


Vector Phi :

0.000815485	0.693647	0.194917	0.0579048	0.0186481	0.0137516	0.00486955	0.00731085	0.00406555	0.0024417	0.00162859	
