
Parameters: 11 states AND 11 symbols

Matrix A :

0.090909	0.090909	0.090909	0.090909	0.090909	0.090909	0.090909	0.090909	0.090909	0.090909	0.090909	
0.000170	0.951572	0.030076	0.013254	0.002039	0.000170	0.000170	0.000170	0.000170	0.000170	0.002039	
0.002114	0.420719	0.420719	0.025370	0.048626	0.048626	0.025370	0.002114	0.002114	0.002114	0.002114	
0.006993	0.314685	0.314685	0.083916	0.006993	0.160839	0.006993	0.083916	0.006993	0.006993	0.006993	
0.022727	0.022727	0.272727	0.522727	0.022727	0.022727	0.022727	0.022727	0.022727	0.022727	0.022727	
0.018182	0.418182	0.218182	0.218182	0.018182	0.018182	0.018182	0.018182	0.018182	0.018182	0.018182	
0.045455	0.545455	0.045455	0.045455	0.045455	0.045455	0.045455	0.045455	0.045455	0.045455	0.045455	
0.045455	0.045455	0.545455	0.045455	0.045455	0.045455	0.045455	0.045455	0.045455	0.045455	0.045455	
0.090909	0.090909	0.090909	0.090909	0.090909	0.090909	0.090909	0.090909	0.090909	0.090909	0.090909	
0.090909	0.090909	0.090909	0.090909	0.090909	0.090909	0.090909	0.090909	0.090909	0.090909	0.090909	
0.045455	0.545455	0.045455	0.045455	0.045455	0.045455	0.045455	0.045455	0.045455	0.045455	0.045455	


Matrix B :

0.090909	0.090909	0.090909	0.090909	0.090909	0.090909	0.090909	0.090909	0.090909	0.090909	0.090909	
0.000162	0.151407	0.329343	0.283080	0.149628	0.051763	0.019735	0.007279	0.005500	0.001941	0.000162	
0.002020	0.046465	0.157576	0.157576	0.179798	0.202020	0.135354	0.046465	0.002020	0.046465	0.024242	
0.006993	0.006993	0.006993	0.160839	0.006993	0.160839	0.006993	0.391608	0.083916	0.160839	0.006993	
0.272727	0.022727	0.022727	0.022727	0.022727	0.272727	0.022727	0.022727	0.022727	0.272727	0.022727	
0.018182	0.018182	0.218182	0.218182	0.018182	0.018182	0.218182	0.218182	0.018182	0.018182	0.018182	
0.030303	0.030303	0.030303	0.696970	0.030303	0.030303	0.030303	0.030303	0.030303	0.030303	0.030303	
0.045455	0.045455	0.045455	0.545455	0.045455	0.045455	0.045455	0.045455	0.045455	0.045455	0.045455	
0.090909	0.090909	0.090909	0.090909	0.090909	0.090909	0.090909	0.090909	0.090909	0.090909	0.090909	
0.090909	0.090909	0.090909	0.090909	0.090909	0.090909	0.090909	0.090909	0.090909	0.090909	0.090909	
0.045455	0.045455	0.045455	0.545455	0.045455	0.045455	0.045455	0.045455	0.045455	0.045455	0.045455	


Vector Pi :

0.002933	0.841642	0.099707	0.002933	0.002933	0.002933	0.035191	0.002933	0.002933	0.002933	0.002933	


Vector Phi :

0.001612	0.882233	0.067655	0.021164	0.006408	0.008015	0.003186	0.003240	0.001612	0.001612	0.003261	
