
Parameters: 11 states AND 11 symbols

Matrix A :

0.090909	0.090909	0.090909	0.090909	0.090909	0.090909	0.090909	0.090909	0.090909	0.090909	0.090909	
0.000182	0.905994	0.058298	0.010202	0.002186	0.008198	0.002186	0.000182	0.006194	0.002186	0.004190	
0.001715	0.416810	0.284734	0.133791	0.039451	0.039451	0.039451	0.020583	0.020583	0.001715	0.001715	
0.003953	0.525692	0.177866	0.134387	0.003953	0.047431	0.047431	0.047431	0.003953	0.003953	0.003953	
0.015152	0.348485	0.181818	0.348485	0.015152	0.015152	0.015152	0.015152	0.015152	0.015152	0.015152	
0.011364	0.136364	0.136364	0.386364	0.136364	0.011364	0.136364	0.011364	0.011364	0.011364	0.011364	
0.015152	0.515152	0.181818	0.181818	0.015152	0.015152	0.015152	0.015152	0.015152	0.015152	0.015152	
0.030303	0.696970	0.030303	0.030303	0.030303	0.030303	0.030303	0.030303	0.030303	0.030303	0.030303	
0.018182	0.218182	0.218182	0.218182	0.218182	0.018182	0.018182	0.018182	0.018182	0.018182	0.018182	
0.045455	0.545455	0.045455	0.045455	0.045455	0.045455	0.045455	0.045455	0.045455	0.045455	0.045455	
0.030303	0.696970	0.030303	0.030303	0.030303	0.030303	0.030303	0.030303	0.030303	0.030303	0.030303	


Matrix B :

0.090909	0.090909	0.090909	0.090909	0.090909	0.090909	0.090909	0.090909	0.090909	0.090909	0.090909	
0.000173	0.310649	0.362078	0.209697	0.078268	0.017316	0.011602	0.005887	0.003983	0.000173	0.000173	
0.001653	0.092562	0.347107	0.219835	0.092562	0.092562	0.074380	0.038017	0.001653	0.019835	0.019835	
0.003788	0.003788	0.128788	0.295455	0.212121	0.170455	0.087121	0.087121	0.003788	0.003788	0.003788	
0.015152	0.015152	0.015152	0.348485	0.181818	0.015152	0.348485	0.015152	0.015152	0.015152	0.015152	
0.010101	0.010101	0.010101	0.454545	0.010101	0.121212	0.232323	0.010101	0.010101	0.010101	0.121212	
0.015152	0.015152	0.015152	0.348485	0.015152	0.015152	0.181818	0.015152	0.181818	0.015152	0.181818	
0.030303	0.030303	0.030303	0.030303	0.363636	0.030303	0.030303	0.030303	0.030303	0.363636	0.030303	
0.018182	0.018182	0.018182	0.218182	0.218182	0.018182	0.018182	0.018182	0.018182	0.418182	0.018182	
0.045455	0.045455	0.045455	0.045455	0.045455	0.045455	0.545455	0.045455	0.045455	0.045455	0.045455	
0.030303	0.030303	0.030303	0.030303	0.363636	0.030303	0.363636	0.030303	0.030303	0.030303	0.030303	


Vector Pi :

0.002933	0.841642	0.067449	0.035191	0.002933	0.035191	0.002933	0.002933	0.002933	0.002933	0.002933	


Vector Phi :

0.001642	0.819376	0.087028	0.037767	0.009852	0.013136	0.009852	0.004926	0.008210	0.003284	0.004926	
