
Parameters: 11 states AND 11 symbols

Matrix A :

0.090909	0.090909	0.090909	0.090909	0.090909	0.090909	0.090909	0.090909	0.090909	0.090909	0.090909	
0.000182	0.924182	0.056182	0.004182	0.004182	0.002182	0.006182	0.000182	0.000182	0.000182	0.002182	
0.001420	0.423295	0.329545	0.095170	0.032670	0.048295	0.048295	0.001420	0.001420	0.017045	0.001420	
0.006993	0.237762	0.391608	0.160839	0.083916	0.083916	0.006993	0.006993	0.006993	0.006993	0.006993	
0.009091	0.409091	0.209091	0.009091	0.209091	0.009091	0.109091	0.009091	0.009091	0.009091	0.009091	
0.012987	0.155844	0.441558	0.155844	0.155844	0.012987	0.012987	0.012987	0.012987	0.012987	0.012987	
0.011364	0.136364	0.386364	0.136364	0.136364	0.136364	0.011364	0.011364	0.011364	0.011364	0.011364	
0.090909	0.090909	0.090909	0.090909	0.090909	0.090909	0.090909	0.090909	0.090909	0.090909	0.090909	
0.090909	0.090909	0.090909	0.090909	0.090909	0.090909	0.090909	0.090909	0.090909	0.090909	0.090909	
0.045455	0.045455	0.545455	0.045455	0.045455	0.045455	0.045455	0.045455	0.045455	0.045455	0.045455	
0.045455	0.545455	0.045455	0.045455	0.045455	0.045455	0.045455	0.045455	0.045455	0.045455	0.045455	


Matrix B :

0.090909	0.090909	0.090909	0.090909	0.090909	0.090909	0.090909	0.090909	0.090909	0.090909	0.090909	
0.000173	0.170950	0.356909	0.248749	0.123512	0.049508	0.032431	0.007763	0.007763	0.000173	0.002070	
0.001377	0.016529	0.122590	0.258953	0.152893	0.122590	0.137741	0.077135	0.046832	0.031680	0.031680	
0.006993	0.006993	0.006993	0.160839	0.391608	0.083916	0.083916	0.160839	0.083916	0.006993	0.006993	
0.009091	0.009091	0.309091	0.209091	0.209091	0.009091	0.109091	0.109091	0.009091	0.009091	0.009091	
0.012987	0.155844	0.155844	0.298701	0.012987	0.155844	0.012987	0.012987	0.012987	0.155844	0.012987	
0.011364	0.011364	0.136364	0.136364	0.136364	0.136364	0.261364	0.136364	0.011364	0.011364	0.011364	
0.090909	0.090909	0.090909	0.090909	0.090909	0.090909	0.090909	0.090909	0.090909	0.090909	0.090909	
0.090909	0.090909	0.090909	0.090909	0.090909	0.090909	0.090909	0.090909	0.090909	0.090909	0.090909	
0.030303	0.030303	0.030303	0.030303	0.030303	0.030303	0.696970	0.030303	0.030303	0.030303	0.030303	
0.045455	0.045455	0.045455	0.045455	0.045455	0.045455	0.045455	0.045455	0.045455	0.545455	0.045455	


Vector Pi :

0.002933	0.873900	0.067449	0.002933	0.002933	0.002933	0.002933	0.002933	0.002933	0.035191	0.002933	


Vector Phi :

0.001642	0.821018	0.105090	0.021346	0.016420	0.011494	0.013136	0.001642	0.001642	0.003284	0.003284	
