
Parameters: 11 states AND 11 symbols

Matrix A :

0.0454545	0.0454545	0.0454545	0.0454545	0.0454545	0.0454545	0.0454545	0.0454545	0.0454545	0.0454545	0.545455	
0.000230734	0.850485	0.142363	0.00530688	0.000230734	0.000230734	0.000230734	0.000230734	0.000230734	0.000230734	0.000230734	
0.0002886	0.181241	0.673304	0.143146	0.0002886	0.0002886	0.0002886	0.0002886	0.0002886	0.0002886	0.0002886	
0.000478469	0.00574163	0.221531	0.595215	0.1689	0.00574163	0.000478469	0.000478469	0.000478469	0.000478469	0.000478469	
0.000631313	0.000631313	0.0284091	0.188131	0.646465	0.125631	0.00757576	0.000631313	0.000631313	0.000631313	0.000631313	
0.00137741	0.00137741	0.00137741	0.0316804	0.258953	0.53168	0.152893	0.0165289	0.00137741	0.00137741	0.00137741	
0.00252525	0.00252525	0.00252525	0.00252525	0.030303	0.308081	0.474747	0.141414	0.030303	0.00252525	0.00252525	
0.00606061	0.00606061	0.00606061	0.00606061	0.00606061	0.00606061	0.339394	0.272727	0.339394	0.00606061	0.00606061	
0.00478469	0.00478469	0.00478469	0.00478469	0.00478469	0.00478469	0.110048	0.215311	0.425837	0.215311	0.00478469	
0.00649351	0.00649351	0.00649351	0.00649351	0.00649351	0.00649351	0.00649351	0.00649351	0.292208	0.577922	0.0779221	
0.218182	0.0181818	0.0181818	0.0181818	0.0181818	0.0181818	0.0181818	0.0181818	0.0181818	0.218182	0.418182	


Matrix B :

0.0454545	0.0454545	0.0454545	0.0454545	0.0454545	0.0454545	0.0454545	0.0454545	0.0454545	0.0454545	0.545455	
0.000222272	0.244721	0.259391	0.149367	0.129807	0.120027	0.061347	0.0222272	0.0124472	0.000222272	0.000222272	
0.000272183	0.00326619	0.320631	0.251769	0.173925	0.102069	0.102069	0.0302123	0.00626021	0.00925422	0.000272183	
0.000441306	0.000441306	0.0538394	0.330538	0.286849	0.16549	0.0781112	0.0441306	0.0247132	0.01015	0.00529568	
0.000598086	0.000598086	0.000598086	0.0992823	0.421651	0.23744	0.158493	0.0269139	0.0203349	0.013756	0.0203349	
0.00135685	0.00135685	0.00135685	0.00135685	0.165536	0.284939	0.284939	0.165536	0.0610583	0.00135685	0.0312076	
0.00252525	0.00252525	0.00252525	0.00252525	0.00252525	0.19697	0.391414	0.280303	0.113636	0.00252525	0.00252525	
0.00568182	0.00568182	0.00568182	0.00568182	0.00568182	0.0681818	0.318182	0.130682	0.443182	0.00568182	0.00568182	
0.00478469	0.00478469	0.00478469	0.00478469	0.00478469	0.00478469	0.320574	0.267943	0.267943	0.110048	0.00478469	
0.00649351	0.00649351	0.00649351	0.00649351	0.00649351	0.00649351	0.00649351	0.149351	0.506494	0.292208	0.00649351	
0.0181818	0.0181818	0.0181818	0.0181818	0.0181818	0.0181818	0.0181818	0.0181818	0.0181818	0.618182	0.218182	


Vector Pi :

0.00149031	0.247392	0.312966	0.263785	0.132638	0.0178838	0.00149031	0.0178838	0.00149031	0.00149031	0.00149031	


Vector Phi :

0.00167334	0.327896	0.26229	0.15834	0.120148	0.0551396	0.0301151	0.012558	0.0159199	0.0117345	0.00418634	
