
Parameters: 11 states AND 11 symbols

Matrix A :

0.0909091	0.0909091	0.0909091	0.0909091	0.0909091	0.0909091	0.0909091	0.0909091	0.0909091	0.0909091	0.0909091	
0.000183655	0.638567	0.26685	0.0830119	0.00826446	0.00220386	0.000183655	0.000183655	0.000183655	0.000183655	0.000183655	
0.000275482	0.406336	0.354821	0.182094	0.0396694	0.015427	0.000275482	0.000275482	0.000275482	0.000275482	0.000275482	
0.000452284	0.144731	0.289009	0.338761	0.179557	0.0402533	0.00542741	0.000452284	0.000452284	0.000452284	0.000452284	
0.000891266	0.128342	0.167558	0.265597	0.255793	0.108734	0.0597148	0.0106952	0.000891266	0.000891266	0.000891266	
0.0021645	0.0497835	0.0497835	0.0735931	0.335498	0.287879	0.0497835	0.0735931	0.0735931	0.0021645	0.0021645	
0.00505051	0.0606061	0.116162	0.0606061	0.282828	0.116162	0.171717	0.116162	0.0606061	0.00505051	0.00505051	
0.0113636	0.0113636	0.0113636	0.0113636	0.261364	0.261364	0.136364	0.136364	0.0113636	0.136364	0.0113636	
0.0151515	0.0151515	0.0151515	0.0151515	0.181818	0.0151515	0.515152	0.0151515	0.0151515	0.0151515	0.181818	
0.030303	0.030303	0.030303	0.030303	0.030303	0.030303	0.363636	0.030303	0.030303	0.030303	0.363636	
0.030303	0.030303	0.030303	0.030303	0.030303	0.030303	0.030303	0.030303	0.363636	0.363636	0.030303	


Matrix B :

0.0909091	0.0909091	0.0909091	0.0909091	0.0909091	0.0909091	0.0909091	0.0909091	0.0909091	0.0909091	0.0909091	
0.00017449	0.610539	0.291921	0.0884662	0.00785203	0.00017449	0.00017449	0.00017449	0.00017449	0.00017449	0.00017449	
0.000262743	0.0493957	0.62165	0.263269	0.037835	0.020494	0.00604309	0.000262743	0.000262743	0.000262743	0.000262743	
0.000428816	0.000428816	0.108919	0.613636	0.226844	0.0381647	0.00986278	0.000428816	0.000428816	0.000428816	0.000428816	
0.000841751	0.000841751	0.000841751	0.14899	0.510101	0.213805	0.102694	0.010101	0.010101	0.000841751	0.000841751	
0.00211416	0.00211416	0.00211416	0.00211416	0.211416	0.350951	0.281184	0.141649	0.00211416	0.00211416	0.00211416	
0.00505051	0.00505051	0.00505051	0.00505051	0.00505051	0.393939	0.227273	0.282828	0.0606061	0.00505051	0.00505051	
0.0113636	0.0113636	0.0113636	0.0113636	0.0113636	0.0113636	0.261364	0.386364	0.261364	0.0113636	0.0113636	
0.0151515	0.0151515	0.0151515	0.0151515	0.0151515	0.0151515	0.181818	0.348485	0.181818	0.181818	0.0151515	
0.030303	0.030303	0.030303	0.030303	0.030303	0.030303	0.030303	0.030303	0.030303	0.363636	0.363636	
0.030303	0.030303	0.030303	0.030303	0.030303	0.030303	0.030303	0.030303	0.030303	0.030303	0.69697	


Vector Pi :

0.00149031	0.411326	0.280179	0.181818	0.099851	0.0178838	0.00149031	0.00149031	0.00149031	0.00149031	0.00149031	


Vector Phi :

0.000826381	0.410627	0.272072	0.166114	0.0842695	0.0346953	0.0148716	0.00660936	0.0049571	0.00247883	0.00247884	
