
Parameters: 11 states AND 11 symbols

Matrix A :

0.090909	0.090909	0.090909	0.090909	0.090909	0.090909	0.090909	0.090909	0.090909	0.090909	0.090909	
0.000529	0.669133	0.285412	0.041226	0.000529	0.000529	0.000529	0.000529	0.000529	0.000529	0.000529	
0.000602	0.305238	0.484046	0.152920	0.053582	0.000602	0.000602	0.000602	0.000602	0.000602	0.000602	
0.000999	0.121878	0.242757	0.440559	0.176823	0.011988	0.000999	0.000999	0.000999	0.000999	0.000999	
0.001783	0.001783	0.099822	0.315508	0.315508	0.256684	0.001783	0.001783	0.001783	0.001783	0.001783	
0.003135	0.003135	0.003135	0.141066	0.210031	0.278997	0.313480	0.037618	0.003135	0.003135	0.003135	
0.003636	0.003636	0.003636	0.003636	0.163636	0.203636	0.443636	0.043636	0.083636	0.043636	0.003636	
0.006494	0.006494	0.006494	0.006494	0.006494	0.077922	0.220779	0.435065	0.220779	0.006494	0.006494	
0.006993	0.006993	0.006993	0.006993	0.006993	0.006993	0.083916	0.314685	0.391608	0.160839	0.006993	
0.018182	0.018182	0.018182	0.018182	0.018182	0.018182	0.018182	0.218182	0.418182	0.018182	0.218182	
0.030303	0.030303	0.030303	0.030303	0.030303	0.030303	0.030303	0.030303	0.030303	0.363636	0.363636	


Matrix B :

0.090909	0.090909	0.090909	0.090909	0.090909	0.090909	0.090909	0.090909	0.090909	0.090909	0.090909	
0.000508	0.263078	0.218385	0.162519	0.145759	0.089893	0.039614	0.017268	0.011681	0.028441	0.022854	
0.000572	0.126358	0.327616	0.182962	0.126358	0.057176	0.038308	0.069754	0.038308	0.019440	0.013150	
0.000978	0.011730	0.398827	0.259042	0.086999	0.065494	0.054741	0.043988	0.033236	0.011730	0.033236	
0.001684	0.001684	0.279461	0.390572	0.094276	0.075758	0.094276	0.038721	0.020202	0.001684	0.001684	
0.003030	0.003030	0.036364	0.569697	0.136364	0.136364	0.103030	0.003030	0.003030	0.003030	0.003030	
0.003497	0.003497	0.003497	0.311189	0.503497	0.118881	0.041958	0.003497	0.003497	0.003497	0.003497	
0.006494	0.006494	0.006494	0.077922	0.363636	0.435065	0.077922	0.006494	0.006494	0.006494	0.006494	
0.006993	0.006993	0.006993	0.006993	0.314685	0.468531	0.160839	0.006993	0.006993	0.006993	0.006993	
0.018182	0.018182	0.018182	0.018182	0.018182	0.418182	0.418182	0.018182	0.018182	0.018182	0.018182	
0.030303	0.030303	0.030303	0.030303	0.030303	0.363636	0.363636	0.030303	0.030303	0.030303	0.030303	


Vector Pi :

0.003953	0.264822	0.395257	0.090909	0.134387	0.047431	0.047431	0.003953	0.003953	0.003953	0.003953	


Vector Phi :

0.001798	0.313357	0.270142	0.163409	0.091495	0.052046	0.044883	0.025146	0.023351	0.008983	0.005391	
