
Parameters: 11 states AND 11 symbols

Matrix A :

0.090909	0.090909	0.090909	0.090909	0.090909	0.090909	0.090909	0.090909	0.090909	0.090909	0.090909	
0.000441	0.563548	0.257723	0.141218	0.034422	0.000441	0.000441	0.000441	0.000441	0.000441	0.000441	
0.000640	0.359795	0.282330	0.183739	0.113316	0.021767	0.021767	0.007682	0.007682	0.000640	0.000640	
0.000705	0.210007	0.233263	0.341790	0.163495	0.039464	0.008457	0.000705	0.000705	0.000705	0.000705	
0.001166	0.103730	0.167832	0.244755	0.257576	0.180653	0.013986	0.026807	0.001166	0.001166	0.001166	
0.002392	0.028708	0.107656	0.186603	0.239234	0.186603	0.239234	0.002392	0.002392	0.002392	0.002392	
0.004545	0.004545	0.054545	0.104545	0.154545	0.254545	0.154545	0.154545	0.104545	0.004545	0.004545	
0.008264	0.008264	0.008264	0.099174	0.190083	0.280992	0.190083	0.190083	0.008264	0.008264	0.008264	
0.018182	0.218182	0.018182	0.018182	0.018182	0.018182	0.018182	0.418182	0.018182	0.018182	0.218182	
0.045455	0.045455	0.045455	0.045455	0.045455	0.045455	0.045455	0.045455	0.545455	0.045455	0.045455	
0.045455	0.045455	0.045455	0.045455	0.045455	0.045455	0.045455	0.045455	0.045455	0.545455	0.045455	


Matrix B :

0.090909	0.090909	0.090909	0.090909	0.090909	0.090909	0.090909	0.090909	0.090909	0.090909	0.090909	
0.000427	0.488690	0.399488	0.094324	0.014511	0.000427	0.000427	0.000427	0.000427	0.000427	0.000427	
0.000623	0.075965	0.596513	0.212951	0.096513	0.014321	0.000623	0.000623	0.000623	0.000623	0.000623	
0.000684	0.000684	0.286398	0.414217	0.143541	0.060834	0.090909	0.000684	0.000684	0.000684	0.000684	
0.001082	0.001082	0.012987	0.465368	0.322511	0.155844	0.012987	0.024892	0.001082	0.001082	0.001082	
0.002273	0.002273	0.002273	0.102273	0.327273	0.277273	0.102273	0.127273	0.052273	0.002273	0.002273	
0.004132	0.004132	0.004132	0.004132	0.276860	0.276860	0.231405	0.049587	0.095041	0.049587	0.004132	
0.008264	0.008264	0.008264	0.008264	0.099174	0.462810	0.190083	0.099174	0.008264	0.099174	0.008264	
0.018182	0.018182	0.018182	0.018182	0.018182	0.218182	0.218182	0.018182	0.218182	0.018182	0.218182	
0.045455	0.045455	0.045455	0.045455	0.045455	0.045455	0.045455	0.045455	0.045455	0.545455	0.045455	
0.045455	0.045455	0.045455	0.045455	0.045455	0.045455	0.045455	0.045455	0.545455	0.045455	0.045455	


Vector Pi :

0.003497	0.311189	0.157343	0.157343	0.195804	0.080420	0.080420	0.003497	0.003497	0.003497	0.003497	


Vector Phi :

0.001585	0.321707	0.223560	0.203749	0.125294	0.060567	0.031786	0.017489	0.007923	0.003170	0.003169	
