
Parameters: 11 states AND 11 symbols

Matrix A :

0.0909091	0.0909091	0.0909091	0.0909091	0.0909091	0.0909091	0.0909091	0.0909091	0.0909091	0.0909091	0.0909091	
9.15499e-05	0.922549	0.0685709	0.00613385	0.0010986	9.15499e-05	0.0010986	9.15499e-05	9.15499e-05	9.15499e-05	9.15499e-05	
0.000614251	0.453317	0.40602	0.101966	0.0208845	0.00737101	0.000614251	0.000614251	0.00737101	0.000614251	0.000614251	
0.002457	0.2457	0.380835	0.299754	0.002457	0.029484	0.002457	0.002457	0.002457	0.002457	0.029484	
0.010101	0.010101	0.010101	0.343434	0.232323	0.010101	0.121212	0.010101	0.121212	0.121212	0.010101	
0.0227273	0.0227273	0.0227273	0.272727	0.0227273	0.0227273	0.522727	0.0227273	0.0227273	0.0227273	0.0227273	
0.0181818	0.0181818	0.218182	0.0181818	0.218182	0.0181818	0.0181818	0.0181818	0.418182	0.0181818	0.0181818	
0.030303	0.030303	0.69697	0.030303	0.030303	0.030303	0.030303	0.030303	0.030303	0.030303	0.030303	
0.0181818	0.0181818	0.218182	0.0181818	0.0181818	0.218182	0.0181818	0.418182	0.0181818	0.0181818	0.0181818	
0.0454545	0.0454545	0.545455	0.0454545	0.0454545	0.0454545	0.0454545	0.0454545	0.0454545	0.0454545	0.0454545	
0.0454545	0.0454545	0.0454545	0.0454545	0.545455	0.0454545	0.0454545	0.0454545	0.0454545	0.0454545	0.0454545	


Matrix B :

0.0909091	0.0909091	0.0909091	0.0909091	0.0909091	0.0909091	0.0909091	0.0909091	0.0909091	0.0909091	0.0909091	
8.72448e-05	0.269761	0.406037	0.215058	0.0643867	0.0269586	0.0125633	0.00296632	0.00104694	8.72448e-05	0.00104694	
0.000590319	0.00708383	0.0785124	0.24085	0.383707	0.175915	0.0460449	0.0330579	0.0200708	0.00708383	0.00708383	
0.00221729	0.00221729	0.0266075	0.148559	0.124169	0.221729	0.197339	0.24612	0.0266075	0.00221729	0.00221729	
0.010101	0.121212	0.010101	0.010101	0.010101	0.121212	0.121212	0.121212	0.343434	0.121212	0.010101	
0.0227273	0.0227273	0.0227273	0.0227273	0.0227273	0.272727	0.0227273	0.522727	0.0227273	0.0227273	0.0227273	
0.0181818	0.0181818	0.0181818	0.0181818	0.218182	0.218182	0.0181818	0.418182	0.0181818	0.0181818	0.0181818	
0.030303	0.030303	0.030303	0.030303	0.030303	0.363636	0.030303	0.030303	0.030303	0.030303	0.363636	
0.0151515	0.0151515	0.0151515	0.0151515	0.0151515	0.681818	0.0151515	0.0151515	0.0151515	0.0151515	0.181818	
0.0454545	0.0454545	0.0454545	0.0454545	0.0454545	0.545455	0.0454545	0.0454545	0.0454545	0.0454545	0.0454545	
0.0454545	0.0454545	0.0454545	0.545455	0.0454545	0.0454545	0.0454545	0.0454545	0.0454545	0.0454545	0.0454545	


Vector Pi :

0.00149031	0.804769	0.099851	0.0670641	0.00149031	0.00149031	0.00149031	0.00149031	0.0178838	0.00149031	0.00149031	


Vector Phi :

0.00082713	0.82134	0.122415	0.0306038	0.00744417	0.00330852	0.00413565	0.00248139	0.00413565	0.00165426	0.00165426	
