
Parameters: 11 states AND 11 symbols

Matrix A :

0.0909091	0.0909091	0.0909091	0.0909091	0.0909091	0.0909091	0.0909091	0.0909091	0.0909091	0.0909091	0.0909091	
0.000206143	0.857349	0.131725	0.00927644	0.000206143	0.000206143	0.000206143	0.000206143	0.000206143	0.000206143	0.000206143	
0.000304044	0.184251	0.6692	0.134083	0.0103375	0.000304044	0.000304044	0.000304044	0.000304044	0.000304044	0.000304044	
0.000494071	0.0331028	0.212451	0.603755	0.136364	0.0113636	0.000494071	0.000494071	0.000494071	0.000494071	0.000494071	
0.000693963	0.000693963	0.00832755	0.214434	0.596114	0.153366	0.0235947	0.000693963	0.000693963	0.000693963	0.000693963	
0.00119617	0.00119617	0.00119617	0.00119617	0.303828	0.514354	0.159091	0.0143541	0.00119617	0.00119617	0.00119617	
0.00275482	0.00275482	0.00275482	0.00275482	0.0330579	0.366391	0.396694	0.184573	0.00275482	0.00275482	0.00275482	
0.00568182	0.00568182	0.00568182	0.00568182	0.00568182	0.130682	0.318182	0.255682	0.193182	0.0681818	0.00568182	
0.0151515	0.0151515	0.0151515	0.0151515	0.0151515	0.0151515	0.0151515	0.515152	0.181818	0.181818	0.0151515	
0.0151515	0.0151515	0.0151515	0.0151515	0.0151515	0.0151515	0.0151515	0.181818	0.181818	0.348485	0.181818	
0.012987	0.012987	0.012987	0.012987	0.012987	0.012987	0.012987	0.012987	0.012987	0.155844	0.727273	


Matrix B :

0.0909091	0.0909091	0.0909091	0.0909091	0.0909091	0.0909091	0.0909091	0.0909091	0.0909091	0.0909091	0.0909091	
0.000198926	0.494728	0.332803	0.129302	0.0286453	0.00895166	0.000198926	0.00457529	0.000198926	0.000198926	0.000198926	
0.000286779	0.0886149	0.530255	0.281044	0.0570691	0.0349871	0.00344135	0.00344135	0.000286779	0.000286779	0.000286779	
0.000471032	0.000471032	0.414979	0.337259	0.176637	0.0522845	0.00565238	0.0108337	0.000471032	0.000471032	0.000471032	
0.000654022	0.000654022	0.0941792	0.410726	0.274035	0.151733	0.0510137	0.0150425	0.000654022	0.000654022	0.000654022	
0.00112233	0.00112233	0.0258137	0.272727	0.334456	0.23569	0.0505051	0.0751964	0.00112233	0.00112233	0.00112233	
0.00252525	0.00252525	0.00252525	0.030303	0.280303	0.391414	0.113636	0.0858586	0.0580808	0.030303	0.00252525	
0.00534759	0.00534759	0.00534759	0.00534759	0.00534759	0.240642	0.299465	0.122995	0.122995	0.181818	0.00534759	
0.0151515	0.0151515	0.0151515	0.0151515	0.0151515	0.181818	0.181818	0.181818	0.348485	0.0151515	0.0151515	
0.0151515	0.0151515	0.0151515	0.0151515	0.0151515	0.0151515	0.181818	0.181818	0.348485	0.0151515	0.181818	
0.012987	0.012987	0.012987	0.012987	0.012987	0.012987	0.012987	0.155844	0.298701	0.155844	0.298701	


Vector Pi :

0.00149031	0.280179	0.296572	0.149031	0.132638	0.0834575	0.0342772	0.0178838	0.00149031	0.00149031	0.00149031	


Vector Phi :

0.000872906	0.357581	0.245744	0.153854	0.112507	0.0672099	0.0307233	0.0145808	0.00539878	0.00535056	0.00617824	
