
Parameters: 11 states AND 11 symbols

Matrix A :

0.090909	0.090909	0.090909	0.090909	0.090909	0.090909	0.090909	0.090909	0.090909	0.090909	0.090909	
0.000505	0.800505	0.144949	0.028283	0.000505	0.000505	0.006061	0.006061	0.006061	0.006061	0.000505	
0.001122	0.248036	0.420875	0.248036	0.025814	0.025814	0.013468	0.001122	0.001122	0.001122	0.013468	
0.001466	0.065982	0.243402	0.307918	0.178886	0.049853	0.098240	0.033724	0.017595	0.001466	0.001466	
0.002273	0.077273	0.077273	0.152273	0.327273	0.177273	0.077273	0.027273	0.027273	0.027273	0.027273	
0.002841	0.002841	0.034091	0.127841	0.221591	0.190341	0.159091	0.127841	0.065341	0.034091	0.034091	
0.002392	0.081340	0.002392	0.028708	0.081340	0.186603	0.265550	0.133971	0.160287	0.028708	0.028708	
0.003247	0.074675	0.003247	0.110390	0.003247	0.110390	0.181818	0.181818	0.110390	0.110390	0.110390	
0.002674	0.032086	0.002674	0.061497	0.032086	0.032086	0.120321	0.120321	0.237968	0.179144	0.179144	
0.002674	0.032086	0.002674	0.002674	0.061497	0.061497	0.032086	0.149733	0.149733	0.208556	0.296791	
0.001299	0.001299	0.015584	0.015584	0.001299	0.001299	0.015584	0.015584	0.087013	0.187013	0.658442	


Matrix B :

0.090909	0.090909	0.090909	0.090909	0.090909	0.090909	0.090909	0.090909	0.090909	0.090909	0.090909	
0.000486	0.315994	0.358775	0.150219	0.112786	0.032572	0.021877	0.005834	0.000486	0.000486	0.000486	
0.001095	0.109529	0.314348	0.302300	0.097481	0.061336	0.085433	0.013143	0.013143	0.001095	0.001095	
0.001420	0.079545	0.267045	0.298295	0.157670	0.063920	0.079545	0.032670	0.001420	0.001420	0.017045	
0.002217	0.026608	0.197339	0.197339	0.294900	0.148559	0.026608	0.075388	0.026608	0.002217	0.002217	
0.002755	0.063361	0.305785	0.184573	0.214876	0.154270	0.063361	0.002755	0.002755	0.002755	0.002755	
0.002217	0.026608	0.221729	0.148559	0.368071	0.221729	0.002217	0.002217	0.002217	0.002217	0.002217	
0.003030	0.003030	0.203030	0.236364	0.303030	0.203030	0.003030	0.003030	0.003030	0.003030	0.036364	
0.002525	0.030303	0.141414	0.252525	0.085859	0.252525	0.085859	0.030303	0.002525	0.030303	0.085859	
0.002217	0.002217	0.050998	0.246120	0.319290	0.197339	0.124169	0.050998	0.002217	0.002217	0.002217	
0.001245	0.001245	0.110834	0.179328	0.124533	0.316314	0.206725	0.056040	0.001245	0.001245	0.001245	


Vector Pi :

0.002933	0.260997	0.067449	0.067449	0.035191	0.035191	0.099707	0.035191	0.067449	0.228739	0.099707	


Vector Phi :

0.001688	0.291279	0.132993	0.103203	0.067171	0.054172	0.064466	0.049463	0.057933	0.058058	0.119575	
