
Parameters: 11 states AND 11 symbols

Matrix A :

0.090909	0.090909	0.090909	0.090909	0.090909	0.090909	0.090909	0.090909	0.090909	0.090909	0.090909	
0.001021	0.663943	0.203269	0.023493	0.023493	0.012257	0.045965	0.001021	0.001021	0.001021	0.023493	
0.001229	0.190418	0.541769	0.136364	0.041769	0.014742	0.028256	0.001229	0.001229	0.041769	0.001229	
0.002392	0.133971	0.265550	0.186603	0.212919	0.002392	0.081340	0.055024	0.028708	0.002392	0.028708	
0.001818	0.021818	0.081818	0.201818	0.361818	0.121818	0.081818	0.041818	0.021818	0.061818	0.001818	
0.002755	0.063361	0.002755	0.123967	0.336088	0.184573	0.154270	0.033058	0.063361	0.033058	0.002755	
0.002273	0.027273	0.027273	0.002273	0.102273	0.152273	0.202273	0.102273	0.277273	0.077273	0.027273	
0.002841	0.034091	0.034091	0.065341	0.034091	0.221591	0.221591	0.159091	0.127841	0.096591	0.002841	
0.001567	0.018809	0.001567	0.018809	0.018809	0.036050	0.036050	0.156740	0.346395	0.277429	0.087774	
0.001280	0.043534	0.001280	0.001280	0.001280	0.029449	0.043534	0.099872	0.170294	0.339309	0.268886	
0.000797	0.009569	0.000797	0.009569	0.009569	0.009569	0.009569	0.009569	0.044657	0.149920	0.746411	


Matrix B :

0.090909	0.090909	0.090909	0.090909	0.090909	0.090909	0.090909	0.090909	0.090909	0.090909	0.090909	
0.000988	0.403162	0.294466	0.207510	0.087945	0.000988	0.000988	0.000988	0.000988	0.000988	0.000988	
0.001136	0.238636	0.451136	0.213636	0.076136	0.013636	0.001136	0.001136	0.001136	0.001136	0.001136	
0.002165	0.216450	0.430736	0.097403	0.168831	0.073593	0.002165	0.002165	0.002165	0.002165	0.002165	
0.001748	0.078671	0.444056	0.290210	0.117133	0.040210	0.020979	0.001748	0.001748	0.001748	0.001748	
0.002755	0.033058	0.305785	0.426997	0.154270	0.063361	0.002755	0.002755	0.002755	0.002755	0.002755	
0.002165	0.025974	0.287879	0.478355	0.049784	0.121212	0.025974	0.002165	0.002165	0.002165	0.002165	
0.002755	0.033058	0.184573	0.426997	0.184573	0.123967	0.033058	0.002755	0.002755	0.002755	0.002755	
0.001541	0.035439	0.069337	0.408320	0.323575	0.069337	0.069337	0.001541	0.018490	0.001541	0.001541	
0.001181	0.014168	0.092090	0.364817	0.247934	0.131051	0.131051	0.001181	0.001181	0.014168	0.001181	
0.000764	0.000764	0.051184	0.126814	0.219251	0.286478	0.152024	0.067991	0.025974	0.017571	0.051184	


Vector Pi :

0.002933	0.099707	0.164223	0.131965	0.067449	0.002933	0.067449	0.035191	0.067449	0.196481	0.164223	


Vector Phi :

0.001665	0.151032	0.128621	0.064162	0.083693	0.054702	0.066560	0.052514	0.093284	0.116517	0.187250	
