
Parameters: 11 states AND 11 symbols

Matrix A :

0.0909091	0.0909091	0.0909091	0.0909091	0.0909091	0.0909091	0.0909091	0.0909091	0.0909091	0.0909091	0.0909091	
0.000243724	0.710699	0.236169	0.0404582	0.0109676	0.000243724	0.000243724	0.000243724	0.000243724	0.000243724	0.000243724	
0.000292312	0.280035	0.476177	0.199649	0.0388775	0.00350775	0.000292312	0.000292312	0.000292312	0.000292312	0.000292312	
0.0004095	0.0724816	0.302211	0.410319	0.194103	0.0184275	0.0004095	0.0004095	0.0004095	0.0004095	0.0004095	
0.000644745	0.0290135	0.0502901	0.305609	0.362347	0.206319	0.0431979	0.000644745	0.000644745	0.000644745	0.000644745	
0.0011655	0.0011655	0.013986	0.11655	0.283217	0.385781	0.129371	0.0652681	0.0011655	0.0011655	0.0011655	
0.002457	0.002457	0.002457	0.029484	0.164619	0.299754	0.299754	0.164619	0.029484	0.002457	0.002457	
0.00454545	0.00454545	0.00454545	0.00454545	0.104545	0.00454545	0.404545	0.204545	0.154545	0.104545	0.00454545	
0.010101	0.010101	0.010101	0.010101	0.010101	0.232323	0.121212	0.121212	0.232323	0.232323	0.010101	
0.0151515	0.0151515	0.0151515	0.0151515	0.0151515	0.0151515	0.0151515	0.181818	0.0151515	0.181818	0.515152	
0.012987	0.012987	0.012987	0.012987	0.012987	0.012987	0.012987	0.155844	0.298701	0.012987	0.441558	


Matrix B :

0.0909091	0.0909091	0.0909091	0.0909091	0.0909091	0.0909091	0.0909091	0.0909091	0.0909091	0.0909091	0.0909091	
0.000232504	0.435015	0.250872	0.133225	0.0820739	0.059056	0.0130202	0.0181353	0.00534759	0.00279005	0.000232504	
0.00027972	0.151049	0.52028	0.184895	0.0895105	0.027972	0.00951049	0.00027972	0.00643357	0.00335664	0.00643357	
0.0003885	0.0003885	0.432012	0.256799	0.132867	0.102953	0.0260295	0.004662	0.0345765	0.0003885	0.00893551	
0.000614251	0.000614251	0.0546683	0.439803	0.270885	0.142506	0.0479115	0.034398	0.000614251	0.00737101	0.000614251	
0.00109529	0.00109529	0.00109529	0.145674	0.555312	0.181818	0.0733844	0.0131435	0.00109529	0.00109529	0.0251917	
0.002331	0.002331	0.002331	0.027972	0.361305	0.361305	0.130536	0.0792541	0.027972	0.002331	0.002331	
0.004329	0.004329	0.004329	0.004329	0.147186	0.290043	0.0519481	0.242424	0.0995671	0.0995671	0.0519481	
0.00909091	0.00909091	0.00909091	0.00909091	0.00909091	0.109091	0.209091	0.109091	0.109091	0.409091	0.00909091	
0.0151515	0.0151515	0.0151515	0.0151515	0.0151515	0.0151515	0.181818	0.0151515	0.181818	0.0151515	0.515152	
0.012987	0.012987	0.012987	0.012987	0.012987	0.012987	0.012987	0.298701	0.012987	0.298701	0.298701	


Vector Pi :

0.00149031	0.296572	0.214605	0.198212	0.116244	0.0834575	0.0342772	0.0342772	0.0178838	0.00149031	0.00149031	


Vector Phi :

0.000800128	0.312324	0.261035	0.184693	0.116246	0.0636212	0.0293869	0.0149437	0.00692486	0.00460003	0.00542525	
