
Parameters: 11 states AND 11 symbols

Matrix A :

0.0909091	0.0909091	0.0909091	0.0909091	0.0909091	0.0909091	0.0909091	0.0909091	0.0909091	0.0909091	0.0909091	
8.26446e-05	0.984628	0.0146281	8.26446e-05	8.26446e-05	8.26446e-05	8.26446e-05	8.26446e-05	8.26446e-05	8.26446e-05	8.26446e-05	
0.0016835	0.242424	0.631313	0.0942761	0.0016835	0.020202	0.0016835	0.0016835	0.0016835	0.0016835	0.0016835	
0.00757576	0.0909091	0.174242	0.340909	0.257576	0.00757576	0.00757576	0.0909091	0.00757576	0.00757576	0.00757576	
0.00826446	0.190083	0.00826446	0.0991736	0.46281	0.0991736	0.00826446	0.00826446	0.00826446	0.0991736	0.00826446	
0.0181818	0.0181818	0.218182	0.218182	0.0181818	0.0181818	0.0181818	0.218182	0.218182	0.0181818	0.0181818	
0.0454545	0.0454545	0.0454545	0.0454545	0.0454545	0.545455	0.0454545	0.0454545	0.0454545	0.0454545	0.0454545	
0.0227273	0.0227273	0.0227273	0.0227273	0.0227273	0.0227273	0.272727	0.272727	0.0227273	0.272727	0.0227273	
0.0227273	0.0227273	0.0227273	0.0227273	0.272727	0.272727	0.0227273	0.0227273	0.0227273	0.272727	0.0227273	
0.012987	0.012987	0.012987	0.012987	0.155844	0.012987	0.012987	0.012987	0.298701	0.155844	0.298701	
0.0181818	0.0181818	0.0181818	0.0181818	0.0181818	0.0181818	0.0181818	0.0181818	0.0181818	0.418182	0.418182	


Matrix B :

0.0909091	0.0909091	0.0909091	0.0909091	0.0909091	0.0909091	0.0909091	0.0909091	0.0909091	0.0909091	0.0909091	
7.86411e-05	0.352155	0.373781	0.150598	0.0606323	0.0312205	0.0173797	0.0104593	0.00353885	7.86411e-05	7.86411e-05	
0.00165289	0.0198347	0.438017	0.347107	0.00165289	0.092562	0.0743802	0.00165289	0.0198347	0.00165289	0.00165289	
0.00757576	0.00757576	0.00757576	0.674242	0.174242	0.00757576	0.0909091	0.00757576	0.00757576	0.00757576	0.00757576	
0.00757576	0.00757576	0.174242	0.340909	0.257576	0.0909091	0.00757576	0.00757576	0.0909091	0.00757576	0.00757576	
0.0181818	0.0181818	0.218182	0.218182	0.0181818	0.0181818	0.218182	0.0181818	0.0181818	0.218182	0.0181818	
0.0454545	0.0454545	0.0454545	0.545455	0.0454545	0.0454545	0.0454545	0.0454545	0.0454545	0.0454545	0.0454545	
0.0227273	0.0227273	0.272727	0.272727	0.0227273	0.0227273	0.0227273	0.272727	0.0227273	0.0227273	0.0227273	
0.0181818	0.0181818	0.0181818	0.0181818	0.0181818	0.0181818	0.0181818	0.218182	0.0181818	0.418182	0.218182	
0.012987	0.012987	0.012987	0.012987	0.155844	0.012987	0.155844	0.012987	0.298701	0.155844	0.155844	
0.0151515	0.0151515	0.0151515	0.0151515	0.0151515	0.348485	0.348485	0.0151515	0.0151515	0.0151515	0.181818	


Vector Pi :

0.00149031	0.919523	0.0178838	0.00149031	0.0178838	0.00149031	0.00149031	0.00149031	0.0178838	0.00149031	0.0178838	


Vector Phi :

0.000830031	0.912854	0.0448145	0.00995954	0.00913048	0.00415015	0.00166007	0.00332009	0.0033203	0.00581061	0.00415052	
