
Parameters: 11 states AND 11 symbols

Matrix A :

0.0909091	0.0909091	0.0909091	0.0909091	0.0909091	0.0909091	0.0909091	0.0909091	0.0909091	0.0909091	0.0909091	
0.000101688	0.928513	0.0638601	0.00569453	0.000101688	0.000101688	0.00122026	0.000101688	0.000101688	0.000101688	0.000101688	
0.0004662	0.292774	0.595338	0.0773893	0.020979	0.00559441	0.00559441	0.0004662	0.0004662	0.0004662	0.0004662	
0.00162338	0.0730519	0.358766	0.376623	0.162338	0.00162338	0.00162338	0.0194805	0.00162338	0.00162338	0.00162338	
0.00413223	0.0495868	0.00413223	0.413223	0.27686	0.18595	0.0495868	0.00413223	0.00413223	0.00413223	0.00413223	
0.00757576	0.00757576	0.0909091	0.340909	0.0909091	0.340909	0.00757576	0.00757576	0.0909091	0.00757576	0.00757576	
0.0151515	0.181818	0.0151515	0.0151515	0.0151515	0.181818	0.0151515	0.181818	0.181818	0.181818	0.0151515	
0.0227273	0.0227273	0.0227273	0.0227273	0.272727	0.0227273	0.272727	0.0227273	0.0227273	0.0227273	0.272727	
0.0151515	0.0151515	0.0151515	0.181818	0.0151515	0.181818	0.181818	0.0151515	0.181818	0.0151515	0.181818	
0.030303	0.030303	0.030303	0.030303	0.030303	0.030303	0.030303	0.363636	0.030303	0.030303	0.363636	
0.0151515	0.0151515	0.0151515	0.0151515	0.0151515	0.0151515	0.0151515	0.0151515	0.348485	0.181818	0.348485	


Matrix B :

0.0909091	0.0909091	0.0909091	0.0909091	0.0909091	0.0909091	0.0909091	0.0909091	0.0909091	0.0909091	0.0909091	
9.70214e-05	0.426991	0.374697	0.163384	0.0289124	0.00329873	0.00223149	9.70214e-05	9.70214e-05	9.70214e-05	9.70214e-05	
0.000443459	0.0833703	0.478492	0.273614	0.0980044	0.0248337	0.00532151	0.00532151	0.0150776	0.0150776	0.000443459	
0.00151515	0.0681818	0.368182	0.301515	0.118182	0.101515	0.0348485	0.00151515	0.00151515	0.00151515	0.00151515	
0.00378788	0.00378788	0.378788	0.170455	0.253788	0.128788	0.0454545	0.00378788	0.00378788	0.00378788	0.00378788	
0.00757576	0.00757576	0.0909091	0.590909	0.0909091	0.00757576	0.0909091	0.00757576	0.00757576	0.00757576	0.0909091	
0.0151515	0.0151515	0.181818	0.181818	0.515152	0.0151515	0.0151515	0.0151515	0.0151515	0.0151515	0.0151515	
0.0227273	0.0227273	0.0227273	0.0227273	0.522727	0.272727	0.0227273	0.0227273	0.0227273	0.0227273	0.0227273	
0.012987	0.012987	0.012987	0.155844	0.584416	0.012987	0.012987	0.012987	0.012987	0.012987	0.155844	
0.030303	0.030303	0.030303	0.363636	0.030303	0.030303	0.030303	0.030303	0.363636	0.030303	0.030303	
0.0151515	0.0151515	0.0151515	0.0151515	0.181818	0.348485	0.181818	0.0151515	0.0151515	0.0151515	0.181818	


Vector Pi :

0.00149031	0.706408	0.165425	0.0670641	0.0342772	0.00149031	0.00149031	0.00149031	0.0178838	0.00149031	0.00149031	


Vector Phi :

0.000829876	0.741909	0.161826	0.046473	0.0182573	0.00995851	0.00497925	0.0033195	0.00497925	0.00248963	0.00497925	
