
Parameters: 11 states AND 11 symbols

Matrix A :

0.090909	0.090909	0.090909	0.090909	0.090909	0.090909	0.090909	0.090909	0.090909	0.090909	0.090909	
0.000184	0.896945	0.062937	0.024476	0.006257	0.002208	0.002208	0.002208	0.002208	0.000184	0.000184	
0.001399	0.586014	0.293706	0.016783	0.032168	0.016783	0.032168	0.001399	0.001399	0.001399	0.016783	
0.004329	0.147186	0.290043	0.242424	0.147186	0.099567	0.051948	0.004329	0.004329	0.004329	0.004329	
0.009091	0.309091	0.509091	0.009091	0.009091	0.009091	0.109091	0.009091	0.009091	0.009091	0.009091	
0.018182	0.418182	0.218182	0.218182	0.018182	0.018182	0.018182	0.018182	0.018182	0.018182	0.018182	
0.015152	0.348485	0.515152	0.015152	0.015152	0.015152	0.015152	0.015152	0.015152	0.015152	0.015152	
0.045455	0.045455	0.045455	0.045455	0.545455	0.045455	0.045455	0.045455	0.045455	0.045455	0.045455	
0.045455	0.545455	0.045455	0.045455	0.045455	0.045455	0.045455	0.045455	0.045455	0.045455	0.045455	
0.090909	0.090909	0.090909	0.090909	0.090909	0.090909	0.090909	0.090909	0.090909	0.090909	0.090909	
0.045455	0.045455	0.045455	0.545455	0.045455	0.045455	0.045455	0.045455	0.045455	0.045455	0.045455	


Matrix B :

0.090909	0.090909	0.090909	0.090909	0.090909	0.090909	0.090909	0.090909	0.090909	0.090909	0.090909	
0.000176	0.236610	0.358703	0.217230	0.099013	0.058316	0.017618	0.007928	0.002114	0.000176	0.002114	
0.001337	0.016043	0.089572	0.383690	0.221925	0.192513	0.045455	0.016043	0.016043	0.001337	0.016043	
0.004132	0.004132	0.140496	0.185950	0.231405	0.185950	0.185950	0.004132	0.049587	0.004132	0.004132	
0.007576	0.007576	0.007576	0.090909	0.424242	0.257576	0.090909	0.090909	0.007576	0.007576	0.007576	
0.018182	0.018182	0.018182	0.418182	0.018182	0.218182	0.218182	0.018182	0.018182	0.018182	0.018182	
0.012987	0.012987	0.155844	0.012987	0.298701	0.155844	0.012987	0.155844	0.155844	0.012987	0.012987	
0.030303	0.030303	0.030303	0.030303	0.030303	0.030303	0.030303	0.030303	0.696970	0.030303	0.030303	
0.045455	0.045455	0.045455	0.045455	0.545455	0.045455	0.045455	0.045455	0.045455	0.045455	0.045455	
0.090909	0.090909	0.090909	0.090909	0.090909	0.090909	0.090909	0.090909	0.090909	0.090909	0.090909	
0.045455	0.045455	0.045455	0.545455	0.045455	0.045455	0.045455	0.045455	0.045455	0.045455	0.045455	


Vector Pi :

0.002933	0.744868	0.067449	0.035191	0.067449	0.002933	0.035191	0.035191	0.002933	0.002933	0.002933	


Vector Phi :

0.001651	0.808656	0.108966	0.034499	0.016488	0.008250	0.009933	0.003288	0.003288	0.001651	0.003328	
