
Parameters: 11 states AND 11 symbols

Matrix A :

0.0909091	0.0909091	0.0909091	0.0909091	0.0909091	0.0909091	0.0909091	0.0909091	0.0909091	0.0909091	0.0909091	
8.04505e-05	0.974417	0.0168946	0.00273532	0.00362027	8.04505e-05	8.04505e-05	8.04505e-05	8.04505e-05	8.04505e-05	0.00185036	
0.00181818	0.421818	0.441818	0.0818182	0.00181818	0.00181818	0.0218182	0.00181818	0.0218182	0.00181818	0.00181818	
0.00826446	0.190083	0.553719	0.190083	0.00826446	0.00826446	0.00826446	0.00826446	0.00826446	0.00826446	0.00826446	
0.0181818	0.218182	0.0181818	0.218182	0.0181818	0.218182	0.0181818	0.0181818	0.0181818	0.0181818	0.218182	
0.0454545	0.545455	0.0454545	0.0454545	0.0454545	0.0454545	0.0454545	0.0454545	0.0454545	0.0454545	0.0454545	
0.0454545	0.0454545	0.545455	0.0454545	0.0454545	0.0454545	0.0454545	0.0454545	0.0454545	0.0454545	0.0454545	
0.0909091	0.0909091	0.0909091	0.0909091	0.0909091	0.0909091	0.0909091	0.0909091	0.0909091	0.0909091	0.0909091	
0.0454545	0.545455	0.0454545	0.0454545	0.0454545	0.0454545	0.0454545	0.0454545	0.0454545	0.0454545	0.0454545	
0.0909091	0.0909091	0.0909091	0.0909091	0.0909091	0.0909091	0.0909091	0.0909091	0.0909091	0.0909091	0.0909091	
0.0227273	0.522727	0.272727	0.0227273	0.0227273	0.0227273	0.0227273	0.0227273	0.0227273	0.0227273	0.0227273	


Matrix B :

0.0909091	0.0909091	0.0909091	0.0909091	0.0909091	0.0909091	0.0909091	0.0909091	0.0909091	0.0909091	0.0909091	
7.67165e-05	0.329191	0.358727	0.185731	0.069275	0.033832	0.0110472	0.00682777	0.00176448	0.00260836	0.000920598	
0.00171527	0.0205832	0.0960549	0.379074	0.284734	0.0960549	0.0960549	0.0205832	0.00171527	0.00171527	0.00171527	
0.00757576	0.00757576	0.0909091	0.174242	0.257576	0.257576	0.0909091	0.0909091	0.00757576	0.00757576	0.00757576	
0.0151515	0.181818	0.0151515	0.348485	0.0151515	0.181818	0.0151515	0.0151515	0.181818	0.0151515	0.0151515	
0.0454545	0.0454545	0.0454545	0.0454545	0.0454545	0.0454545	0.0454545	0.545455	0.0454545	0.0454545	0.0454545	
0.0454545	0.0454545	0.0454545	0.0454545	0.545455	0.0454545	0.0454545	0.0454545	0.0454545	0.0454545	0.0454545	
0.0909091	0.0909091	0.0909091	0.0909091	0.0909091	0.0909091	0.0909091	0.0909091	0.0909091	0.0909091	0.0909091	
0.0454545	0.0454545	0.0454545	0.0454545	0.0454545	0.0454545	0.0454545	0.0454545	0.0454545	0.0454545	0.545455	
0.0909091	0.0909091	0.0909091	0.0909091	0.0909091	0.0909091	0.0909091	0.0909091	0.0909091	0.0909091	0.0909091	
0.0227273	0.0227273	0.272727	0.0227273	0.272727	0.0227273	0.0227273	0.0227273	0.272727	0.0227273	0.0227273	


Vector Pi :

0.00149031	0.90313	0.0506706	0.0178838	0.0178838	0.00149031	0.00149031	0.00149031	0.00149031	0.00149031	0.00149031	


Vector Phi :

0.00082713	0.934657	0.0413565	0.00909843	0.00413565	0.00165426	0.00165426	0.00082713	0.00165426	0.00082713	0.00330852	
