
Parameters: 11 states AND 11 symbols

Matrix A :

0.0909091	0.0909091	0.0909091	0.0909091	0.0909091	0.0909091	0.0909091	0.0909091	0.0909091	0.0909091	0.0909091	
7.89827e-05	0.980965	0.0122423	0.000947792	0.00268541	0.000947792	0.000947792	7.89827e-05	7.89827e-05	7.89827e-05	0.000947792	
0.00284091	0.565341	0.346591	0.0340909	0.0340909	0.00284091	0.00284091	0.00284091	0.00284091	0.00284091	0.00284091	
0.0181818	0.418182	0.0181818	0.0181818	0.0181818	0.0181818	0.218182	0.218182	0.0181818	0.0181818	0.0181818	
0.0151515	0.0151515	0.181818	0.181818	0.0151515	0.348485	0.0151515	0.181818	0.0151515	0.0151515	0.0151515	
0.0227273	0.0227273	0.522727	0.0227273	0.272727	0.0227273	0.0227273	0.0227273	0.0227273	0.0227273	0.0227273	
0.030303	0.363636	0.030303	0.363636	0.030303	0.030303	0.030303	0.030303	0.030303	0.030303	0.030303	
0.030303	0.030303	0.69697	0.030303	0.030303	0.030303	0.030303	0.030303	0.030303	0.030303	0.030303	
0.0909091	0.0909091	0.0909091	0.0909091	0.0909091	0.0909091	0.0909091	0.0909091	0.0909091	0.0909091	0.0909091	
0.0909091	0.0909091	0.0909091	0.0909091	0.0909091	0.0909091	0.0909091	0.0909091	0.0909091	0.0909091	0.0909091	
0.0454545	0.0454545	0.545455	0.0454545	0.0454545	0.0454545	0.0454545	0.0454545	0.0454545	0.0454545	0.0454545	


Matrix B :

0.0909091	0.0909091	0.0909091	0.0909091	0.0909091	0.0909091	0.0909091	0.0909091	0.0909091	0.0909091	0.0909091	
7.51936e-05	0.239116	0.349951	0.233326	0.0951951	0.0430859	0.0190992	0.00917362	0.00421084	0.00338371	0.00338371	
0.00284091	0.00284091	0.0340909	0.346591	0.315341	0.0965909	0.127841	0.0653409	0.00284091	0.00284091	0.00284091	
0.0151515	0.0151515	0.181818	0.0151515	0.515152	0.0151515	0.0151515	0.0151515	0.0151515	0.0151515	0.181818	
0.0151515	0.0151515	0.0151515	0.0151515	0.181818	0.348485	0.0151515	0.0151515	0.181818	0.181818	0.0151515	
0.0181818	0.0181818	0.0181818	0.0181818	0.418182	0.218182	0.0181818	0.0181818	0.218182	0.0181818	0.0181818	
0.030303	0.030303	0.363636	0.030303	0.363636	0.030303	0.030303	0.030303	0.030303	0.030303	0.030303	
0.030303	0.030303	0.030303	0.69697	0.030303	0.030303	0.030303	0.030303	0.030303	0.030303	0.030303	
0.0909091	0.0909091	0.0909091	0.0909091	0.0909091	0.0909091	0.0909091	0.0909091	0.0909091	0.0909091	0.0909091	
0.0909091	0.0909091	0.0909091	0.0909091	0.0909091	0.0909091	0.0909091	0.0909091	0.0909091	0.0909091	0.0909091	
0.0454545	0.0454545	0.0454545	0.0454545	0.0454545	0.545455	0.0454545	0.0454545	0.0454545	0.0454545	0.0454545	


Vector Pi :

0.00149031	0.95231	0.00149031	0.0178838	0.00149031	0.0178838	0.00149031	0.00149031	0.00149031	0.00149031	0.00149031	


Vector Phi :

0.00082713	0.952026	0.0264682	0.00413565	0.00496278	0.00330852	0.00248139	0.00248139	0.00082713	0.00082713	0.00165426	
