
Parameters: 11 states AND 11 symbols

Matrix A :

0.0909091	0.0909091	0.0909091	0.0909091	0.0909091	0.0909091	0.0909091	0.0909091	0.0909091	0.0909091	0.0909091	
0.000104015	0.949761	0.0470148	0.00239234	0.000104015	0.000104015	0.000104015	0.000104015	0.000104015	0.000104015	0.000104015	
0.000544366	0.246053	0.617311	0.120305	0.00653239	0.000544366	0.000544366	0.000544366	0.000544366	0.000544366	0.00653239	
0.0012987	0.0155844	0.301299	0.52987	0.101299	0.0441558	0.0012987	0.0012987	0.0012987	0.0012987	0.0012987	
0.00454545	0.0545455	0.0545455	0.404545	0.304545	0.104545	0.0545455	0.00454545	0.00454545	0.00454545	0.00454545	
0.004329	0.004329	0.004329	0.0995671	0.194805	0.480519	0.0519481	0.004329	0.0995671	0.0519481	0.004329	
0.00757576	0.00757576	0.00757576	0.00757576	0.0909091	0.340909	0.257576	0.174242	0.0909091	0.00757576	0.00757576	
0.0151515	0.0151515	0.0151515	0.0151515	0.0151515	0.0151515	0.515152	0.181818	0.181818	0.0151515	0.0151515	
0.00826446	0.00826446	0.00826446	0.00826446	0.00826446	0.0991736	0.190083	0.190083	0.190083	0.190083	0.0991736	
0.0151515	0.0151515	0.0151515	0.0151515	0.0151515	0.0151515	0.181818	0.0151515	0.515152	0.0151515	0.181818	
0.00757576	0.00757576	0.00757576	0.00757576	0.00757576	0.00757576	0.00757576	0.00757576	0.0909091	0.174242	0.674242	


Matrix B :

0.0909091	0.0909091	0.0909091	0.0909091	0.0909091	0.0909091	0.0909091	0.0909091	0.0909091	0.0909091	0.0909091	
9.87069e-05	0.388807	0.424637	0.160794	0.0207285	0.00118448	0.00227026	0.00118448	9.87069e-05	9.87069e-05	9.87069e-05	
0.000525486	0.0409879	0.23752	0.382028	0.225959	0.058329	0.0236469	0.0236469	0.00630583	0.000525486	0.000525486	
0.0012285	0.0687961	0.257985	0.244472	0.163391	0.0823096	0.0687961	0.0282555	0.0282555	0.0282555	0.0282555	
0.004329	0.004329	0.194805	0.337662	0.385281	0.0519481	0.004329	0.004329	0.004329	0.004329	0.004329	
0.004329	0.004329	0.4329	0.337662	0.0995671	0.0995671	0.004329	0.004329	0.004329	0.004329	0.004329	
0.00757576	0.00757576	0.0909091	0.674242	0.174242	0.00757576	0.00757576	0.00757576	0.00757576	0.00757576	0.00757576	
0.0151515	0.0151515	0.0151515	0.0151515	0.681818	0.181818	0.0151515	0.0151515	0.0151515	0.0151515	0.0151515	
0.00826446	0.00826446	0.00826446	0.280992	0.553719	0.0991736	0.00826446	0.00826446	0.00826446	0.00826446	0.00826446	
0.012987	0.012987	0.012987	0.584416	0.298701	0.012987	0.012987	0.012987	0.012987	0.012987	0.012987	
0.00699301	0.00699301	0.0839161	0.0839161	0.622378	0.160839	0.00699301	0.00699301	0.00699301	0.00699301	0.00699301	


Vector Pi :

0.00149031	0.771982	0.099851	0.0670641	0.0178838	0.00149031	0.00149031	0.00149031	0.00149031	0.0178838	0.0178838	


Vector Phi :

0.000834272	0.7282	0.139176	0.0583586	0.0166815	0.0175229	0.010016	0.00500822	0.00918118	0.00500754	0.0100139	
