
Parameters: 11 states AND 11 symbols

Matrix A :

0.0909091	0.0909091	0.0909091	0.0909091	0.0909091	0.0909091	0.0909091	0.0909091	0.0909091	0.0909091	0.0909091	
0.00012335	0.899716	0.0937461	0.00555076	0.00012335	0.00012335	0.00012335	0.00012335	0.00012335	0.00012335	0.00012335	
0.000334225	0.254011	0.629011	0.0995989	0.00768717	0.0040107	0.0040107	0.000334225	0.000334225	0.000334225	0.000334225	
0.000927644	0.041744	0.245826	0.551948	0.113173	0.0213358	0.0213358	0.000927644	0.000927644	0.000927644	0.000927644	
0.0025974	0.0311688	0.116883	0.25974	0.402597	0.116883	0.0597403	0.0025974	0.0025974	0.0025974	0.0025974	
0.00757576	0.00757576	0.00757576	0.174242	0.174242	0.174242	0.174242	0.0909091	0.0909091	0.00757576	0.0909091	
0.00649351	0.00649351	0.0779221	0.00649351	0.292208	0.0779221	0.0779221	0.363636	0.0779221	0.00649351	0.00649351	
0.00606061	0.00606061	0.00606061	0.0727273	0.0727273	0.0727273	0.272727	0.206061	0.272727	0.00606061	0.00606061	
0.010101	0.010101	0.010101	0.010101	0.010101	0.010101	0.121212	0.454545	0.121212	0.232323	0.010101	
0.0181818	0.0181818	0.0181818	0.0181818	0.0181818	0.0181818	0.0181818	0.0181818	0.218182	0.218182	0.418182	
0.012987	0.012987	0.155844	0.012987	0.012987	0.012987	0.012987	0.155844	0.012987	0.155844	0.441558	


Matrix B :

0.0909091	0.0909091	0.0909091	0.0909091	0.0909091	0.0909091	0.0909091	0.0909091	0.0909091	0.0909091	0.0909091	
0.000117758	0.259185	0.37447	0.231983	0.081724	0.0247292	0.0195478	0.00529911	0.00141309	0.00141309	0.000117758	
0.000317864	0.0108074	0.182136	0.287031	0.266052	0.171647	0.0492689	0.00381437	0.0247934	0.00381437	0.000317864	
0.000882613	0.000882613	0.0494263	0.233892	0.292145	0.243601	0.0785525	0.0882613	0.0105914	0.000882613	0.000882613	
0.00239234	0.00239234	0.0287081	0.186603	0.133971	0.160287	0.212919	0.160287	0.107656	0.00239234	0.00239234	
0.00757576	0.00757576	0.0909091	0.00757576	0.0909091	0.340909	0.0909091	0.174242	0.174242	0.00757576	0.00757576	
0.00568182	0.00568182	0.0681818	0.0681818	0.193182	0.0681818	0.380682	0.00568182	0.00568182	0.130682	0.0681818	
0.0727273	0.00606061	0.00606061	0.0727273	0.406061	0.0727273	0.272727	0.00606061	0.0727273	0.00606061	0.00606061	
0.00909091	0.00909091	0.00909091	0.109091	0.509091	0.209091	0.00909091	0.00909091	0.00909091	0.00909091	0.109091	
0.0181818	0.0181818	0.0181818	0.0181818	0.418182	0.418182	0.0181818	0.0181818	0.0181818	0.0181818	0.0181818	
0.012987	0.012987	0.012987	0.012987	0.155844	0.441558	0.298701	0.012987	0.012987	0.012987	0.012987	


Vector Pi :

0.00149031	0.558867	0.247392	0.0834575	0.0506706	0.00149031	0.0342772	0.00149031	0.0178838	0.00149031	0.00149031	


Vector Phi :

0.000825195	0.614656	0.223788	0.080773	0.0288448	0.00988996	0.0115396	0.0123668	0.0074207	0.00412369	0.00577297	
