
Parameters: 11 states AND 11 symbols

Matrix A :

0.0909091	0.0909091	0.0909091	0.0909091	0.0909091	0.0909091	0.0909091	0.0909091	0.0909091	0.0909091	0.0909091	
0.000143164	0.869435	0.119828	0.00801718	0.00171797	0.000143164	0.000143164	0.000143164	0.000143164	0.000143164	0.000143164	
0.000304044	0.25114	0.598966	0.134083	0.00364853	0.00699301	0.000304044	0.000304044	0.00364853	0.000304044	0.000304044	
0.000622665	0.0280199	0.274595	0.562267	0.103362	0.0280199	0.000622665	0.000622665	0.000622665	0.000622665	0.000622665	
0.00197628	0.0454545	0.0454545	0.306324	0.371542	0.15415	0.0454545	0.00197628	0.0237154	0.00197628	0.00197628	
0.003367	0.040404	0.040404	0.114478	0.262626	0.262626	0.114478	0.114478	0.040404	0.003367	0.003367	
0.00649351	0.00649351	0.00649351	0.00649351	0.220779	0.292208	0.220779	0.0779221	0.149351	0.00649351	0.00649351	
0.010101	0.010101	0.010101	0.010101	0.121212	0.121212	0.232323	0.121212	0.343434	0.010101	0.010101	
0.00505051	0.00505051	0.00505051	0.00505051	0.00505051	0.0606061	0.171717	0.171717	0.338384	0.171717	0.0606061	
0.0151515	0.0151515	0.0151515	0.181818	0.0151515	0.0151515	0.0151515	0.0151515	0.515152	0.181818	0.0151515	
0.0227273	0.0227273	0.0227273	0.0227273	0.0227273	0.0227273	0.0227273	0.0227273	0.0227273	0.272727	0.522727	


Matrix B :

0.0909091	0.0909091	0.0909091	0.0909091	0.0909091	0.0909091	0.0909091	0.0909091	0.0909091	0.0909091	0.0909091	
0.000135281	0.506088	0.351326	0.116207	0.0179924	0.00311147	0.00162338	0.00162338	0.00162338	0.000135281	0.000135281	
0.000291375	0.0964452	0.442599	0.311189	0.106061	0.0291375	0.00670163	0.00670163	0.000291375	0.000291375	0.000291375	
0.000598086	0.000598086	0.211124	0.434809	0.23744	0.0532297	0.0269139	0.013756	0.013756	0.000598086	0.00717703	
0.00193424	0.00193424	0.065764	0.2147	0.299807	0.257253	0.129594	0.00193424	0.0232108	0.00193424	0.00193424	
0.0031348	0.0031348	0.0721003	0.278997	0.278997	0.106583	0.106583	0.106583	0.0031348	0.0031348	0.0376176	
0.00649351	0.00649351	0.0779221	0.292208	0.292208	0.292208	0.00649351	0.00649351	0.00649351	0.00649351	0.00649351	
0.010101	0.010101	0.010101	0.010101	0.121212	0.232323	0.121212	0.232323	0.121212	0.010101	0.121212	
0.00478469	0.00478469	0.00478469	0.215311	0.00478469	0.320574	0.0574163	0.162679	0.110048	0.110048	0.00478469	
0.0151515	0.0151515	0.0151515	0.181818	0.348485	0.348485	0.0151515	0.0151515	0.0151515	0.0151515	0.0151515	
0.0227273	0.0227273	0.0227273	0.0227273	0.272727	0.272727	0.272727	0.0227273	0.0227273	0.0227273	0.0227273	


Vector Pi :

0.00149031	0.608048	0.214605	0.099851	0.0178838	0.0342772	0.00149031	0.00149031	0.0178838	0.00149031	0.00149031	


Vector Phi :

0.000829879	0.52697	0.248133	0.121162	0.0381744	0.0224067	0.0116183	0.00746892	0.0149378	0.00497929	0.00331952	
