
Parameters: 11 states AND 11 symbols

Matrix A :

0.0909091	0.0909091	0.0909091	0.0909091	0.0909091	0.0909091	0.0909091	0.0909091	0.0909091	0.0909091	0.0909091	
0.000113779	0.918762	0.0789623	0.000113779	0.00136534	0.000113779	0.000113779	0.000113779	0.000113779	0.000113779	0.000113779	
0.000381971	0.256684	0.605424	0.118029	0.00878533	0.00878533	0.000381971	0.000381971	0.000381971	0.000381971	0.000381971	
0.00094697	0.0217803	0.282197	0.55303	0.125947	0.0113636	0.00094697	0.00094697	0.00094697	0.00094697	0.00094697	
0.00211416	0.02537	0.0486258	0.327696	0.490486	0.0951374	0.00211416	0.00211416	0.00211416	0.00211416	0.00211416	
0.00699301	0.00699301	0.00699301	0.00699301	0.391608	0.314685	0.0839161	0.0839161	0.00699301	0.0839161	0.00699301	
0.0181818	0.0181818	0.218182	0.0181818	0.218182	0.218182	0.218182	0.0181818	0.0181818	0.0181818	0.0181818	
0.030303	0.030303	0.030303	0.030303	0.030303	0.030303	0.363636	0.363636	0.030303	0.030303	0.030303	
0.0909091	0.0909091	0.0909091	0.0909091	0.0909091	0.0909091	0.0909091	0.0909091	0.0909091	0.0909091	0.0909091	
0.030303	0.030303	0.030303	0.030303	0.030303	0.030303	0.363636	0.030303	0.030303	0.030303	0.363636	
0.030303	0.030303	0.030303	0.030303	0.030303	0.030303	0.030303	0.030303	0.030303	0.363636	0.363636	


Matrix B :

0.0909091	0.0909091	0.0909091	0.0909091	0.0909091	0.0909091	0.0909091	0.0909091	0.0909091	0.0909091	0.0909091	
0.000108354	0.192003	0.325496	0.27186	0.149095	0.0513598	0.00725972	0.000108354	0.00130025	0.00130025	0.000108354	
0.000366569	0.00843109	0.101173	0.282625	0.314883	0.145528	0.0890762	0.0447214	0.00843109	0.000366569	0.00439883	
0.00090009	0.00090009	0.0108011	0.169217	0.268227	0.258326	0.179118	0.060306	0.0306031	0.0207021	0.00090009	
0.00193424	0.00193424	0.00193424	0.0444874	0.129594	0.193424	0.2147	0.15087	0.108317	0.108317	0.0444874	
0.00699301	0.00699301	0.00699301	0.00699301	0.314685	0.00699301	0.0839161	0.160839	0.00699301	0.00699301	0.391608	
0.0181818	0.0181818	0.0181818	0.0181818	0.0181818	0.418182	0.0181818	0.218182	0.218182	0.0181818	0.0181818	
0.030303	0.030303	0.030303	0.030303	0.030303	0.030303	0.030303	0.030303	0.69697	0.030303	0.030303	
0.0909091	0.0909091	0.0909091	0.0909091	0.0909091	0.0909091	0.0909091	0.0909091	0.0909091	0.0909091	0.0909091	
0.0227273	0.0227273	0.0227273	0.0227273	0.0227273	0.272727	0.0227273	0.0227273	0.522727	0.0227273	0.0227273	
0.030303	0.030303	0.030303	0.030303	0.030303	0.030303	0.363636	0.030303	0.363636	0.030303	0.030303	


Vector Pi :

0.00149031	0.657228	0.165425	0.0834575	0.0670641	0.00149031	0.00149031	0.00149031	0.00149031	0.0178838	0.00149031	


Vector Phi :

0.000829876	0.66307	0.19751	0.0796681	0.0356847	0.0107884	0.00414938	0.00248963	0.000829876	0.00248963	0.00248963	
