
Parameters: 11 states AND 11 symbols

Matrix A :

0.0454545	0.545455	0.0454545	0.0454545	0.0454545	0.0454545	0.0454545	0.0454545	0.0454545	0.0454545	0.0454545	
8.23452e-05	0.962039	0.0272563	0.00279974	0.00370553	0.000988142	0.000988142	8.23452e-05	0.000988142	8.23452e-05	0.000988142	
0.0165289	0.440771	0.42562	0.0619835	0.00137741	0.00137741	0.0316804	0.0165289	0.00137741	0.00137741	0.00137741	
0.00568182	0.505682	0.255682	0.193182	0.00568182	0.00568182	0.00568182	0.00568182	0.00568182	0.00568182	0.00568182	
0.0181818	0.0181818	0.218182	0.218182	0.0181818	0.218182	0.218182	0.0181818	0.0181818	0.0181818	0.0181818	
0.030303	0.363636	0.030303	0.363636	0.030303	0.030303	0.030303	0.030303	0.030303	0.030303	0.030303	
0.0181818	0.218182	0.218182	0.418182	0.0181818	0.0181818	0.0181818	0.0181818	0.0181818	0.0181818	0.0181818	
0.0454545	0.0454545	0.545455	0.0454545	0.0454545	0.0454545	0.0454545	0.0454545	0.0454545	0.0454545	0.0454545	
0.0454545	0.0454545	0.0454545	0.545455	0.0454545	0.0454545	0.0454545	0.0454545	0.0454545	0.0454545	0.0454545	
0.0909091	0.0909091	0.0909091	0.0909091	0.0909091	0.0909091	0.0909091	0.0909091	0.0909091	0.0909091	0.0909091	
0.030303	0.69697	0.030303	0.030303	0.030303	0.030303	0.030303	0.030303	0.030303	0.030303	0.030303	


Matrix B :

0.0454545	0.0454545	0.545455	0.0454545	0.0454545	0.0454545	0.0454545	0.0454545	0.0454545	0.0454545	0.0454545	
7.83699e-05	0.215596	0.374216	0.244044	0.10094	0.0405956	0.0130094	0.00611285	0.00438871	7.83699e-05	0.000940439	
0.00131752	0.0737813	0.146245	0.146245	0.160738	0.175231	0.11726	0.0447958	0.0592885	0.030303	0.0447958	
0.00534759	0.00534759	0.358289	0.240642	0.122995	0.122995	0.0641711	0.0641711	0.00534759	0.00534759	0.00534759	
0.0181818	0.0181818	0.218182	0.218182	0.218182	0.0181818	0.0181818	0.218182	0.0181818	0.0181818	0.0181818	
0.030303	0.030303	0.030303	0.030303	0.363636	0.030303	0.030303	0.030303	0.363636	0.030303	0.030303	
0.0181818	0.0181818	0.0181818	0.0181818	0.418182	0.418182	0.0181818	0.0181818	0.0181818	0.0181818	0.0181818	
0.0454545	0.0454545	0.545455	0.0454545	0.0454545	0.0454545	0.0454545	0.0454545	0.0454545	0.0454545	0.0454545	
0.0454545	0.0454545	0.0454545	0.0454545	0.545455	0.0454545	0.0454545	0.0454545	0.0454545	0.0454545	0.0454545	
0.0909091	0.0909091	0.0909091	0.0909091	0.0909091	0.0909091	0.0909091	0.0909091	0.0909091	0.0909091	0.0909091	
0.030303	0.030303	0.030303	0.030303	0.030303	0.363636	0.030303	0.030303	0.363636	0.030303	0.030303	


Vector Pi :

0.00149031	0.90313	0.0506706	0.0178838	0.00149031	0.00149031	0.00149031	0.00149031	0.00149031	0.00149031	0.0178838	


Vector Phi :

0.00161379	0.914542	0.0544715	0.0131093	0.00410202	0.00243726	0.00408791	0.00161379	0.00161685	0.000788462	0.00161685	
