
Parameters: 11 states AND 11 symbols

Matrix A :

0.0909091	0.0909091	0.0909091	0.0909091	0.0909091	0.0909091	0.0909091	0.0909091	0.0909091	0.0909091	0.0909091	
0.000119775	0.892083	0.101569	0.00538987	0.000119775	0.000119775	0.000119775	0.000119775	0.000119775	0.000119775	0.000119775	
0.000320102	0.267926	0.634123	0.0742638	0.0108835	0.00736236	0.00384123	0.000320102	0.000320102	0.000320102	0.000320102	
0.0011655	0.0780886	0.283217	0.462704	0.142191	0.0268065	0.0011655	0.0011655	0.0011655	0.0011655	0.0011655	
0.0031348	0.0031348	0.0721003	0.382445	0.31348	0.141066	0.0721003	0.0031348	0.0031348	0.0031348	0.0031348	
0.00478469	0.00478469	0.0574163	0.215311	0.215311	0.162679	0.215311	0.110048	0.00478469	0.00478469	0.00478469	
0.00606061	0.00606061	0.0727273	0.00606061	0.0727273	0.272727	0.272727	0.272727	0.00606061	0.00606061	0.00606061	
0.010101	0.010101	0.010101	0.010101	0.010101	0.121212	0.343434	0.232323	0.010101	0.232323	0.010101	
0.030303	0.030303	0.030303	0.030303	0.030303	0.69697	0.030303	0.030303	0.030303	0.030303	0.030303	
0.030303	0.030303	0.030303	0.030303	0.030303	0.030303	0.030303	0.030303	0.030303	0.030303	0.69697	
0.0181818	0.0181818	0.0181818	0.0181818	0.0181818	0.0181818	0.0181818	0.0181818	0.418182	0.0181818	0.418182	


Matrix B :

0.0909091	0.0909091	0.0909091	0.0909091	0.0909091	0.0909091	0.0909091	0.0909091	0.0909091	0.0909091	0.0909091	
0.000113494	0.173647	0.408353	0.248553	0.113721	0.0375667	0.00760413	0.00885257	0.00136193	0.000113494	0.000113494	
0.000306091	0.0171411	0.222528	0.320171	0.296602	0.101316	0.0306091	0.0070401	0.000306091	0.000306091	0.00367309	
0.00115075	0.013809	0.102417	0.228999	0.304948	0.228999	0.115075	0.00115075	0.00115075	0.00115075	0.00115075	
0.00293255	0.00293255	0.0351906	0.196481	0.293255	0.228739	0.196481	0.0351906	0.00293255	0.00293255	0.00293255	
0.00478469	0.00478469	0.110048	0.110048	0.320574	0.267943	0.0574163	0.110048	0.00478469	0.00478469	0.00478469	
0.00568182	0.00568182	0.00568182	0.130682	0.130682	0.568182	0.0681818	0.00568182	0.00568182	0.00568182	0.0681818	
0.010101	0.010101	0.121212	0.010101	0.121212	0.232323	0.232323	0.121212	0.010101	0.121212	0.010101	
0.030303	0.030303	0.363636	0.030303	0.363636	0.030303	0.030303	0.030303	0.030303	0.030303	0.030303	
0.030303	0.030303	0.030303	0.363636	0.363636	0.030303	0.030303	0.030303	0.030303	0.030303	0.030303	
0.0151515	0.0151515	0.181818	0.348485	0.348485	0.0151515	0.0151515	0.0151515	0.0151515	0.0151515	0.0151515	


Vector Pi :

0.00149031	0.673621	0.214605	0.0342772	0.0342772	0.00149031	0.0178838	0.00149031	0.00149031	0.00149031	0.0178838	


Vector Phi :

0.000816527	0.634156	0.23498	0.0625774	0.0234808	0.0154618	0.0122218	0.00733274	0.002448	0.00244602	0.00407868	
