
Parameters: 11 states AND 11 symbols

Matrix A :

0.0909091	0.0909091	0.0909091	0.0909091	0.0909091	0.0909091	0.0909091	0.0909091	0.0909091	0.0909091	0.0909091	
0.000295159	0.779516	0.188607	0.0132822	0.00678867	0.00678867	0.00354191	0.000295159	0.000295159	0.000295159	0.000295159	
0.000327011	0.201766	0.604644	0.151406	0.0219097	0.0111184	0.00392413	0.000327011	0.00392413	0.000327011	0.000327011	
0.000494071	0.0494071	0.212451	0.527668	0.174407	0.0167984	0.00592885	0.00592885	0.00592885	0.000494071	0.000494071	
0.000721501	0.000721501	0.0324675	0.25469	0.556277	0.103896	0.0165945	0.0165945	0.00865801	0.00865801	0.000721501	
0.00146628	0.00146628	0.0659824	0.0821114	0.211144	0.372434	0.195015	0.0498534	0.00146628	0.0175953	0.00146628	
0.00211416	0.02537	0.02537	0.00211416	0.0718816	0.257928	0.257928	0.281184	0.0718816	0.00211416	0.00211416	
0.00178253	0.0213904	0.0409982	0.0213904	0.00178253	0.0998217	0.197861	0.276292	0.276292	0.0409982	0.0213904	
0.00174825	0.00174825	0.00174825	0.020979	0.00174825	0.00174825	0.0594406	0.270979	0.309441	0.270979	0.0594406	
0.00174825	0.00174825	0.00174825	0.020979	0.00174825	0.00174825	0.00174825	0.0594406	0.213287	0.463287	0.232517	
0.00211416	0.00211416	0.00211416	0.00211416	0.00211416	0.02537	0.02537	0.02537	0.0951374	0.211416	0.606765	


Matrix B :

0.0909091	0.0909091	0.0909091	0.0909091	0.0909091	0.0909091	0.0909091	0.0909091	0.0909091	0.0909091	0.0909091	
0.000280584	0.500281	0.358305	0.0867003	0.0280584	0.00953984	0.00645342	0.00953984	0.000280584	0.000280584	0.000280584	
0.000311333	0.140722	0.534558	0.253736	0.0585305	0.00373599	0.000311333	0.00716065	0.000311333	0.000311333	0.000311333	
0.000475964	0.0685388	0.319848	0.466445	0.115659	0.0161828	0.00571157	0.00571157	0.000475964	0.000475964	0.000475964	
0.00066357	0.0371599	0.314532	0.314532	0.226941	0.0955541	0.00796284	0.00066357	0.00066357	0.00066357	0.00066357	
0.00137741	0.046832	0.395317	0.410468	0.0619835	0.0165289	0.0619835	0.00137741	0.00137741	0.00137741	0.00137741	
0.00197628	0.00197628	0.306324	0.197628	0.241107	0.0889328	0.0889328	0.0454545	0.0237154	0.00197628	0.00197628	
0.00174825	0.00174825	0.232517	0.347902	0.155594	0.0979021	0.0402098	0.0979021	0.020979	0.00174825	0.00174825	
0.00171527	0.00171527	0.077187	0.379074	0.190395	0.114923	0.0394511	0.133791	0.0394511	0.0205832	0.00171527	
0.0016835	0.0016835	0.0942761	0.242424	0.260943	0.223906	0.020202	0.020202	0.020202	0.0757576	0.0387205	
0.00206612	0.00206612	0.0929752	0.365702	0.13843	0.0702479	0.0475207	0.00206612	0.0475207	0.0475207	0.183884	


Vector Pi :

0.00149031	0.263785	0.247392	0.116244	0.165425	0.0670641	0.0506706	0.0178838	0.0178838	0.0342772	0.0178838	


Vector Phi :

0.000838105	0.254438	0.229038	0.153739	0.107169	0.0521691	0.0361385	0.0428878	0.0437036	0.043728	0.0361513	
