
Parameters: 11 states AND 11 symbols

Matrix A :

0.0909091	0.0909091	0.0909091	0.0909091	0.0909091	0.0909091	0.0909091	0.0909091	0.0909091	0.0909091	0.0909091	
0.00020803	0.782817	0.187851	0.0162263	0.00478469	0.00478469	0.00249636	0.00020803	0.00020803	0.00020803	0.00020803	
0.00031027	0.293826	0.515669	0.153894	0.027614	0.00713621	0.00031027	0.00031027	0.00031027	0.00031027	0.00031027	
0.000463822	0.0361781	0.245362	0.54128	0.153525	0.0157699	0.00556586	0.000463822	0.000463822	0.000463822	0.000463822	
0.000745156	0.00894188	0.0909091	0.246647	0.484352	0.156483	0.00894188	0.000745156	0.000745156	0.000745156	0.000745156	
0.00119617	0.00119617	0.00119617	0.0406699	0.277512	0.47488	0.132775	0.0669856	0.00119617	0.00119617	0.00119617	
0.00293255	0.00293255	0.00293255	0.131965	0.00293255	0.357771	0.357771	0.0997067	0.00293255	0.0351906	0.00293255	
0.00378788	0.00378788	0.00378788	0.00378788	0.0454545	0.0871212	0.212121	0.420455	0.212121	0.00378788	0.00378788	
0.010101	0.010101	0.010101	0.010101	0.010101	0.010101	0.010101	0.454545	0.232323	0.232323	0.010101	
0.0151515	0.0151515	0.0151515	0.0151515	0.0151515	0.0151515	0.181818	0.181818	0.181818	0.181818	0.181818	
0.0181818	0.0181818	0.0181818	0.0181818	0.0181818	0.0181818	0.0181818	0.0181818	0.0181818	0.218182	0.618182	


Matrix B :

0.0909091	0.0909091	0.0909091	0.0909091	0.0909091	0.0909091	0.0909091	0.0909091	0.0909091	0.0909091	0.0909091	
0.000195084	0.242684	0.322083	0.18689	0.0946157	0.0409676	0.0538432	0.0259462	0.0109247	0.0173625	0.00448693	
0.000297089	0.0427807	0.310755	0.320559	0.186572	0.0754605	0.0297089	0.013369	0.016637	0.00356506	0.000297089	
0.000445633	0.0347594	0.083779	0.363191	0.265152	0.137701	0.0592692	0.0298574	0.0151515	0.0102496	0.000445633	
0.000721501	0.024531	0.0165945	0.175325	0.310245	0.246753	0.143579	0.0642136	0.00865801	0.000721501	0.00865801	
0.00115075	0.013809	0.0391254	0.115075	0.241657	0.317606	0.203682	0.013809	0.013809	0.013809	0.0264672	
0.00275482	0.00275482	0.0330579	0.123967	0.214876	0.336088	0.214876	0.0330579	0.0330579	0.00275482	0.00275482	
0.00378788	0.00378788	0.00378788	0.170455	0.0454545	0.170455	0.295455	0.128788	0.0454545	0.128788	0.00378788	
0.010101	0.010101	0.010101	0.232323	0.010101	0.121212	0.010101	0.010101	0.343434	0.232323	0.010101	
0.012987	0.012987	0.012987	0.012987	0.012987	0.012987	0.441558	0.012987	0.298701	0.155844	0.012987	
0.0181818	0.0181818	0.0181818	0.0181818	0.0181818	0.0181818	0.0181818	0.218182	0.618182	0.0181818	0.0181818	


Vector Pi :

0.00149031	0.4769	0.214605	0.132638	0.0670641	0.0506706	0.0342772	0.00149031	0.00149031	0.0178838	0.00149031	


Vector Phi :

0.000833337	0.364166	0.244166	0.163333	0.101667	0.0633335	0.0258335	0.0200001	0.00750006	0.00500004	0.0041667	
