
Parameters: 11 states AND 11 symbols

Matrix A :

0.090909	0.090909	0.090909	0.090909	0.090909	0.090909	0.090909	0.090909	0.090909	0.090909	0.090909	
0.000305	0.778829	0.161379	0.027151	0.017084	0.003661	0.003661	0.000305	0.003661	0.003661	0.000305	
0.000784	0.388715	0.388715	0.121473	0.052508	0.018025	0.009404	0.018025	0.000784	0.000784	0.000784	
0.001894	0.106061	0.293561	0.251894	0.189394	0.085227	0.022727	0.022727	0.022727	0.001894	0.001894	
0.002217	0.172949	0.172949	0.124169	0.197339	0.172949	0.075388	0.026608	0.002217	0.026608	0.026608	
0.003247	0.146104	0.038961	0.146104	0.217532	0.253247	0.038961	0.038961	0.038961	0.074675	0.003247	
0.005682	0.193182	0.005682	0.068182	0.130682	0.068182	0.193182	0.255682	0.005682	0.005682	0.068182	
0.004132	0.004132	0.004132	0.095041	0.095041	0.185950	0.185950	0.140496	0.140496	0.049587	0.095041	
0.007576	0.090909	0.007576	0.007576	0.174242	0.090909	0.090909	0.174242	0.090909	0.174242	0.090909	
0.006061	0.006061	0.006061	0.006061	0.006061	0.006061	0.006061	0.272727	0.206061	0.472727	0.006061	
0.011364	0.136364	0.011364	0.011364	0.011364	0.011364	0.011364	0.386364	0.136364	0.011364	0.261364	


Matrix B :

0.090909	0.090909	0.090909	0.090909	0.090909	0.090909	0.090909	0.090909	0.090909	0.090909	0.090909	
0.000294	0.175051	0.343336	0.272139	0.136217	0.048838	0.019712	0.003530	0.000294	0.000294	0.000294	
0.000733	0.032991	0.250733	0.282991	0.258798	0.081378	0.057185	0.032991	0.000733	0.000733	0.000733	
0.001684	0.001684	0.260943	0.242424	0.279461	0.149832	0.038721	0.020202	0.001684	0.001684	0.001684	
0.002217	0.002217	0.050998	0.319290	0.294900	0.246120	0.002217	0.026608	0.026608	0.026608	0.002217	
0.003135	0.003135	0.072100	0.244514	0.210031	0.278997	0.106583	0.072100	0.003135	0.003135	0.003135	
0.005348	0.005348	0.299465	0.005348	0.358289	0.064171	0.240642	0.005348	0.005348	0.005348	0.005348	
0.004132	0.004132	0.231405	0.095041	0.095041	0.185950	0.185950	0.140496	0.049587	0.004132	0.004132	
0.006993	0.083916	0.006993	0.160839	0.083916	0.237762	0.160839	0.006993	0.083916	0.006993	0.160839	
0.005348	0.005348	0.064171	0.064171	0.005348	0.240642	0.122995	0.358289	0.064171	0.005348	0.064171	
0.011364	0.011364	0.261364	0.136364	0.386364	0.136364	0.011364	0.011364	0.011364	0.011364	0.011364	


Vector Pi :

0.002933	0.325513	0.260997	0.228739	0.002933	0.035191	0.035191	0.002933	0.035191	0.067449	0.002933	


Vector Phi :

0.001638	0.497398	0.191627	0.076986	0.067036	0.045730	0.026203	0.036026	0.019653	0.024604	0.013099	
