
Parameters: 11 states AND 11 symbols

Matrix A :

0.090909	0.090909	0.090909	0.090909	0.090909	0.090909	0.090909	0.090909	0.090909	0.090909	0.090909	
0.000243	0.903986	0.064414	0.010938	0.002917	0.008264	0.005591	0.002917	0.000243	0.000243	0.000243	
0.001212	0.321212	0.427879	0.147879	0.067879	0.014545	0.001212	0.001212	0.001212	0.001212	0.014545	
0.003367	0.188552	0.262626	0.151515	0.114478	0.188552	0.040404	0.003367	0.003367	0.003367	0.040404	
0.004329	0.099567	0.290043	0.147186	0.051948	0.099567	0.194805	0.004329	0.051948	0.004329	0.051948	
0.003788	0.128788	0.087121	0.087121	0.170455	0.128788	0.253788	0.003788	0.087121	0.045455	0.003788	
0.003636	0.003636	0.043636	0.003636	0.163636	0.163636	0.243636	0.243636	0.043636	0.003636	0.083636	
0.006993	0.006993	0.083916	0.006993	0.006993	0.160839	0.314685	0.237762	0.160839	0.006993	0.006993	
0.008264	0.008264	0.008264	0.099174	0.099174	0.099174	0.099174	0.190083	0.099174	0.280992	0.008264	
0.008264	0.099174	0.008264	0.008264	0.099174	0.099174	0.008264	0.008264	0.280992	0.280992	0.099174	
0.003953	0.003953	0.047431	0.047431	0.003953	0.047431	0.003953	0.003953	0.003953	0.134387	0.699605	


Matrix B :

0.090909	0.090909	0.090909	0.090909	0.090909	0.090909	0.090909	0.090909	0.090909	0.090909	0.090909	
0.000232	0.362477	0.273191	0.181354	0.081865	0.041048	0.033395	0.012987	0.000232	0.005334	0.007885	
0.001166	0.142191	0.411422	0.270396	0.090909	0.065268	0.001166	0.013986	0.001166	0.001166	0.001166	
0.003135	0.106583	0.382445	0.313480	0.141066	0.003135	0.003135	0.003135	0.003135	0.003135	0.037618	
0.004132	0.004132	0.413223	0.276860	0.185950	0.049587	0.049587	0.004132	0.004132	0.004132	0.004132	
0.003636	0.003636	0.163636	0.283636	0.323636	0.163636	0.003636	0.003636	0.003636	0.043636	0.003636	
0.003247	0.003247	0.074675	0.431818	0.253247	0.003247	0.146104	0.038961	0.038961	0.003247	0.003247	
0.006494	0.006494	0.006494	0.149351	0.435065	0.220779	0.077922	0.077922	0.006494	0.006494	0.006494	
0.007576	0.007576	0.007576	0.090909	0.174242	0.090909	0.174242	0.007576	0.340909	0.007576	0.090909	
0.008264	0.008264	0.008264	0.099174	0.280992	0.371901	0.099174	0.099174	0.008264	0.008264	0.008264	
0.003953	0.003953	0.308300	0.351779	0.134387	0.090909	0.090909	0.003953	0.003953	0.003953	0.003953	


Vector Pi :

0.002933	0.583578	0.099707	0.067449	0.035191	0.035191	0.099707	0.035191	0.035191	0.002933	0.002933	


Vector Phi :

0.001653	0.618182	0.123967	0.044628	0.034711	0.039669	0.041322	0.021488	0.018182	0.018182	0.038017	
