
Parameters: 11 states AND 11 symbols

Matrix A :

0.045455	0.045455	0.045455	0.045455	0.045455	0.045455	0.045455	0.045455	0.045455	0.045455	0.545455	
0.000222	0.931929	0.051441	0.009978	0.002661	0.000222	0.000222	0.002661	0.000222	0.000222	0.000222	
0.001299	0.272727	0.515584	0.115584	0.029870	0.001299	0.015584	0.029870	0.015584	0.001299	0.001299	
0.002841	0.065341	0.284091	0.284091	0.221591	0.034091	0.002841	0.002841	0.034091	0.002841	0.065341	
0.003953	0.090909	0.177866	0.264822	0.177866	0.177866	0.047431	0.003953	0.003953	0.003953	0.047431	
0.006494	0.006494	0.006494	0.077922	0.292208	0.506494	0.077922	0.006494	0.006494	0.006494	0.006494	
0.018182	0.018182	0.018182	0.018182	0.218182	0.218182	0.018182	0.218182	0.018182	0.218182	0.018182	
0.011364	0.136364	0.011364	0.136364	0.011364	0.011364	0.136364	0.136364	0.136364	0.136364	0.136364	
0.012987	0.012987	0.012987	0.155844	0.298701	0.012987	0.012987	0.012987	0.012987	0.155844	0.298701	
0.006993	0.083916	0.006993	0.083916	0.083916	0.006993	0.006993	0.083916	0.237762	0.391608	0.006993	
0.051948	0.051948	0.004329	0.004329	0.004329	0.004329	0.004329	0.051948	0.004329	0.194805	0.623377	


Matrix B :

0.045455	0.045455	0.045455	0.045455	0.045455	0.045455	0.545455	0.045455	0.045455	0.045455	0.045455	
0.000211	0.290909	0.358351	0.188584	0.072304	0.046723	0.021142	0.002537	0.002537	0.009514	0.007188	
0.001245	0.124533	0.371108	0.247821	0.151930	0.056040	0.042341	0.001245	0.001245	0.001245	0.001245	
0.002674	0.032086	0.267380	0.296791	0.267380	0.090909	0.032086	0.002674	0.002674	0.002674	0.002674	
0.003636	0.003636	0.043636	0.483636	0.243636	0.163636	0.043636	0.003636	0.003636	0.003636	0.003636	
0.006494	0.006494	0.077922	0.363636	0.077922	0.435065	0.006494	0.006494	0.006494	0.006494	0.006494	
0.015152	0.015152	0.015152	0.181818	0.181818	0.515152	0.015152	0.015152	0.015152	0.015152	0.015152	
0.011364	0.011364	0.261364	0.261364	0.261364	0.136364	0.011364	0.011364	0.011364	0.011364	0.011364	
0.011364	0.011364	0.261364	0.136364	0.136364	0.386364	0.011364	0.011364	0.011364	0.011364	0.011364	
0.006993	0.006993	0.006993	0.237762	0.237762	0.237762	0.237762	0.006993	0.006993	0.006993	0.006993	
0.004132	0.004132	0.049587	0.049587	0.140496	0.322314	0.322314	0.095041	0.004132	0.004132	0.004132	


Vector Pi :

0.002933	0.680352	0.067449	0.067449	0.067449	0.002933	0.035191	0.002933	0.035191	0.002933	0.035191	


Vector Phi :

0.003362	0.670595	0.119170	0.053790	0.038678	0.023546	0.008427	0.013451	0.011792	0.021870	0.035319	
