
Parameters: 11 states AND 11 symbols

Matrix A :

0.045455	0.045455	0.045455	0.045455	0.045455	0.045455	0.045455	0.045455	0.545455	0.045455	0.045455	
0.000224	0.931258	0.051948	0.007613	0.002687	0.000224	0.002687	0.000224	0.002687	0.000224	0.000224	
0.001337	0.295455	0.457219	0.192513	0.030749	0.001337	0.016043	0.001337	0.001337	0.001337	0.001337	
0.002114	0.095137	0.281184	0.327696	0.141649	0.095137	0.025370	0.025370	0.002114	0.002114	0.002114	
0.004329	0.099567	0.099567	0.194805	0.242424	0.290043	0.051948	0.004329	0.004329	0.004329	0.004329	
0.004545	0.004545	0.004545	0.254545	0.104545	0.254545	0.254545	0.104545	0.004545	0.004545	0.004545	
0.005682	0.005682	0.068182	0.068182	0.255682	0.193182	0.255682	0.130682	0.005682	0.005682	0.005682	
0.007576	0.090909	0.007576	0.090909	0.007576	0.007576	0.174242	0.340909	0.174242	0.090909	0.007576	
0.015152	0.015152	0.015152	0.015152	0.015152	0.181818	0.015152	0.015152	0.181818	0.515152	0.015152	
0.109091	0.009091	0.009091	0.109091	0.009091	0.009091	0.009091	0.209091	0.009091	0.509091	0.009091	
0.090909	0.090909	0.090909	0.090909	0.090909	0.090909	0.090909	0.090909	0.090909	0.090909	0.090909	


Matrix B :

0.045455	0.045455	0.545455	0.045455	0.045455	0.045455	0.045455	0.045455	0.045455	0.045455	0.045455	
0.000213	0.274218	0.264850	0.199276	0.119651	0.075154	0.009581	0.014264	0.016606	0.016606	0.009581	
0.001245	0.138232	0.302615	0.193026	0.138232	0.110834	0.056040	0.042341	0.001245	0.001245	0.014944	
0.002066	0.002066	0.388430	0.206612	0.138430	0.138430	0.047521	0.002066	0.047521	0.002066	0.024793	
0.004132	0.004132	0.185950	0.549587	0.095041	0.140496	0.004132	0.004132	0.004132	0.004132	0.004132	
0.004545	0.004545	0.104545	0.354545	0.054545	0.204545	0.104545	0.154545	0.004545	0.004545	0.004545	
0.005348	0.005348	0.064171	0.299465	0.358289	0.181818	0.005348	0.064171	0.005348	0.005348	0.005348	
0.006993	0.006993	0.083916	0.083916	0.314685	0.391608	0.083916	0.006993	0.006993	0.006993	0.006993	
0.015152	0.015152	0.015152	0.515152	0.181818	0.181818	0.015152	0.015152	0.015152	0.015152	0.015152	
0.009091	0.009091	0.109091	0.109091	0.109091	0.409091	0.209091	0.009091	0.009091	0.009091	0.009091	
0.090909	0.090909	0.090909	0.090909	0.090909	0.090909	0.090909	0.090909	0.090909	0.090909	0.090909	


Vector Pi :

0.002933	0.680352	0.164223	0.035191	0.035191	0.002933	0.035191	0.035191	0.002933	0.002933	0.002933	


Vector Phi :

0.003306	0.671074	0.112397	0.071074	0.034711	0.033058	0.026446	0.019835	0.009917	0.016529	0.001653	
