
Parameters: 11 states AND 11 symbols

Matrix A :

0.0909091	0.0909091	0.0909091	0.0909091	0.0909091	0.0909091	0.0909091	0.0909091	0.0909091	0.0909091	0.0909091	
0.00010101	0.941212	0.0534343	0.00232323	0.00121212	0.00010101	0.00010101	0.00010101	0.00010101	0.00010101	0.00121212	
0.0004662	0.24662	0.64662	0.0979021	0.0004662	0.0004662	0.0004662	0.00559441	0.0004662	0.0004662	0.0004662	
0.0015674	0.0360502	0.346395	0.449843	0.122257	0.0360502	0.0015674	0.0015674	0.0015674	0.0015674	0.0015674	
0.00378788	0.0454545	0.00378788	0.295455	0.545455	0.0454545	0.00378788	0.00378788	0.0454545	0.00378788	0.00378788	
0.010101	0.010101	0.010101	0.232323	0.121212	0.565657	0.010101	0.010101	0.010101	0.010101	0.010101	
0.0454545	0.0454545	0.0454545	0.0454545	0.545455	0.0454545	0.0454545	0.0454545	0.0454545	0.0454545	0.0454545	
0.0227273	0.0227273	0.0227273	0.272727	0.0227273	0.0227273	0.272727	0.0227273	0.272727	0.0227273	0.0227273	
0.0181818	0.0181818	0.0181818	0.0181818	0.0181818	0.0181818	0.0181818	0.418182	0.418182	0.0181818	0.0181818	
0.0909091	0.0909091	0.0909091	0.0909091	0.0909091	0.0909091	0.0909091	0.0909091	0.0909091	0.0909091	0.0909091	
0.0151515	0.181818	0.0151515	0.0151515	0.0151515	0.0151515	0.0151515	0.0151515	0.0151515	0.0151515	0.681818	


Matrix B :

0.0909091	0.0909091	0.0909091	0.0909091	0.0909091	0.0909091	0.0909091	0.0909091	0.0909091	0.0909091	0.0909091	
9.65065e-05	0.317506	0.437464	0.189056	0.0425594	0.0107122	0.00115808	0.00115808	9.65065e-05	9.65065e-05	9.65065e-05	
0.000443459	0.0150776	0.327273	0.327273	0.23459	0.0394678	0.0345898	0.0101996	0.0101996	0.000443459	0.000443459	
0.001443	0.017316	0.207792	0.271284	0.128427	0.1443	0.112554	0.049062	0.017316	0.049062	0.001443	
0.00363636	0.0436364	0.203636	0.243636	0.123636	0.00363636	0.0836364	0.203636	0.0836364	0.00363636	0.00363636	
0.010101	0.010101	0.343434	0.565657	0.010101	0.010101	0.010101	0.010101	0.010101	0.010101	0.010101	
0.0454545	0.545455	0.0454545	0.0454545	0.0454545	0.0454545	0.0454545	0.0454545	0.0454545	0.0454545	0.0454545	
0.0181818	0.0181818	0.418182	0.0181818	0.0181818	0.218182	0.0181818	0.0181818	0.0181818	0.218182	0.0181818	
0.0181818	0.0181818	0.218182	0.0181818	0.0181818	0.0181818	0.0181818	0.0181818	0.218182	0.0181818	0.418182	
0.0909091	0.0909091	0.0909091	0.0909091	0.0909091	0.0909091	0.0909091	0.0909091	0.0909091	0.0909091	0.0909091	
0.012987	0.012987	0.155844	0.155844	0.012987	0.584416	0.012987	0.012987	0.012987	0.012987	0.012987	


Vector Pi :

0.00149031	0.690015	0.165425	0.0834575	0.0178838	0.00149031	0.00149031	0.0178838	0.00149031	0.00149031	0.0178838	


Vector Phi :

0.000829876	0.746888	0.161826	0.0481328	0.019917	0.00746888	0.00165975	0.0033195	0.00414938	0.000829876	0.00497925	
