
Parameters: 11 states AND 11 symbols

Matrix A :

0.0909091	0.0909091	0.0909091	0.0909091	0.0909091	0.0909091	0.0909091	0.0909091	0.0909091	0.0909091	0.0909091	
0.000182548	0.861628	0.130705	0.00620664	0.000182548	0.000182548	0.000182548	0.000182548	0.000182548	0.000182548	0.000182548	
0.00025113	0.179809	0.693621	0.119036	0.00577599	0.00025113	0.00025113	0.00025113	0.00025113	0.00025113	0.00025113	
0.000481	0.016354	0.233285	0.661857	0.0692641	0.016354	0.000481	0.000481	0.000481	0.000481	0.000481	
0.00185529	0.00185529	0.0222635	0.28757	0.430427	0.246753	0.00185529	0.00185529	0.00185529	0.00185529	0.00185529	
0.00197628	0.00197628	0.00197628	0.0671937	0.241107	0.480237	0.175889	0.0237154	0.00197628	0.00197628	0.00197628	
0.00363636	0.00363636	0.00363636	0.00363636	0.0436364	0.323636	0.443636	0.163636	0.00363636	0.00363636	0.00363636	
0.00606061	0.00606061	0.00606061	0.00606061	0.00606061	0.00606061	0.339394	0.472727	0.0727273	0.0727273	0.00606061	
0.0113636	0.0113636	0.0113636	0.0113636	0.0113636	0.0113636	0.0113636	0.261364	0.636364	0.0113636	0.0113636	
0.030303	0.030303	0.030303	0.030303	0.030303	0.030303	0.030303	0.030303	0.363636	0.030303	0.363636	
0.0227273	0.0227273	0.0227273	0.0227273	0.0227273	0.0227273	0.0227273	0.0227273	0.0227273	0.272727	0.522727	


Matrix B :

0.0909091	0.0909091	0.0909091	0.0909091	0.0909091	0.0909091	0.0909091	0.0909091	0.0909091	0.0909091	0.0909091	
0.000173491	0.477273	0.343685	0.110861	0.0440666	0.0116239	0.00780708	0.00399028	0.000173491	0.000173491	0.000173491	
0.000238607	0.0894775	0.575042	0.207588	0.0553567	0.02911	0.0264853	0.0107373	0.00286328	0.00286328	0.000238607	
0.000459137	0.0105601	0.237833	0.480257	0.141873	0.0661157	0.0206612	0.0307622	0.00550964	0.00550964	0.000459137	
0.00178253	0.00178253	0.0802139	0.276292	0.256684	0.256684	0.0802139	0.0409982	0.00178253	0.00178253	0.00178253	
0.00189394	0.00189394	0.0435606	0.168561	0.376894	0.231061	0.0435606	0.0852273	0.0227273	0.00189394	0.0227273	
0.003367	0.003367	0.003367	0.003367	0.262626	0.225589	0.299663	0.040404	0.040404	0.0774411	0.040404	
0.00606061	0.00606061	0.00606061	0.00606061	0.206061	0.339394	0.0727273	0.272727	0.00606061	0.00606061	0.0727273	
0.0113636	0.0113636	0.0113636	0.0113636	0.0113636	0.0113636	0.0113636	0.136364	0.136364	0.261364	0.386364	
0.030303	0.030303	0.030303	0.030303	0.030303	0.363636	0.030303	0.363636	0.030303	0.030303	0.030303	
0.0227273	0.0227273	0.0227273	0.0227273	0.0227273	0.0227273	0.272727	0.522727	0.0227273	0.0227273	0.0227273	


Vector Pi :

0.00149031	0.42772	0.312966	0.149031	0.0342772	0.0342772	0.0342772	0.00149031	0.00149031	0.00149031	0.00149031	


Vector Phi :

0.000833884	0.414924	0.30164	0.157513	0.0408501	0.038359	0.0208534	0.0125137	0.0066743	0.00250241	0.00333647	
