
Parameters: 11 states AND 11 symbols

Matrix A :

0.090909	0.090909	0.090909	0.090909	0.090909	0.090909	0.090909	0.090909	0.090909	0.090909	0.090909	
0.000594	0.752228	0.222816	0.020202	0.000594	0.000594	0.000594	0.000594	0.000594	0.000594	0.000594	
0.000602	0.232390	0.583384	0.166165	0.007225	0.007225	0.000602	0.000602	0.000602	0.000602	0.000602	
0.000883	0.020300	0.233892	0.515446	0.204766	0.020300	0.000883	0.000883	0.000883	0.000883	0.000883	
0.001082	0.001082	0.048701	0.215368	0.584416	0.108225	0.036797	0.001082	0.001082	0.001082	0.001082	
0.001894	0.001894	0.001894	0.064394	0.189394	0.501894	0.210227	0.022727	0.001894	0.001894	0.001894	
0.002331	0.002331	0.002331	0.002331	0.053613	0.233100	0.515152	0.156177	0.027972	0.002331	0.002331	
0.003953	0.003953	0.003953	0.003953	0.047431	0.090909	0.221344	0.482213	0.134387	0.003953	0.003953	
0.010101	0.010101	0.010101	0.010101	0.010101	0.010101	0.010101	0.343434	0.343434	0.121212	0.121212	
0.018182	0.018182	0.018182	0.018182	0.018182	0.018182	0.018182	0.218182	0.218182	0.218182	0.218182	
0.010101	0.010101	0.010101	0.010101	0.010101	0.010101	0.010101	0.010101	0.010101	0.232323	0.676768	


Matrix B :

0.090909	0.090909	0.090909	0.090909	0.090909	0.090909	0.090909	0.090909	0.090909	0.090909	0.090909	
0.000572	0.258433	0.277301	0.208119	0.182962	0.050886	0.000572	0.006861	0.000572	0.013150	0.000572	
0.000587	0.019941	0.452199	0.265103	0.123167	0.032845	0.052199	0.026393	0.019941	0.000587	0.007038	
0.000842	0.000842	0.065657	0.417508	0.213805	0.139731	0.084175	0.047138	0.019360	0.010101	0.000842	
0.001010	0.001010	0.001010	0.123232	0.412121	0.145455	0.123232	0.123232	0.034343	0.034343	0.001010	
0.001894	0.001894	0.001894	0.022727	0.064394	0.272727	0.293561	0.189394	0.022727	0.126894	0.001894	
0.002217	0.002217	0.002217	0.002217	0.050998	0.270510	0.319290	0.124169	0.197339	0.002217	0.026608	
0.003788	0.003788	0.003788	0.003788	0.003788	0.003788	0.337121	0.170455	0.378788	0.045455	0.045455	
0.010101	0.010101	0.010101	0.010101	0.010101	0.010101	0.010101	0.232323	0.454545	0.232323	0.010101	
0.018182	0.018182	0.018182	0.018182	0.018182	0.018182	0.018182	0.418182	0.218182	0.218182	0.018182	
0.009091	0.009091	0.009091	0.009091	0.009091	0.009091	0.009091	0.009091	0.109091	0.409091	0.409091	


Vector Pi :

0.003497	0.234266	0.157343	0.195804	0.234266	0.003497	0.080420	0.041958	0.003497	0.003497	0.041958	


Vector Phi :

0.001600	0.244784	0.241589	0.164798	0.134404	0.076806	0.062407	0.036805	0.014402	0.008001	0.014403	
