
Parameters: 11 states AND 11 symbols

Matrix A :

0.090909	0.090909	0.090909	0.090909	0.090909	0.090909	0.090909	0.090909	0.090909	0.090909	0.090909	
0.000437	0.803322	0.106206	0.019668	0.019668	0.005245	0.005245	0.005245	0.014860	0.010052	0.010052	
0.000928	0.276438	0.480519	0.102968	0.051948	0.041744	0.011132	0.000928	0.000928	0.031540	0.000928	
0.001934	0.065764	0.257253	0.363636	0.129594	0.065764	0.044487	0.044487	0.001934	0.023211	0.001934	
0.002457	0.137592	0.218673	0.137592	0.164619	0.083538	0.056511	0.083538	0.002457	0.056511	0.056511	
0.003247	0.038961	0.110390	0.146104	0.074675	0.146104	0.146104	0.110390	0.074675	0.074675	0.074675	
0.004329	0.051948	0.051948	0.099567	0.147186	0.242424	0.051948	0.099567	0.194805	0.004329	0.051948	
0.003497	0.003497	0.003497	0.041958	0.234266	0.157343	0.041958	0.080420	0.311189	0.041958	0.080420	
0.001894	0.043561	0.043561	0.043561	0.043561	0.043561	0.064394	0.126894	0.418561	0.106061	0.064394	
0.002392	0.002392	0.028708	0.028708	0.002392	0.028708	0.107656	0.133971	0.160287	0.291866	0.212919	
0.001894	0.022727	0.001894	0.001894	0.064394	0.001894	0.022727	0.022727	0.085227	0.210227	0.564394	


Matrix B :

0.090909	0.090909	0.090909	0.090909	0.090909	0.090909	0.090909	0.090909	0.090909	0.090909	0.090909	
0.000421	0.199495	0.347643	0.176347	0.120791	0.051347	0.055976	0.042088	0.005051	0.000421	0.000421	
0.000866	0.115152	0.277056	0.267532	0.134199	0.105628	0.077056	0.019913	0.000866	0.000866	0.000866	
0.001855	0.124304	0.287570	0.165121	0.103896	0.124304	0.144712	0.001855	0.042672	0.001855	0.001855	
0.002217	0.124169	0.124169	0.172949	0.246120	0.099778	0.124169	0.026608	0.050998	0.026608	0.002217	
0.003247	0.003247	0.324675	0.217532	0.181818	0.003247	0.074675	0.003247	0.181818	0.003247	0.003247	
0.003953	0.047431	0.134387	0.134387	0.221344	0.090909	0.134387	0.134387	0.003953	0.090909	0.003953	
0.003367	0.040404	0.262626	0.114478	0.188552	0.225589	0.003367	0.114478	0.003367	0.003367	0.040404	
0.001855	0.001855	0.124304	0.205937	0.185529	0.124304	0.165121	0.063080	0.042672	0.063080	0.022263	
0.002217	0.075388	0.124169	0.197339	0.270510	0.197339	0.075388	0.026608	0.026608	0.002217	0.002217	
0.001818	0.001818	0.141818	0.061818	0.161818	0.201818	0.121818	0.161818	0.101818	0.041818	0.001818	


Vector Pi :

0.002933	0.260997	0.260997	0.067449	0.099707	0.002933	0.067449	0.035191	0.035191	0.099707	0.067449	


Vector Phi :

0.001675	0.344888	0.160820	0.078471	0.063710	0.046904	0.035219	0.043683	0.080420	0.063643	0.080566	
