
Parameters: 11 states AND 11 symbols

Matrix A :

0.0909091	0.0909091	0.0909091	0.0909091	0.0909091	0.0909091	0.0909091	0.0909091	0.0909091	0.0909091	0.0909091	
0.000104976	0.931976	0.0636154	0.00125971	0.000104976	0.00241444	0.000104976	0.000104976	0.000104976	0.000104976	0.000104976	
0.000377216	0.236892	0.680875	0.0667673	0.0128253	0.000377216	0.000377216	0.000377216	0.000377216	0.000377216	0.000377216	
0.00171527	0.0205832	0.341338	0.548885	0.077187	0.00171527	0.00171527	0.00171527	0.00171527	0.00171527	0.00171527	
0.00606061	0.00606061	0.206061	0.272727	0.206061	0.206061	0.0727273	0.00606061	0.00606061	0.00606061	0.00606061	
0.00909091	0.109091	0.00909091	0.00909091	0.309091	0.309091	0.109091	0.00909091	0.00909091	0.109091	0.00909091	
0.012987	0.012987	0.012987	0.155844	0.155844	0.012987	0.441558	0.155844	0.012987	0.012987	0.012987	
0.0181818	0.0181818	0.0181818	0.218182	0.0181818	0.0181818	0.218182	0.418182	0.0181818	0.0181818	0.0181818	
0.0909091	0.0909091	0.0909091	0.0909091	0.0909091	0.0909091	0.0909091	0.0909091	0.0909091	0.0909091	0.0909091	
0.0454545	0.0454545	0.0454545	0.0454545	0.0454545	0.0454545	0.0454545	0.0454545	0.0454545	0.0454545	0.545455	
0.0227273	0.0227273	0.0227273	0.0227273	0.0227273	0.272727	0.0227273	0.0227273	0.0227273	0.0227273	0.522727	


Matrix B :

0.0909091	0.0909091	0.0909091	0.0909091	0.0909091	0.0909091	0.0909091	0.0909091	0.0909091	0.0909091	0.0909091	
9.95718e-05	0.189585	0.322115	0.226825	0.146868	0.0712934	0.0231007	0.0132431	0.00338544	0.00229015	0.00119486	
0.00438116	0.00438116	0.100767	0.249361	0.325666	0.152976	0.0887185	0.0525739	0.0164294	0.000365097	0.00438116	
0.00165289	0.00165289	0.0198347	0.0561983	0.310744	0.256198	0.092562	0.092562	0.0743802	0.0380165	0.0561983	
0.00505051	0.00505051	0.00505051	0.171717	0.282828	0.00505051	0.227273	0.116162	0.171717	0.00505051	0.00505051	
0.00909091	0.109091	0.00909091	0.209091	0.00909091	0.209091	0.109091	0.00909091	0.00909091	0.209091	0.109091	
0.012987	0.012987	0.155844	0.155844	0.012987	0.012987	0.155844	0.012987	0.441558	0.012987	0.012987	
0.0181818	0.0181818	0.0181818	0.618182	0.218182	0.0181818	0.0181818	0.0181818	0.0181818	0.0181818	0.0181818	
0.0909091	0.0909091	0.0909091	0.0909091	0.0909091	0.0909091	0.0909091	0.0909091	0.0909091	0.0909091	0.0909091	
0.0454545	0.0454545	0.0454545	0.0454545	0.0454545	0.0454545	0.545455	0.0454545	0.0454545	0.0454545	0.0454545	
0.0227273	0.0227273	0.0227273	0.0227273	0.272727	0.272727	0.272727	0.0227273	0.0227273	0.0227273	0.0227273	


Vector Pi :

0.00149031	0.755589	0.132638	0.0342772	0.0506706	0.00149031	0.00149031	0.0178838	0.00149031	0.00149031	0.00149031	


Vector Phi :

0.000754147	0.725292	0.198991	0.0423392	0.0119047	0.00796404	0.00495519	0.00243672	0.000754147	0.00155055	0.00305885	
