
Parameters: 11 states AND 11 symbols

Matrix A :

0.090909	0.090909	0.090909	0.090909	0.090909	0.090909	0.090909	0.090909	0.090909	0.090909	0.090909	
0.000362	0.593988	0.291199	0.072075	0.028251	0.008330	0.000362	0.004346	0.000362	0.000362	0.000362	
0.000522	0.448798	0.339603	0.138454	0.057994	0.006270	0.000522	0.000522	0.000522	0.006270	0.000522	
0.001399	0.232168	0.432168	0.216783	0.093706	0.016783	0.001399	0.001399	0.001399	0.001399	0.001399	
0.002933	0.164223	0.260997	0.196481	0.131965	0.164223	0.002933	0.002933	0.067449	0.002933	0.002933	
0.007576	0.090909	0.090909	0.174242	0.174242	0.090909	0.090909	0.090909	0.174242	0.007576	0.007576	
0.010101	0.343434	0.454545	0.010101	0.010101	0.010101	0.010101	0.121212	0.010101	0.010101	0.010101	
0.018182	0.018182	0.018182	0.018182	0.218182	0.018182	0.418182	0.018182	0.018182	0.018182	0.218182	
0.018182	0.018182	0.018182	0.018182	0.018182	0.018182	0.618182	0.018182	0.018182	0.218182	0.018182	
0.022727	0.022727	0.022727	0.022727	0.022727	0.022727	0.272727	0.272727	0.022727	0.272727	0.022727	
0.045455	0.045455	0.045455	0.045455	0.045455	0.045455	0.545455	0.045455	0.045455	0.045455	0.045455	


Matrix B :

0.090909	0.090909	0.090909	0.090909	0.090909	0.090909	0.090909	0.090909	0.090909	0.090909	0.090909	
0.000357	0.470945	0.376827	0.114082	0.027807	0.000357	0.000357	0.008200	0.000357	0.000357	0.000357	
0.000486	0.176957	0.556636	0.160914	0.048614	0.021877	0.000486	0.021877	0.000486	0.005834	0.005834	
0.001357	0.001357	0.478969	0.329715	0.105834	0.061058	0.016282	0.001357	0.001357	0.001357	0.001357	
0.002674	0.002674	0.120321	0.414439	0.267380	0.090909	0.002674	0.090909	0.002674	0.002674	0.002674	
0.007576	0.007576	0.007576	0.090909	0.590909	0.257576	0.007576	0.007576	0.007576	0.007576	0.007576	
0.010101	0.010101	0.010101	0.010101	0.343434	0.232323	0.121212	0.121212	0.121212	0.010101	0.010101	
0.018182	0.018182	0.018182	0.018182	0.418182	0.218182	0.018182	0.018182	0.218182	0.018182	0.018182	
0.018182	0.018182	0.018182	0.018182	0.018182	0.018182	0.618182	0.018182	0.218182	0.018182	0.018182	
0.022727	0.022727	0.022727	0.022727	0.022727	0.022727	0.522727	0.022727	0.022727	0.022727	0.272727	
0.045455	0.045455	0.045455	0.045455	0.045455	0.045455	0.545455	0.045455	0.045455	0.045455	0.045455	


Vector Pi :

0.003953	0.134387	0.569170	0.090909	0.134387	0.047431	0.003953	0.003953	0.003953	0.003953	0.003953	


Vector Phi :

0.001740	0.452740	0.311870	0.116137	0.055079	0.019429	0.015404	0.008621	0.008532	0.006985	0.003464	
