
Parameters: 11 states AND 11 symbols

Matrix A :

0.090909	0.090909	0.090909	0.090909	0.090909	0.090909	0.090909	0.090909	0.090909	0.090909	0.090909	
0.000359	0.802731	0.134747	0.028027	0.024075	0.000359	0.000359	0.004312	0.000359	0.000359	0.004312	
0.000764	0.328495	0.488159	0.143621	0.025974	0.009167	0.000764	0.000764	0.000764	0.000764	0.000764	
0.001229	0.095823	0.257985	0.379607	0.190418	0.014742	0.028256	0.001229	0.028256	0.001229	0.001229	
0.001976	0.023715	0.110672	0.262846	0.241107	0.197628	0.067194	0.045455	0.045455	0.001976	0.001976	
0.003788	0.003788	0.003788	0.212121	0.295455	0.212121	0.128788	0.128788	0.003788	0.003788	0.003788	
0.003788	0.045455	0.045455	0.087121	0.045455	0.253788	0.420455	0.045455	0.045455	0.003788	0.003788	
0.005051	0.060606	0.005051	0.060606	0.116162	0.005051	0.227273	0.227273	0.171717	0.116162	0.005051	
0.005682	0.005682	0.005682	0.005682	0.068182	0.068182	0.005682	0.193182	0.193182	0.130682	0.318182	
0.006993	0.083916	0.006993	0.006993	0.006993	0.006993	0.083916	0.006993	0.083916	0.391608	0.314685	
0.005348	0.005348	0.005348	0.064171	0.005348	0.005348	0.005348	0.181818	0.181818	0.181818	0.358289	


Matrix B :

0.090909	0.090909	0.090909	0.090909	0.090909	0.090909	0.090909	0.090909	0.090909	0.090909	0.090909	
0.000340	0.277494	0.303711	0.206333	0.067756	0.064011	0.056520	0.015322	0.007831	0.000340	0.000340	
0.000716	0.016464	0.229062	0.292054	0.197566	0.095204	0.087330	0.071582	0.000716	0.008590	0.000716	
0.001196	0.027512	0.066986	0.264354	0.277512	0.106459	0.119617	0.053828	0.053828	0.027512	0.001196	
0.022263	0.022263	0.063080	0.287570	0.165121	0.185529	0.103896	0.124304	0.001855	0.022263	0.001855	
0.003636	0.003636	0.043636	0.043636	0.243636	0.163636	0.283636	0.203636	0.003636	0.003636	0.003636	
0.003788	0.003788	0.128788	0.045455	0.253788	0.128788	0.170455	0.212121	0.045455	0.003788	0.003788	
0.004785	0.004785	0.110048	0.162679	0.110048	0.162679	0.215311	0.057416	0.057416	0.110048	0.004785	
0.005682	0.005682	0.068182	0.130682	0.255682	0.130682	0.193182	0.193182	0.005682	0.005682	0.005682	
0.006993	0.006993	0.006993	0.160839	0.083916	0.160839	0.237762	0.160839	0.160839	0.006993	0.006993	
0.005051	0.005051	0.060606	0.282828	0.060606	0.227273	0.227273	0.060606	0.060606	0.005051	0.005051	


Vector Pi :

0.002933	0.422287	0.293255	0.067449	0.099707	0.035191	0.002933	0.035191	0.002933	0.002933	0.035191	


Vector Phi :

0.001649	0.421894	0.194104	0.121743	0.075854	0.039548	0.039571	0.029713	0.026392	0.021456	0.028075	
