
Parameters: 11 states AND 11 symbols

Matrix A :

0.0909091	0.0909091	0.0909091	0.0909091	0.0909091	0.0909091	0.0909091	0.0909091	0.0909091	0.0909091	0.0909091	
0.000133494	0.881191	0.116139	0.00160192	0.000133494	0.000133494	0.000133494	0.000133494	0.000133494	0.000133494	0.000133494	
0.000296121	0.244596	0.609417	0.140361	0.00355345	0.000296121	0.000296121	0.000296121	0.000296121	0.000296121	0.000296121	
0.00071582	0.0400859	0.315676	0.496779	0.118826	0.0243379	0.00071582	0.00071582	0.00071582	0.00071582	0.00071582	
0.00165289	0.0198347	0.00165289	0.328926	0.492562	0.147107	0.00165289	0.00165289	0.00165289	0.00165289	0.00165289	
0.00454545	0.00454545	0.00454545	0.0545455	0.454545	0.354545	0.104545	0.00454545	0.00454545	0.00454545	0.00454545	
0.0227273	0.0227273	0.0227273	0.0227273	0.0227273	0.272727	0.272727	0.0227273	0.272727	0.0227273	0.0227273	
0.0454545	0.0454545	0.0454545	0.0454545	0.545455	0.0454545	0.0454545	0.0454545	0.0454545	0.0454545	0.0454545	
0.0454545	0.0454545	0.0454545	0.0454545	0.0454545	0.0454545	0.0454545	0.0454545	0.0454545	0.0454545	0.545455	
0.0454545	0.0454545	0.0454545	0.0454545	0.0454545	0.0454545	0.0454545	0.545455	0.0454545	0.0454545	0.0454545	
0.0227273	0.0227273	0.0227273	0.0227273	0.0227273	0.0227273	0.0227273	0.0227273	0.0227273	0.272727	0.522727	


Matrix B :

0.0909091	0.0909091	0.0909091	0.0909091	0.0909091	0.0909091	0.0909091	0.0909091	0.0909091	0.0909091	0.0909091	
0.000127146	0.360966	0.394533	0.179148	0.0574698	0.00712015	0.000127146	0.000127146	0.000127146	0.000127146	0.000127146	
0.000280584	0.00645342	0.318182	0.410774	0.176207	0.0836139	0.003367	0.000280584	0.000280584	0.000280584	0.000280584	
0.000683527	0.000683527	0.0833903	0.369105	0.346548	0.113465	0.0457963	0.0382775	0.000683527	0.000683527	0.000683527	
0.0015949	0.0015949	0.0015949	0.194577	0.527911	0.229665	0.0015949	0.0191388	0.0015949	0.0191388	0.0015949	
0.00454545	0.00454545	0.00454545	0.00454545	0.404545	0.304545	0.104545	0.0545455	0.00454545	0.00454545	0.104545	
0.0181818	0.0181818	0.0181818	0.0181818	0.0181818	0.418182	0.0181818	0.0181818	0.0181818	0.0181818	0.418182	
0.0454545	0.0454545	0.0454545	0.0454545	0.0454545	0.545455	0.0454545	0.0454545	0.0454545	0.0454545	0.0454545	
0.0454545	0.0454545	0.0454545	0.0454545	0.0454545	0.0454545	0.0454545	0.0454545	0.0454545	0.0454545	0.545455	
0.0454545	0.0454545	0.0454545	0.0454545	0.0454545	0.0454545	0.545455	0.0454545	0.0454545	0.0454545	0.0454545	
0.0227273	0.0227273	0.0227273	0.0227273	0.0227273	0.0227273	0.0227273	0.0227273	0.272727	0.272727	0.272727	


Vector Pi :

0.00149031	0.542474	0.280179	0.099851	0.0506706	0.00149031	0.0178838	0.00149031	0.00149031	0.00149031	0.00149031	


Vector Phi :

0.000805782	0.571102	0.254904	0.103441	0.0427491	0.0157879	0.00317944	0.0016102	0.00160064	0.00160883	0.00321221	
