
Parameters: 11 states AND 11 symbols

Matrix A :

0.0909091	0.0909091	0.0909091	0.0909091	0.0909091	0.0909091	0.0909091	0.0909091	0.0909091	0.0909091	0.0909091	
0.000103423	0.946634	0.0490226	0.00351639	0.000103423	0.000103423	0.000103423	0.000103423	0.000103423	0.000103423	0.000103423	
0.000439174	0.213	0.696091	0.0825648	0.00527009	0.000439174	0.000439174	0.000439174	0.000439174	0.000439174	0.000439174	
0.00165289	0.0380165	0.310744	0.456198	0.147107	0.0198347	0.00165289	0.00165289	0.00165289	0.00165289	0.0198347	
0.00568182	0.00568182	0.130682	0.380682	0.130682	0.193182	0.130682	0.00568182	0.00568182	0.00568182	0.00568182	
0.00826446	0.00826446	0.00826446	0.0991736	0.190083	0.371901	0.280992	0.00826446	0.00826446	0.00826446	0.00826446	
0.00649351	0.00649351	0.00649351	0.149351	0.149351	0.0779221	0.220779	0.220779	0.0779221	0.0779221	0.00649351	
0.012987	0.012987	0.012987	0.012987	0.012987	0.155844	0.441558	0.298701	0.012987	0.012987	0.012987	
0.0151515	0.0151515	0.0151515	0.0151515	0.0151515	0.0151515	0.348485	0.181818	0.181818	0.181818	0.0151515	
0.0181818	0.0181818	0.0181818	0.0181818	0.0181818	0.0181818	0.0181818	0.0181818	0.618182	0.0181818	0.218182	
0.0227273	0.0227273	0.0227273	0.0227273	0.0227273	0.0227273	0.0227273	0.0227273	0.0227273	0.522727	0.272727	


Matrix B :

0.0909091	0.0909091	0.0909091	0.0909091	0.0909091	0.0909091	0.0909091	0.0909091	0.0909091	0.0909091	0.0909091	
9.89218e-05	0.200317	0.313483	0.204669	0.150262	0.0806212	0.0273024	0.0120685	0.00662776	0.0022752	0.0022752	
0.000413223	0.018595	0.0913223	0.245868	0.22314	0.159504	0.145868	0.0731405	0.0367769	0.00495868	0.000413223	
0.00151515	0.00151515	0.00151515	0.168182	0.251515	0.184848	0.218182	0.0515152	0.0681818	0.0348485	0.0181818	
0.00568182	0.00568182	0.00568182	0.130682	0.0681818	0.505682	0.0681818	0.193182	0.00568182	0.00568182	0.00568182	
0.00757576	0.00757576	0.00757576	0.00757576	0.257576	0.257576	0.257576	0.0909091	0.0909091	0.00757576	0.00757576	
0.00649351	0.00649351	0.00649351	0.363636	0.0779221	0.00649351	0.220779	0.220779	0.0779221	0.00649351	0.00649351	
0.012987	0.012987	0.012987	0.012987	0.155844	0.012987	0.012987	0.155844	0.441558	0.155844	0.012987	
0.0151515	0.0151515	0.0151515	0.181818	0.181818	0.348485	0.181818	0.0151515	0.0151515	0.0151515	0.0151515	
0.0181818	0.0181818	0.0181818	0.418182	0.0181818	0.418182	0.0181818	0.0181818	0.0181818	0.0181818	0.0181818	
0.0181818	0.0181818	0.0181818	0.418182	0.0181818	0.218182	0.218182	0.0181818	0.0181818	0.0181818	0.0181818	


Vector Pi :

0.00149031	0.657228	0.214605	0.0834575	0.00149031	0.0178838	0.00149031	0.00149031	0.00149031	0.00149031	0.0178838	


Vector Phi :

0.00082998	0.729448	0.171786	0.0456457	0.0132793	0.00912992	0.0116203	0.00581023	0.00498013	0.00415004	0.00331993	
