
Parameters: 11 states AND 11 symbols

Matrix A :

0.0909091	0.0909091	0.0909091	0.0909091	0.0909091	0.0909091	0.0909091	0.0909091	0.0909091	0.0909091	0.0909091	
0.000103423	0.946634	0.0456097	0.00351639	0.00237874	0.000103423	0.00124108	0.000103423	0.000103423	0.000103423	0.000103423	
0.000473485	0.224432	0.677557	0.0890152	0.00568182	0.000473485	0.000473485	0.000473485	0.000473485	0.000473485	0.000473485	
0.00142045	0.0482955	0.298295	0.50142	0.12642	0.00142045	0.00142045	0.00142045	0.0170455	0.00142045	0.00142045	
0.003367	0.003367	0.040404	0.373737	0.3367	0.151515	0.040404	0.003367	0.040404	0.003367	0.003367	
0.010101	0.010101	0.010101	0.010101	0.565657	0.121212	0.121212	0.010101	0.010101	0.121212	0.010101	
0.0113636	0.0113636	0.0113636	0.136364	0.0113636	0.261364	0.261364	0.136364	0.136364	0.0113636	0.0113636	
0.0227273	0.0227273	0.0227273	0.0227273	0.272727	0.0227273	0.272727	0.272727	0.0227273	0.0227273	0.0227273	
0.0181818	0.0181818	0.218182	0.0181818	0.0181818	0.0181818	0.0181818	0.0181818	0.0181818	0.418182	0.218182	
0.0113636	0.0113636	0.0113636	0.0113636	0.0113636	0.136364	0.136364	0.136364	0.0113636	0.261364	0.261364	
0.0113636	0.0113636	0.0113636	0.0113636	0.0113636	0.0113636	0.0113636	0.0113636	0.136364	0.261364	0.511364	


Matrix B :

0.0909091	0.0909091	0.0909091	0.0909091	0.0909091	0.0909091	0.0909091	0.0909091	0.0909091	0.0909091	0.0909091	
9.82801e-05	0.349287	0.376314	0.169828	0.0573956	0.0260442	0.00874693	0.0044226	0.00117936	0.00226044	0.0044226	
0.000447828	0.0250784	0.310793	0.424093	0.207344	0.0250784	0.00537394	0.000447828	0.000447828	0.000447828	0.000447828	
0.00137741	0.046832	0.183196	0.365014	0.213499	0.152893	0.00137741	0.0316804	0.00137741	0.00137741	0.00137741	
0.003367	0.003367	0.410774	0.114478	0.299663	0.0774411	0.040404	0.040404	0.003367	0.003367	0.003367	
0.010101	0.010101	0.454545	0.232323	0.232323	0.010101	0.010101	0.010101	0.010101	0.010101	0.010101	
0.0113636	0.136364	0.261364	0.386364	0.136364	0.0113636	0.0113636	0.0113636	0.0113636	0.0113636	0.0113636	
0.0227273	0.0227273	0.272727	0.0227273	0.522727	0.0227273	0.0227273	0.0227273	0.0227273	0.0227273	0.0227273	
0.0181818	0.0181818	0.418182	0.0181818	0.418182	0.0181818	0.0181818	0.0181818	0.0181818	0.0181818	0.0181818	
0.010101	0.010101	0.232323	0.565657	0.121212	0.010101	0.010101	0.010101	0.010101	0.010101	0.010101	
0.0113636	0.0113636	0.0113636	0.636364	0.261364	0.0113636	0.0113636	0.0113636	0.0113636	0.0113636	0.0113636	


Vector Pi :

0.00149031	0.755589	0.181818	0.0342772	0.00149031	0.00149031	0.00149031	0.00149031	0.00149031	0.0178838	0.00149031	


Vector Phi :

0.000829901	0.729457	0.159337	0.0531128	0.0224072	0.00746913	0.00663922	0.00331964	0.00414951	0.0066393	0.00663933	
