
Parameters: 11 states AND 11 symbols

Matrix A :

0.090909	0.090909	0.090909	0.090909	0.090909	0.090909	0.090909	0.090909	0.090909	0.090909	0.090909	
0.000500	0.764236	0.198302	0.027972	0.005994	0.000500	0.000500	0.000500	0.000500	0.000500	0.000500	
0.000758	0.309091	0.475758	0.184091	0.017424	0.000758	0.009091	0.000758	0.000758	0.000758	0.000758	
0.001443	0.017316	0.350649	0.318903	0.255411	0.049062	0.001443	0.001443	0.001443	0.001443	0.001443	
0.001894	0.064394	0.085227	0.293561	0.314394	0.168561	0.064394	0.001894	0.001894	0.001894	0.001894	
0.003247	0.003247	0.003247	0.003247	0.324675	0.431818	0.217532	0.003247	0.003247	0.003247	0.003247	
0.004329	0.004329	0.004329	0.051948	0.242424	0.147186	0.099567	0.337662	0.099567	0.004329	0.004329	
0.004785	0.004785	0.004785	0.004785	0.004785	0.057416	0.267943	0.478469	0.162679	0.004785	0.004785	
0.010101	0.010101	0.010101	0.010101	0.010101	0.010101	0.232323	0.232323	0.121212	0.121212	0.232323	
0.022727	0.022727	0.022727	0.022727	0.022727	0.022727	0.272727	0.022727	0.272727	0.022727	0.272727	
0.018182	0.018182	0.018182	0.018182	0.018182	0.018182	0.018182	0.018182	0.218182	0.418182	0.218182	


Matrix B :

0.090909	0.090909	0.090909	0.090909	0.090909	0.090909	0.090909	0.090909	0.090909	0.090909	0.090909	
0.000484	0.303675	0.277079	0.170696	0.112186	0.058994	0.043037	0.016441	0.016441	0.000484	0.000484	
0.000722	0.048341	0.413420	0.246753	0.159452	0.032468	0.080087	0.000722	0.000722	0.016595	0.000722	
0.001377	0.001377	0.122590	0.425620	0.168044	0.152893	0.077135	0.001377	0.016529	0.031680	0.001377	
0.001855	0.001855	0.001855	0.287570	0.369202	0.165121	0.103896	0.042672	0.001855	0.001855	0.022263	
0.003030	0.003030	0.003030	0.036364	0.103030	0.436364	0.203030	0.136364	0.069697	0.003030	0.003030	
0.004329	0.004329	0.004329	0.051948	0.051948	0.290043	0.242424	0.194805	0.099567	0.004329	0.051948	
0.004545	0.004545	0.004545	0.004545	0.004545	0.154545	0.354545	0.254545	0.004545	0.154545	0.054545	
0.010101	0.010101	0.010101	0.010101	0.121212	0.121212	0.232323	0.343434	0.121212	0.010101	0.010101	
0.018182	0.018182	0.018182	0.018182	0.018182	0.018182	0.218182	0.618182	0.018182	0.018182	0.018182	
0.018182	0.018182	0.018182	0.018182	0.018182	0.018182	0.218182	0.218182	0.218182	0.218182	0.018182	


Vector Pi :

0.004329	0.337662	0.290043	0.147186	0.004329	0.099567	0.004329	0.051948	0.004329	0.051948	0.004329	


Vector Phi :

0.002040	0.354551	0.238102	0.127265	0.100693	0.057976	0.043319	0.039119	0.018495	0.008193	0.010247	
