
Parameters: 11 states AND 11 symbols

Matrix A :

0.0909091	0.0909091	0.0909091	0.0909091	0.0909091	0.0909091	0.0909091	0.0909091	0.0909091	0.0909091	0.0909091	
0.000223914	0.763771	0.209584	0.0223914	0.00268697	0.000223914	0.000223914	0.000223914	0.000223914	0.000223914	0.000223914	
0.000284981	0.266743	0.5332	0.157025	0.0379025	0.00341978	0.000284981	0.000284981	0.000284981	0.000284981	0.000284981	
0.000550964	0.061157	0.29146	0.436915	0.170248	0.0369146	0.000550964	0.000550964	0.000550964	0.000550964	0.000550964	
0.000790514	0.000790514	0.12253	0.244269	0.348617	0.218182	0.0616601	0.000790514	0.000790514	0.000790514	0.000790514	
0.00110865	0.00110865	0.0133038	0.0498891	0.269401	0.452328	0.184035	0.0254989	0.00110865	0.00110865	0.00110865	
0.00178253	0.00178253	0.00178253	0.0409982	0.197861	0.197861	0.256684	0.237077	0.0606061	0.00178253	0.00178253	
0.003367	0.003367	0.003367	0.003367	0.003367	0.040404	0.410774	0.262626	0.225589	0.040404	0.003367	
0.00413223	0.00413223	0.00413223	0.00413223	0.00413223	0.0495868	0.18595	0.231405	0.367769	0.0495868	0.0950413	
0.0181818	0.0181818	0.0181818	0.0181818	0.0181818	0.0181818	0.0181818	0.0181818	0.618182	0.218182	0.0181818	
0.012987	0.012987	0.012987	0.012987	0.012987	0.012987	0.012987	0.012987	0.155844	0.155844	0.584416	


Matrix B :

0.0909091	0.0909091	0.0909091	0.0909091	0.0909091	0.0909091	0.0909091	0.0909091	0.0909091	0.0909091	0.0909091	
0.000212902	0.278901	0.243773	0.20396	0.100915	0.103257	0.0353417	0.0236321	0.00958058	0.000212902	0.000212902	
0.00027465	0.0576765	0.305411	0.211755	0.202692	0.133205	0.0516342	0.0244438	0.0123592	0.00027465	0.00027465	
0.000516529	0.000516529	0.153926	0.403926	0.227789	0.102789	0.0346074	0.0516529	0.0232438	0.000516529	0.000516529	
0.000751315	0.000751315	0.0255447	0.372652	0.273479	0.182569	0.0833959	0.0338092	0.0255447	0.000751315	0.000751315	
0.00105708	0.00105708	0.00105708	0.105708	0.419662	0.233615	0.105708	0.0475687	0.0475687	0.012685	0.0243129	
0.00174825	0.00174825	0.00174825	0.0594406	0.270979	0.29021	0.136364	0.117133	0.117133	0.00174825	0.00174825	
0.0031348	0.0031348	0.0031348	0.0031348	0.0031348	0.554859	0.175549	0.106583	0.106583	0.0376176	0.0031348	
0.00378788	0.00378788	0.00378788	0.00378788	0.00378788	0.0454545	0.628788	0.0871212	0.0454545	0.00378788	0.170455	
0.0181818	0.0181818	0.0181818	0.0181818	0.0181818	0.0181818	0.218182	0.218182	0.218182	0.218182	0.0181818	
0.0113636	0.0113636	0.0113636	0.0113636	0.0113636	0.0113636	0.0113636	0.136364	0.761364	0.0113636	0.0113636	


Vector Pi :

0.00149031	0.345753	0.198212	0.165425	0.116244	0.0670641	0.0178838	0.0342772	0.0342772	0.00149031	0.0178838	


Vector Phi :

0.000828737	0.339451	0.266604	0.13855	0.0944658	0.0676715	0.0420596	0.0222812	0.0181672	0.00413316	0.00578741	
