
Parameters: 11 states AND 11 symbols

Matrix A :

0.0909091	0.0909091	0.0909091	0.0909091	0.0909091	0.0909091	0.0909091	0.0909091	0.0909091	0.0909091	0.0909091	
0.00017449	0.806317	0.153725	0.0270459	0.00593265	0.00017449	0.00017449	0.00209388	0.00017449	0.00017449	0.00401326	
0.000335458	0.299228	0.49111	0.170077	0.0224757	0.000335458	0.00771553	0.00402549	0.00402549	0.000335458	0.000335458	
0.000525486	0.058329	0.2433	0.538098	0.093011	0.0352076	0.0178665	0.00630583	0.00630583	0.000525486	0.000525486	
0.0013986	0.0783217	0.13986	0.13986	0.293706	0.155245	0.124476	0.0167832	0.0167832	0.0321678	0.0013986	
0.00227273	0.0522727	0.0522727	0.127273	0.277273	0.277273	0.152273	0.0272727	0.0272727	0.00227273	0.00227273	
0.00197628	0.00197628	0.0454545	0.00197628	0.15415	0.219368	0.371542	0.110672	0.0454545	0.0454545	0.00197628	
0.00378788	0.00378788	0.00378788	0.128788	0.0454545	0.0871212	0.253788	0.253788	0.128788	0.0454545	0.0454545	
0.00454545	0.00454545	0.104545	0.0545455	0.00454545	0.00454545	0.0545455	0.204545	0.304545	0.204545	0.0545455	
0.00478469	0.00478469	0.00478469	0.0574163	0.0574163	0.00478469	0.0574163	0.0574163	0.162679	0.373206	0.215311	
0.00363636	0.0436364	0.0436364	0.00363636	0.00363636	0.00363636	0.0436364	0.0836364	0.0436364	0.0836364	0.643636	


Matrix B :

0.0909091	0.0909091	0.0909091	0.0909091	0.0909091	0.0909091	0.0909091	0.0909091	0.0909091	0.0909091	0.0909091	
0.000165289	0.414711	0.307438	0.161983	0.0765289	0.027438	0.0092562	0.00198347	0.000165289	0.000165289	0.000165289	
0.000322373	0.127982	0.379755	0.312379	0.135074	0.0286912	0.0109607	0.00386847	0.000322373	0.000322373	0.000322373	
0.000507872	0.0452006	0.207212	0.380396	0.168106	0.140173	0.0340274	0.0172676	0.00609446	0.000507872	0.000507872	
0.00135685	0.046133	0.180461	0.299864	0.195387	0.135685	0.105834	0.0312076	0.00135685	0.00135685	0.00135685	
0.00221729	0.00221729	0.124169	0.24612	0.24612	0.124169	0.221729	0.00221729	0.0266075	0.00221729	0.00221729	
0.00178253	0.0213904	0.197861	0.197861	0.178253	0.178253	0.11943	0.0802139	0.0213904	0.00178253	0.00178253	
0.0034965	0.0034965	0.234266	0.234266	0.388112	0.0804196	0.041958	0.0034965	0.0034965	0.0034965	0.0034965	
0.004329	0.004329	0.0519481	0.337662	0.290043	0.147186	0.0995671	0.004329	0.004329	0.0519481	0.004329	
0.004329	0.004329	0.0995671	0.194805	0.290043	0.194805	0.147186	0.004329	0.0519481	0.004329	0.004329	
0.0034965	0.0034965	0.0034965	0.118881	0.157343	0.311189	0.118881	0.0804196	0.118881	0.0034965	0.0804196	


Vector Pi :

0.00149031	0.493294	0.165425	0.099851	0.0342772	0.0178838	0.0834575	0.0342772	0.0178838	0.0342772	0.0178838	


Vector Phi :

0.000831401	0.430235	0.226153	0.143993	0.0540811	0.0332813	0.0382732	0.0199571	0.0166372	0.0158002	0.0207576	
