
Parameters: 11 states AND 11 symbols

Matrix A :

0.0454545	0.0454545	0.0454545	0.0454545	0.0454545	0.0454545	0.0454545	0.0454545	0.0454545	0.0454545	0.545455	
0.000138793	0.737543	0.215406	0.0444136	0.000138793	0.00166551	0.000138793	0.000138793	0.000138793	0.000138793	0.000138793	
0.000270563	0.434794	0.416937	0.101461	0.0359848	0.00622294	0.000270563	0.000270563	0.00324675	0.000270563	0.000270563	
0.00071582	0.16607	0.331424	0.347173	0.1267	0.00858984	0.0164639	0.00071582	0.00071582	0.00071582	0.00071582	
0.00206612	0.0702479	0.13843	0.38843	0.161157	0.206612	0.00206612	0.0247934	0.00206612	0.00206612	0.00206612	
0.00395257	0.0474308	0.177866	0.0909091	0.221344	0.264822	0.0909091	0.0909091	0.00395257	0.00395257	0.00395257	
0.0113636	0.0113636	0.136364	0.0113636	0.386364	0.0113636	0.136364	0.261364	0.0113636	0.0113636	0.0113636	
0.012987	0.012987	0.012987	0.012987	0.012987	0.441558	0.155844	0.155844	0.155844	0.012987	0.012987	
0.363636	0.030303	0.030303	0.030303	0.030303	0.030303	0.363636	0.030303	0.030303	0.030303	0.030303	
0.0454545	0.0454545	0.0454545	0.0454545	0.545455	0.0454545	0.0454545	0.0454545	0.0454545	0.0454545	0.0454545	
0.0454545	0.0454545	0.0454545	0.0454545	0.0454545	0.0454545	0.0454545	0.0454545	0.0454545	0.545455	0.0454545	


Matrix B :

0.0454545	0.0454545	0.0454545	0.0454545	0.0454545	0.0454545	0.545455	0.0454545	0.0454545	0.0454545	0.0454545	
0.000131944	0.436997	0.378942	0.129305	0.0436733	0.00738884	0.00158332	0.000131944	0.000131944	0.00158332	0.000131944	
0.000262743	0.020494	0.552286	0.28639	0.0927483	0.0349448	0.00315292	0.000262743	0.00604309	0.000262743	0.00315292	
0.000658762	0.000658762	0.0876153	0.500659	0.276021	0.0731225	0.0296443	0.0296443	0.000658762	0.000658762	0.000658762	
0.00197628	0.00197628	0.00197628	0.284585	0.328063	0.241107	0.0454545	0.0671937	0.0237154	0.00197628	0.00197628	
0.00378788	0.00378788	0.00378788	0.0871212	0.253788	0.253788	0.212121	0.170455	0.00378788	0.00378788	0.00378788	
0.010101	0.010101	0.010101	0.010101	0.010101	0.121212	0.343434	0.232323	0.010101	0.232323	0.010101	
0.0113636	0.0113636	0.0113636	0.0113636	0.0113636	0.136364	0.386364	0.386364	0.0113636	0.0113636	0.0113636	
0.030303	0.030303	0.030303	0.030303	0.030303	0.363636	0.363636	0.030303	0.030303	0.030303	0.030303	
0.0454545	0.0454545	0.0454545	0.0454545	0.545455	0.0454545	0.0454545	0.0454545	0.0454545	0.0454545	0.0454545	
0.0454545	0.0454545	0.0454545	0.0454545	0.0454545	0.545455	0.0454545	0.0454545	0.0454545	0.0454545	0.0454545	


Vector Pi :

0.00149031	0.558867	0.181818	0.181818	0.0178838	0.0178838	0.0178838	0.0178838	0.00149031	0.00149031	0.00149031	


Vector Phi :

0.0016703	0.540594	0.276771	0.105546	0.0375633	0.0194149	0.00670046	0.00589553	0.00250218	0.00167193	0.00167138	
