
Parameters: 11 states AND 11 symbols

Matrix A :

0.0909091	0.0909091	0.0909091	0.0909091	0.0909091	0.0909091	0.0909091	0.0909091	0.0909091	0.0909091	0.0909091	
0.00013986	0.677063	0.272448	0.0462937	0.00167832	0.00167832	0.00013986	0.00013986	0.00013986	0.00013986	0.00013986	
0.000246366	0.490761	0.35526	0.122198	0.0300567	0.000246366	0.000246366	0.000246366	0.000246366	0.000246366	0.000246366	
0.000751315	0.190834	0.413974	0.232156	0.132983	0.00901578	0.000751315	0.00901578	0.000751315	0.000751315	0.00901578	
0.00211416	0.0951374	0.234672	0.350951	0.164905	0.0486258	0.0486258	0.02537	0.02537	0.00211416	0.00211416	
0.0113636	0.0113636	0.136364	0.136364	0.386364	0.0113636	0.136364	0.136364	0.0113636	0.0113636	0.0113636	
0.0151515	0.0151515	0.0151515	0.181818	0.348485	0.0151515	0.348485	0.0151515	0.0151515	0.0151515	0.0151515	
0.0181818	0.0181818	0.0181818	0.0181818	0.218182	0.418182	0.0181818	0.218182	0.0181818	0.0181818	0.0181818	
0.0454545	0.0454545	0.0454545	0.0454545	0.545455	0.0454545	0.0454545	0.0454545	0.0454545	0.0454545	0.0454545	
0.0909091	0.0909091	0.0909091	0.0909091	0.0909091	0.0909091	0.0909091	0.0909091	0.0909091	0.0909091	0.0909091	
0.030303	0.030303	0.030303	0.030303	0.030303	0.363636	0.030303	0.030303	0.030303	0.030303	0.363636	


Matrix B :

0.0909091	0.0909091	0.0909091	0.0909091	0.0909091	0.0909091	0.0909091	0.0909091	0.0909091	0.0909091	0.0909091	
0.000132135	0.364958	0.285016	0.180365	0.0946089	0.0379228	0.0219345	0.01176	0.00158562	0.00158562	0.000132135	
0.000235516	0.0572303	0.461375	0.228215	0.173811	0.0365049	0.0261423	0.00541686	0.00541686	0.00541686	0.000235516	
0.000733138	0.00879765	0.307185	0.403959	0.113636	0.0491202	0.0652493	0.00879765	0.0168622	0.00879765	0.0168622	
0.00206612	0.00206612	0.0475207	0.342975	0.229339	0.252066	0.0475207	0.0475207	0.0247934	0.00206612	0.00206612	
0.010101	0.010101	0.121212	0.343434	0.232323	0.010101	0.010101	0.010101	0.232323	0.010101	0.010101	
0.0151515	0.0151515	0.0151515	0.515152	0.348485	0.0151515	0.0151515	0.0151515	0.0151515	0.0151515	0.0151515	
0.0181818	0.0181818	0.0181818	0.218182	0.418182	0.0181818	0.0181818	0.0181818	0.218182	0.0181818	0.0181818	
0.0454545	0.0454545	0.0454545	0.0454545	0.0454545	0.0454545	0.0454545	0.0454545	0.545455	0.0454545	0.0454545	
0.0909091	0.0909091	0.0909091	0.0909091	0.0909091	0.0909091	0.0909091	0.0909091	0.0909091	0.0909091	0.0909091	
0.030303	0.030303	0.030303	0.030303	0.69697	0.030303	0.030303	0.030303	0.030303	0.030303	0.030303	


Vector Pi :

0.00149031	0.640835	0.263785	0.0506706	0.0178838	0.0178838	0.00149031	0.00149031	0.00149031	0.00149031	0.00149031	


Vector Phi :

0.000827961	0.536539	0.306122	0.10019	0.0356221	0.00662235	0.00496889	0.00414024	0.00165638	0.000827961	0.00248396	
