
Parameters: 11 states AND 11 symbols

Matrix A :

0.0909091	0.0909091	0.0909091	0.0909091	0.0909091	0.0909091	0.0909091	0.0909091	0.0909091	0.0909091	0.0909091	
0.000115808	0.885466	0.102027	0.00903301	0.00138969	0.00138969	0.000115808	0.000115808	0.000115808	0.000115808	0.000115808	
0.000385208	0.322419	0.521572	0.140216	0.0046225	0.00885978	0.000385208	0.000385208	0.000385208	0.000385208	0.000385208	
0.000909091	0.100909	0.280909	0.410909	0.150909	0.0309091	0.0209091	0.000909091	0.000909091	0.000909091	0.000909091	
0.0025974	0.0311688	0.0883117	0.345455	0.316883	0.174026	0.0311688	0.0025974	0.0025974	0.0025974	0.0025974	
0.00413223	0.0495868	0.00413223	0.18595	0.231405	0.18595	0.231405	0.0950413	0.00413223	0.00413223	0.00413223	
0.00649351	0.0779221	0.00649351	0.149351	0.0779221	0.220779	0.0779221	0.149351	0.149351	0.00649351	0.0779221	
0.0151515	0.0151515	0.181818	0.0151515	0.0151515	0.0151515	0.515152	0.181818	0.0151515	0.0151515	0.0151515	
0.0151515	0.0151515	0.0151515	0.0151515	0.0151515	0.348485	0.0151515	0.0151515	0.348485	0.0151515	0.181818	
0.0909091	0.0909091	0.0909091	0.0909091	0.0909091	0.0909091	0.0909091	0.0909091	0.0909091	0.0909091	0.0909091	
0.030303	0.030303	0.030303	0.030303	0.030303	0.030303	0.363636	0.030303	0.363636	0.030303	0.030303	


Matrix B :

0.0909091	0.0909091	0.0909091	0.0909091	0.0909091	0.0909091	0.0909091	0.0909091	0.0909091	0.0909091	0.0909091	
0.000110327	0.219771	0.373897	0.244042	0.116615	0.0304501	0.00981906	0.00253751	0.00253751	0.000110327	0.000110327	
0.000363636	0.0123636	0.188364	0.376364	0.260364	0.112364	0.0443636	0.00436364	0.000363636	0.000363636	0.000363636	
0.000874126	0.000874126	0.0874126	0.222028	0.366259	0.173951	0.13549	0.0104895	0.000874126	0.000874126	0.000874126	
0.00252525	0.00252525	0.0580808	0.141414	0.280303	0.19697	0.0858586	0.169192	0.030303	0.030303	0.00252525	
0.00395257	0.00395257	0.00395257	0.177866	0.134387	0.177866	0.134387	0.177866	0.134387	0.0474308	0.00395257	
0.00649351	0.00649351	0.0779221	0.220779	0.363636	0.0779221	0.0779221	0.00649351	0.0779221	0.00649351	0.0779221	
0.0151515	0.0151515	0.0151515	0.0151515	0.0151515	0.348485	0.181818	0.348485	0.0151515	0.0151515	0.0151515	
0.0151515	0.0151515	0.0151515	0.0151515	0.181818	0.348485	0.181818	0.181818	0.0151515	0.0151515	0.0151515	
0.0909091	0.0909091	0.0909091	0.0909091	0.0909091	0.0909091	0.0909091	0.0909091	0.0909091	0.0909091	0.0909091	
0.0227273	0.0227273	0.0227273	0.272727	0.0227273	0.522727	0.0227273	0.0227273	0.0227273	0.0227273	0.0227273	


Vector Pi :

0.00149031	0.640835	0.230999	0.0670641	0.0178838	0.0178838	0.00149031	0.00149031	0.00149031	0.00149031	0.0178838	


Vector Phi :

0.00082713	0.649297	0.195203	0.082713	0.0289495	0.0181969	0.0115798	0.00496278	0.00496278	0.00082713	0.00248139	
