
Parameters: 11 states AND 11 symbols

Matrix A :

0.0909091	0.0909091	0.0909091	0.0909091	0.0909091	0.0909091	0.0909091	0.0909091	0.0909091	0.0909091	0.0909091	
0.000108354	0.944089	0.0525517	0.00130025	0.000108354	0.000108354	0.000108354	0.00130025	0.000108354	0.000108354	0.000108354	
0.00039185	0.185737	0.737461	0.0693574	0.00039185	0.00470219	0.00039185	0.00039185	0.00039185	0.00039185	0.00039185	
0.0013369	0.0307487	0.221925	0.648396	0.0748663	0.0160428	0.0013369	0.0013369	0.0013369	0.0013369	0.0013369	
0.0034965	0.041958	0.0034965	0.234266	0.58042	0.118881	0.0034965	0.0034965	0.0034965	0.0034965	0.0034965	
0.00534759	0.00534759	0.00534759	0.00534759	0.299465	0.534759	0.122995	0.00534759	0.00534759	0.00534759	0.00534759	
0.030303	0.030303	0.030303	0.030303	0.030303	0.69697	0.030303	0.030303	0.030303	0.030303	0.030303	
0.030303	0.030303	0.363636	0.030303	0.030303	0.030303	0.030303	0.030303	0.030303	0.363636	0.030303	
0.0454545	0.0454545	0.0454545	0.0454545	0.0454545	0.0454545	0.0454545	0.0454545	0.0454545	0.545455	0.0454545	
0.0181818	0.0181818	0.0181818	0.0181818	0.0181818	0.0181818	0.0181818	0.218182	0.218182	0.218182	0.218182	
0.0227273	0.0227273	0.0227273	0.0227273	0.0227273	0.0227273	0.0227273	0.0227273	0.0227273	0.272727	0.522727	


Matrix B :

0.0909091	0.0909091	0.0909091	0.0909091	0.0909091	0.0909091	0.0909091	0.0909091	0.0909091	0.0909091	0.0909091	
0.00123406	0.0634513	0.189017	0.253497	0.211641	0.129062	0.0770259	0.0476142	0.0204648	0.00236528	0.00462773	
0.000375657	0.000375657	0.0127724	0.128475	0.202855	0.1574	0.219384	0.153268	0.0540947	0.0499624	0.0210368	
0.0012987	0.0012987	0.0012987	0.0584416	0.115584	0.22987	0.215584	0.201299	0.101299	0.0727273	0.0012987	
0.003367	0.003367	0.003367	0.003367	0.151515	0.188552	0.373737	0.114478	0.0774411	0.0774411	0.003367	
0.00478469	0.00478469	0.00478469	0.00478469	0.110048	0.320574	0.320574	0.110048	0.110048	0.00478469	0.00478469	
0.030303	0.030303	0.030303	0.030303	0.030303	0.030303	0.363636	0.030303	0.363636	0.030303	0.030303	
0.030303	0.030303	0.030303	0.030303	0.030303	0.69697	0.030303	0.030303	0.030303	0.030303	0.030303	
0.0454545	0.0454545	0.0454545	0.0454545	0.0454545	0.0454545	0.0454545	0.545455	0.0454545	0.0454545	0.0454545	
0.0181818	0.0181818	0.0181818	0.0181818	0.0181818	0.0181818	0.218182	0.618182	0.0181818	0.0181818	0.0181818	
0.0227273	0.0227273	0.0227273	0.0227273	0.0227273	0.0227273	0.0227273	0.0227273	0.522727	0.272727	0.0227273	


Vector Pi :

0.00149031	0.739195	0.165425	0.0342772	0.0178838	0.0342772	0.00149031	0.00149031	0.00149031	0.00149031	0.00149031	


Vector Phi :

0.000833391	0.699159	0.193335	0.056669	0.0216686	0.0141679	0.00250023	0.00250012	0.0016668	0.00416701	0.00333364	
