
Parameters: 11 states AND 11 symbols

Matrix A :

0.090909	0.090909	0.090909	0.090909	0.090909	0.090909	0.090909	0.090909	0.090909	0.090909	0.090909	
0.000180	0.929033	0.047610	0.008085	0.006109	0.000180	0.006109	0.000180	0.000180	0.000180	0.002156	
0.001715	0.397942	0.284734	0.077187	0.096055	0.020583	0.039451	0.020583	0.039451	0.020583	0.001715	
0.005348	0.417112	0.240642	0.181818	0.064171	0.005348	0.064171	0.005348	0.005348	0.005348	0.005348	
0.007576	0.340909	0.257576	0.174242	0.090909	0.090909	0.007576	0.007576	0.007576	0.007576	0.007576	
0.030303	0.363636	0.363636	0.030303	0.030303	0.030303	0.030303	0.030303	0.030303	0.030303	0.030303	
0.012987	0.012987	0.298701	0.441558	0.155844	0.012987	0.012987	0.012987	0.012987	0.012987	0.012987	
0.030303	0.363636	0.363636	0.030303	0.030303	0.030303	0.030303	0.030303	0.030303	0.030303	0.030303	
0.030303	0.363636	0.363636	0.030303	0.030303	0.030303	0.030303	0.030303	0.030303	0.030303	0.030303	
0.045455	0.545455	0.045455	0.045455	0.045455	0.045455	0.045455	0.045455	0.045455	0.045455	0.045455	
0.045455	0.045455	0.045455	0.045455	0.045455	0.045455	0.045455	0.545455	0.045455	0.045455	0.045455	


Matrix B :

0.090909	0.090909	0.090909	0.090909	0.090909	0.090909	0.090909	0.090909	0.090909	0.090909	0.090909	
0.000171	0.275124	0.316555	0.207328	0.101866	0.028420	0.030303	0.022770	0.015237	0.002054	0.000171	
0.001623	0.019481	0.180195	0.287338	0.198052	0.126623	0.037338	0.073052	0.055195	0.001623	0.019481	
0.005348	0.005348	0.240642	0.181818	0.064171	0.064171	0.064171	0.181818	0.122995	0.005348	0.064171	
0.006993	0.006993	0.160839	0.160839	0.237762	0.237762	0.006993	0.083916	0.006993	0.006993	0.083916	
0.030303	0.030303	0.363636	0.030303	0.363636	0.030303	0.030303	0.030303	0.030303	0.030303	0.030303	
0.012987	0.012987	0.012987	0.155844	0.298701	0.012987	0.155844	0.012987	0.155844	0.012987	0.155844	
0.030303	0.030303	0.363636	0.030303	0.363636	0.030303	0.030303	0.030303	0.030303	0.030303	0.030303	
0.022727	0.022727	0.022727	0.022727	0.522727	0.022727	0.022727	0.022727	0.022727	0.272727	0.022727	
0.045455	0.045455	0.045455	0.045455	0.045455	0.545455	0.045455	0.045455	0.045455	0.045455	0.045455	
0.045455	0.045455	0.545455	0.045455	0.045455	0.045455	0.045455	0.045455	0.045455	0.045455	0.045455	


Vector Pi :

0.002933	0.777126	0.131965	0.002933	0.035191	0.002933	0.002933	0.002933	0.035191	0.002933	0.002933	


Vector Phi :

0.001618	0.834518	0.084545	0.027571	0.019406	0.004830	0.011378	0.004846	0.004808	0.003213	0.003267	
