
Parameters: 11 states AND 11 symbols

Matrix A :

0.090909	0.090909	0.090909	0.090909	0.090909	0.090909	0.090909	0.090909	0.090909	0.090909	0.090909	
0.000180	0.917176	0.049587	0.012037	0.006109	0.002156	0.002156	0.004132	0.002156	0.002156	0.002156	
0.001783	0.511586	0.256684	0.119430	0.001783	0.080214	0.001783	0.021390	0.001783	0.001783	0.001783	
0.004545	0.354545	0.304545	0.154545	0.054545	0.054545	0.054545	0.004545	0.004545	0.004545	0.004545	
0.010101	0.343434	0.343434	0.010101	0.010101	0.121212	0.121212	0.010101	0.010101	0.010101	0.010101	
0.011364	0.261364	0.136364	0.136364	0.386364	0.011364	0.011364	0.011364	0.011364	0.011364	0.011364	
0.022727	0.272727	0.272727	0.272727	0.022727	0.022727	0.022727	0.022727	0.022727	0.022727	0.022727	
0.022727	0.272727	0.272727	0.272727	0.022727	0.022727	0.022727	0.022727	0.022727	0.022727	0.022727	
0.045455	0.045455	0.045455	0.545455	0.045455	0.045455	0.045455	0.045455	0.045455	0.045455	0.045455	
0.045455	0.545455	0.045455	0.045455	0.045455	0.045455	0.045455	0.045455	0.045455	0.045455	0.045455	
0.045455	0.545455	0.045455	0.045455	0.045455	0.045455	0.045455	0.045455	0.045455	0.045455	0.045455	


Matrix B :

0.090909	0.090909	0.090909	0.090909	0.090909	0.090909	0.090909	0.090909	0.090909	0.090909	0.090909	
0.000171	0.250642	0.292073	0.205444	0.128231	0.052902	0.020887	0.026537	0.015237	0.002054	0.005821	
0.001715	0.077187	0.209262	0.190395	0.246998	0.171527	0.039451	0.039451	0.020583	0.001715	0.001715	
0.004329	0.051948	0.147186	0.242424	0.147186	0.194805	0.099567	0.099567	0.004329	0.004329	0.004329	
0.010101	0.010101	0.454545	0.010101	0.121212	0.121212	0.121212	0.121212	0.010101	0.010101	0.010101	
0.011364	0.011364	0.136364	0.136364	0.136364	0.261364	0.136364	0.136364	0.011364	0.011364	0.011364	
0.022727	0.022727	0.272727	0.022727	0.022727	0.272727	0.022727	0.022727	0.272727	0.022727	0.022727	
0.018182	0.018182	0.018182	0.018182	0.218182	0.418182	0.218182	0.018182	0.018182	0.018182	0.018182	
0.030303	0.030303	0.030303	0.030303	0.030303	0.696970	0.030303	0.030303	0.030303	0.030303	0.030303	
0.045455	0.045455	0.045455	0.545455	0.045455	0.045455	0.045455	0.045455	0.045455	0.045455	0.045455	
0.045455	0.045455	0.045455	0.045455	0.545455	0.045455	0.045455	0.045455	0.045455	0.045455	0.045455	


Vector Pi :

0.002933	0.777126	0.067449	0.035191	0.035191	0.002933	0.002933	0.035191	0.035191	0.002933	0.002933	


Vector Phi :

0.001604	0.834497	0.082883	0.032582	0.012991	0.012827	0.006326	0.006528	0.003254	0.003254	0.003254	
