
Parameters: 11 states AND 11 symbols

Matrix A :

0.090909	0.090909	0.090909	0.090909	0.090909	0.090909	0.090909	0.090909	0.090909	0.090909	0.090909	
0.000461	0.721274	0.239040	0.025842	0.005538	0.005538	0.000461	0.000461	0.000461	0.000461	0.000461	
0.000548	0.295728	0.512596	0.163198	0.012596	0.012596	0.000548	0.000548	0.000548	0.000548	0.000548	
0.000770	0.026194	0.221109	0.551618	0.170262	0.017720	0.009245	0.000770	0.000770	0.000770	0.000770	
0.001443	0.033189	0.064935	0.303030	0.398268	0.176046	0.001443	0.001443	0.017316	0.001443	0.001443	
0.001934	0.001934	0.044487	0.044487	0.257253	0.470019	0.150870	0.023211	0.001934	0.001934	0.001934	
0.005348	0.005348	0.005348	0.005348	0.064171	0.417112	0.358289	0.122995	0.005348	0.005348	0.005348	
0.012987	0.012987	0.012987	0.012987	0.155844	0.155844	0.155844	0.298701	0.012987	0.155844	0.012987	
0.022727	0.022727	0.022727	0.022727	0.022727	0.022727	0.022727	0.272727	0.272727	0.272727	0.022727	
0.012987	0.012987	0.012987	0.012987	0.012987	0.012987	0.155844	0.012987	0.012987	0.584416	0.155844	
0.030303	0.030303	0.030303	0.030303	0.030303	0.030303	0.030303	0.030303	0.363636	0.030303	0.363636	


Matrix B :

0.090909	0.090909	0.090909	0.090909	0.090909	0.090909	0.090909	0.090909	0.090909	0.090909	0.090909	
0.000448	0.512763	0.335423	0.103896	0.034931	0.005374	0.005374	0.000448	0.000448	0.000448	0.000448	
0.000525	0.064109	0.491855	0.306884	0.075670	0.046768	0.012086	0.000525	0.000525	0.000525	0.000525	
0.000722	0.000722	0.167388	0.246753	0.349928	0.175325	0.056277	0.000722	0.000722	0.000722	0.000722	
0.001377	0.001377	0.046832	0.137741	0.243802	0.319559	0.137741	0.061983	0.046832	0.001377	0.001377	
0.001894	0.001894	0.001894	0.085227	0.043561	0.272727	0.251894	0.231061	0.064394	0.043561	0.001894	
0.005348	0.005348	0.005348	0.064171	0.064171	0.005348	0.122995	0.475936	0.064171	0.122995	0.064171	
0.012987	0.012987	0.012987	0.012987	0.584416	0.155844	0.012987	0.012987	0.012987	0.155844	0.012987	
0.022727	0.022727	0.022727	0.022727	0.272727	0.022727	0.022727	0.272727	0.272727	0.022727	0.022727	
0.155844	0.012987	0.012987	0.012987	0.012987	0.012987	0.298701	0.155844	0.012987	0.155844	0.155844	
0.030303	0.030303	0.030303	0.030303	0.030303	0.030303	0.030303	0.030303	0.363636	0.363636	0.030303	


Vector Pi :

0.003497	0.234266	0.311189	0.272727	0.118881	0.041958	0.003497	0.003497	0.003497	0.003497	0.003497	


Vector Phi :

0.001596	0.310142	0.260649	0.190496	0.101130	0.075203	0.027213	0.011196	0.006398	0.011188	0.004791	
