
Parameters: 11 states AND 11 symbols

Matrix A :

0.0909091	0.0909091	0.0909091	0.0909091	0.0909091	0.0909091	0.0909091	0.0909091	0.0909091	0.0909091	0.0909091	
9.68148e-05	0.952173	0.0426953	0.00116178	0.00222674	9.68148e-05	9.68148e-05	9.68148e-05	9.68148e-05	0.00116178	9.68148e-05	
0.000594177	0.275104	0.595365	0.111705	0.000594177	0.00713012	0.000594177	0.00713012	0.000594177	0.000594177	0.000594177	
0.0021645	0.0021645	0.359307	0.406926	0.192641	0.025974	0.0021645	0.0021645	0.0021645	0.0021645	0.0021645	
0.00324675	0.038961	0.146104	0.181818	0.431818	0.11039	0.038961	0.038961	0.00324675	0.00324675	0.00324675	
0.010101	0.010101	0.121212	0.010101	0.232323	0.121212	0.343434	0.121212	0.010101	0.010101	0.010101	
0.00909091	0.00909091	0.109091	0.00909091	0.109091	0.209091	0.309091	0.209091	0.00909091	0.00909091	0.00909091	
0.0113636	0.0113636	0.0113636	0.136364	0.0113636	0.0113636	0.136364	0.136364	0.386364	0.136364	0.0113636	
0.0151515	0.0151515	0.0151515	0.0151515	0.348485	0.0151515	0.0151515	0.181818	0.0151515	0.348485	0.0151515	
0.0227273	0.0227273	0.0227273	0.0227273	0.0227273	0.0227273	0.0227273	0.0227273	0.522727	0.0227273	0.272727	
0.0181818	0.0181818	0.0181818	0.0181818	0.0181818	0.0181818	0.218182	0.0181818	0.0181818	0.0181818	0.618182	


Matrix B :

0.0909091	0.0909091	0.0909091	0.0909091	0.0909091	0.0909091	0.0909091	0.0909091	0.0909091	0.0909091	0.0909091	
9.18274e-05	0.231405	0.311203	0.210193	0.123324	0.0728191	0.0344353	0.0101928	0.00312213	9.18274e-05	0.00312213	
0.000571755	0.0131504	0.10749	0.252144	0.239565	0.20183	0.0760435	0.0634648	0.0445969	0.000571755	0.000571755	
0.00211416	0.02537	0.0951374	0.211416	0.327696	0.118393	0.02537	0.0951374	0.02537	0.0486258	0.02537	
0.00324675	0.00324675	0.146104	0.11039	0.217532	0.0746753	0.11039	0.00324675	0.217532	0.0746753	0.038961	
0.010101	0.010101	0.010101	0.121212	0.121212	0.565657	0.010101	0.010101	0.010101	0.121212	0.010101	
0.00909091	0.00909091	0.00909091	0.209091	0.109091	0.109091	0.209091	0.109091	0.00909091	0.109091	0.109091	
0.0113636	0.0113636	0.0113636	0.136364	0.0113636	0.136364	0.136364	0.136364	0.136364	0.136364	0.136364	
0.012987	0.012987	0.012987	0.012987	0.584416	0.155844	0.012987	0.012987	0.012987	0.012987	0.155844	
0.0181818	0.0181818	0.0181818	0.0181818	0.218182	0.218182	0.418182	0.0181818	0.0181818	0.0181818	0.0181818	
0.0181818	0.0181818	0.0181818	0.0181818	0.0181818	0.0181818	0.218182	0.0181818	0.218182	0.418182	0.0181818	


Vector Pi :

0.00149031	0.853949	0.099851	0.0178838	0.00149031	0.00149031	0.00149031	0.00149031	0.0178838	0.00149031	0.00149031	


Vector Phi :

0.000931066	0.770486	0.127916	0.0357329	0.0246147	0.00797782	0.00918101	0.00727648	0.00598841	0.0046573	0.0052385	
