
Parameters: 11 states AND 11 symbols

Matrix A :

0.0909091	0.0909091	0.0909091	0.0909091	0.0909091	0.0909091	0.0909091	0.0909091	0.0909091	0.0909091	0.0909091	
9.78569e-05	0.951659	0.0453078	0.00117428	9.78569e-05	9.78569e-05	9.78569e-05	9.78569e-05	9.78569e-05	0.00117428	9.78569e-05	
0.000550964	0.261157	0.606612	0.127824	0.000550964	0.000550964	0.000550964	0.000550964	0.000550964	0.000550964	0.000550964	
0.00135685	0.0162822	0.299864	0.553596	0.12076	0.00135685	0.00135685	0.00135685	0.00135685	0.00135685	0.00135685	
0.00395257	0.00395257	0.0474308	0.3083	0.438735	0.177866	0.00395257	0.00395257	0.00395257	0.00395257	0.00395257	
0.00909091	0.00909091	0.00909091	0.00909091	0.409091	0.509091	0.00909091	0.00909091	0.00909091	0.00909091	0.00909091	
0.0909091	0.0909091	0.0909091	0.0909091	0.0909091	0.0909091	0.0909091	0.0909091	0.0909091	0.0909091	0.0909091	
0.0909091	0.0909091	0.0909091	0.0909091	0.0909091	0.0909091	0.0909091	0.0909091	0.0909091	0.0909091	0.0909091	
0.0909091	0.0909091	0.0909091	0.0909091	0.0909091	0.0909091	0.0909091	0.0909091	0.0909091	0.0909091	0.0909091	
0.0454545	0.0454545	0.0454545	0.0454545	0.0454545	0.0454545	0.0454545	0.0454545	0.0454545	0.0454545	0.545455	
0.0181818	0.0181818	0.218182	0.0181818	0.0181818	0.0181818	0.0181818	0.0181818	0.0181818	0.0181818	0.618182	


Matrix B :

0.0909091	0.0909091	0.0909091	0.0909091	0.0909091	0.0909091	0.0909091	0.0909091	0.0909091	0.0909091	0.0909091	
9.33358e-05	0.487773	0.339929	0.12535	0.0360276	0.00728019	9.33358e-05	0.00112003	0.00112003	0.00112003	9.33358e-05	
0.000522466	0.0177638	0.431557	0.333856	0.172936	0.023511	0.00626959	0.000522466	0.000522466	0.000522466	0.0120167	
0.00126263	0.00126263	0.167929	0.570707	0.251263	0.00126263	0.00126263	0.00126263	0.00126263	0.00126263	0.00126263	
0.00378788	0.00378788	0.0871212	0.295455	0.420455	0.170455	0.00378788	0.00378788	0.00378788	0.00378788	0.00378788	
0.00909091	0.00909091	0.00909091	0.00909091	0.209091	0.709091	0.00909091	0.00909091	0.00909091	0.00909091	0.00909091	
0.0909091	0.0909091	0.0909091	0.0909091	0.0909091	0.0909091	0.0909091	0.0909091	0.0909091	0.0909091	0.0909091	
0.0909091	0.0909091	0.0909091	0.0909091	0.0909091	0.0909091	0.0909091	0.0909091	0.0909091	0.0909091	0.0909091	
0.0909091	0.0909091	0.0909091	0.0909091	0.0909091	0.0909091	0.0909091	0.0909091	0.0909091	0.0909091	0.0909091	
0.0454545	0.0454545	0.0454545	0.0454545	0.0454545	0.545455	0.0454545	0.0454545	0.0454545	0.0454545	0.0454545	
0.0181818	0.0181818	0.0181818	0.0181818	0.418182	0.418182	0.0181818	0.0181818	0.0181818	0.0181818	0.0181818	


Vector Pi :

0.00149031	0.739195	0.149031	0.0834575	0.0178838	0.00149031	0.00149031	0.00149031	0.00149031	0.00149031	0.00149031	


Vector Phi :

0.000829879	0.770954	0.13693	0.0556018	0.0190872	0.00829881	0.000829879	0.000829879	0.000829879	0.00165975	0.00414939	
