
Parameters: 11 states AND 11 symbols

Matrix A :

0.0454545	0.0454545	0.0454545	0.0454545	0.0454545	0.0454545	0.0454545	0.0454545	0.0454545	0.0454545	0.545455	
0.000316756	0.759899	0.237251	0.000316756	0.000316756	0.000316756	0.000316756	0.000316756	0.000316756	0.000316756	0.000316756	
0.000280584	0.203984	0.617565	0.17312	0.003367	0.000280584	0.000280584	0.000280584	0.000280584	0.000280584	0.000280584	
0.00045683	0.0105071	0.261763	0.54317	0.176336	0.00548196	0.00045683	0.00045683	0.00045683	0.00045683	0.00045683	
0.000594177	0.000594177	0.020202	0.203209	0.569222	0.190137	0.0136661	0.000594177	0.000594177	0.000594177	0.000594177	
0.000956938	0.000956938	0.000956938	0.0325359	0.285167	0.527273	0.148325	0.000956938	0.000956938	0.000956938	0.000956938	
0.00146628	0.00146628	0.00146628	0.00146628	0.0337243	0.211144	0.533724	0.195015	0.0175953	0.00146628	0.00146628	
0.0025974	0.0025974	0.0025974	0.0025974	0.0025974	0.0311688	0.345455	0.374026	0.231169	0.0025974	0.0025974	
0.00324675	0.00324675	0.00324675	0.00324675	0.00324675	0.00324675	0.00324675	0.324675	0.538961	0.11039	0.00324675	
0.0113636	0.0113636	0.0113636	0.0113636	0.0113636	0.0113636	0.0113636	0.0113636	0.386364	0.261364	0.261364	
0.155844	0.012987	0.012987	0.012987	0.012987	0.012987	0.012987	0.012987	0.012987	0.298701	0.441558	


Matrix B :

0.0454545	0.0454545	0.0454545	0.0454545	0.0454545	0.545455	0.0454545	0.0454545	0.0454545	0.0454545	0.0454545	
0.00031027	0.242631	0.25287	0.16072	0.140242	0.0788086	0.027614	0.0412659	0.03444	0.0173751	0.00372324	
0.00025974	0.248831	0.263117	0.20026	0.131688	0.085974	0.0374026	0.0116883	0.00597403	0.00597403	0.00883117	
0.000434972	0.0913441	0.340148	0.206177	0.15833	0.134406	0.0626359	0.00521966	0.000434972	0.000434972	0.000434972	
0.000564653	0.000564653	0.323546	0.211745	0.199322	0.130999	0.0750988	0.0502541	0.00677583	0.000564653	0.000564653	
0.000937207	0.000937207	0.196813	0.361762	0.124649	0.176195	0.0937207	0.0215558	0.0215558	0.000937207	0.000937207	
0.0013986	0.0013986	0.0167832	0.370629	0.247552	0.170629	0.0937063	0.0475524	0.0475524	0.0013986	0.0013986	
0.002457	0.002457	0.002457	0.326781	0.353808	0.137592	0.0565111	0.0565111	0.0565111	0.002457	0.002457	
0.0030303	0.0030303	0.0030303	0.336364	0.40303	0.136364	0.069697	0.0030303	0.0363636	0.0030303	0.0030303	
0.0113636	0.0113636	0.0113636	0.0113636	0.386364	0.261364	0.261364	0.0113636	0.0113636	0.0113636	0.0113636	
0.0113636	0.0113636	0.0113636	0.0113636	0.386364	0.511364	0.0113636	0.0113636	0.0113636	0.0113636	0.0113636	


Vector Pi :

0.00149031	0.099851	0.42772	0.165425	0.132638	0.0342772	0.0506706	0.0342772	0.0342772	0.00149031	0.0178838	


Vector Phi :

0.00167224	0.238828	0.269706	0.16577	0.127597	0.0793091	0.0518316	0.0292895	0.0234432	0.00669648	0.00585716	
