
Parameters: 11 states AND 11 symbols

Matrix A :

0.0909091	0.0909091	0.0909091	0.0909091	0.0909091	0.0909091	0.0909091	0.0909091	0.0909091	0.0909091	0.0909091	
0.00013488	0.881441	0.0995414	0.00755328	0.00458592	0.00310224	0.00013488	0.00161856	0.00161856	0.00013488	0.00013488	
0.000393546	0.286108	0.53719	0.134593	0.0263676	0.00472255	0.00905155	0.000393546	0.000393546	0.000393546	0.000393546	
0.000891266	0.0891266	0.304813	0.324421	0.236185	0.030303	0.0106952	0.000891266	0.000891266	0.000891266	0.000891266	
0.00109529	0.0372399	0.0733844	0.266156	0.422782	0.109529	0.0613363	0.0251917	0.00109529	0.00109529	0.00109529	
0.00284091	0.0340909	0.00284091	0.127841	0.284091	0.252841	0.190341	0.0653409	0.0340909	0.00284091	0.00284091	
0.0025974	0.0025974	0.0311688	0.116883	0.116883	0.202597	0.288312	0.174026	0.0597403	0.0025974	0.0025974	
0.004329	0.004329	0.004329	0.0995671	0.004329	0.0519481	0.385281	0.337662	0.0519481	0.004329	0.0519481	
0.0113636	0.0113636	0.0113636	0.0113636	0.0113636	0.0113636	0.0113636	0.0113636	0.261364	0.511364	0.136364	
0.00757576	0.00757576	0.0909091	0.00757576	0.00757576	0.00757576	0.174242	0.174242	0.00757576	0.507576	0.00757576	
0.0151515	0.0151515	0.0151515	0.0151515	0.181818	0.0151515	0.0151515	0.0151515	0.0151515	0.181818	0.515152	


Matrix B :

0.0909091	0.0909091	0.0909091	0.0909091	0.0909091	0.0909091	0.0909091	0.0909091	0.0909091	0.0909091	0.0909091	
0.000128584	0.311303	0.332519	0.188247	0.100553	0.031246	0.0255883	0.00578629	0.00437187	0.000128584	0.000128584	
0.000375657	0.0788881	0.289632	0.314425	0.173929	0.0995492	0.0293013	0.0127724	0.000375657	0.000375657	0.000375657	
0.000865801	0.038961	0.191342	0.324675	0.219913	0.0770563	0.0770563	0.038961	0.0199134	0.0103896	0.000865801	
0.00102145	0.0347293	0.135853	0.169561	0.248212	0.214505	0.0234934	0.0684372	0.00102145	0.0234934	0.0796731	
0.0026738	0.0026738	0.0614973	0.26738	0.355615	0.120321	0.0909091	0.0320856	0.0614973	0.0026738	0.0026738	
0.00252525	0.0580808	0.0580808	0.19697	0.363636	0.0858586	0.0858586	0.0858586	0.030303	0.00252525	0.030303	
0.00378788	0.00378788	0.128788	0.253788	0.295455	0.170455	0.0454545	0.00378788	0.00378788	0.0454545	0.0454545	
0.0113636	0.0113636	0.261364	0.636364	0.0113636	0.0113636	0.0113636	0.0113636	0.0113636	0.0113636	0.0113636	
0.00757576	0.00757576	0.174242	0.424242	0.340909	0.00757576	0.00757576	0.00757576	0.00757576	0.00757576	0.00757576	
0.012987	0.012987	0.012987	0.584416	0.298701	0.012987	0.012987	0.012987	0.012987	0.012987	0.012987	


Vector Pi :

0.00149031	0.542474	0.181818	0.0506706	0.099851	0.0342772	0.0178838	0.0506706	0.00149031	0.00149031	0.0178838	


Vector Phi :

0.000829876	0.559336	0.191701	0.0846473	0.0688797	0.026556	0.0290457	0.0174274	0.00663901	0.00995851	0.00497926	
