
Parameters: 11 states AND 11 symbols

Matrix A :

0.090909	0.090909	0.090909	0.090909	0.090909	0.090909	0.090909	0.090909	0.090909	0.090909	0.090909	
0.000525	0.780872	0.191277	0.023647	0.000525	0.000525	0.000525	0.000525	0.000525	0.000525	0.000525	
0.000689	0.250689	0.500689	0.220386	0.015840	0.008264	0.000689	0.000689	0.000689	0.000689	0.000689	
0.000791	0.035573	0.261660	0.505138	0.183399	0.009486	0.000791	0.000791	0.000791	0.000791	0.000791	
0.001136	0.001136	0.026136	0.251136	0.476136	0.238636	0.001136	0.001136	0.001136	0.001136	0.001136	
0.001337	0.001337	0.001337	0.030749	0.266043	0.516043	0.163102	0.016043	0.001337	0.001337	0.001337	
0.003030	0.003030	0.003030	0.003030	0.003030	0.369697	0.469697	0.103030	0.036364	0.003030	0.003030	
0.006993	0.006993	0.006993	0.083916	0.006993	0.083916	0.314685	0.391608	0.006993	0.083916	0.006993	
0.030303	0.030303	0.030303	0.030303	0.030303	0.030303	0.030303	0.030303	0.363636	0.363636	0.030303	
0.022727	0.022727	0.022727	0.022727	0.022727	0.022727	0.022727	0.272727	0.022727	0.022727	0.522727	
0.015152	0.015152	0.015152	0.015152	0.015152	0.015152	0.015152	0.181818	0.015152	0.181818	0.515152	


Matrix B :

0.090909	0.090909	0.090909	0.090909	0.090909	0.090909	0.090909	0.090909	0.090909	0.090909	0.090909	
0.000500	0.582917	0.385115	0.027972	0.000500	0.000500	0.000500	0.000500	0.000500	0.000500	0.000500	
0.000678	0.075305	0.687246	0.202171	0.030529	0.000678	0.000678	0.000678	0.000678	0.000678	0.000678	
0.000751	0.000751	0.273479	0.604057	0.116454	0.000751	0.000751	0.000751	0.000751	0.000751	0.000751	
0.001109	0.001109	0.001109	0.488914	0.452328	0.049889	0.001109	0.001109	0.001109	0.001109	0.001109	
0.001245	0.001245	0.001245	0.014944	0.603985	0.357410	0.014944	0.001245	0.001245	0.001245	0.001245	
0.002933	0.002933	0.002933	0.002933	0.002933	0.744868	0.196481	0.035191	0.002933	0.002933	0.002933	
0.006993	0.006993	0.006993	0.006993	0.006993	0.237762	0.622378	0.083916	0.006993	0.006993	0.006993	
0.030303	0.030303	0.030303	0.030303	0.030303	0.030303	0.030303	0.030303	0.363636	0.363636	0.030303	
0.022727	0.022727	0.022727	0.022727	0.022727	0.022727	0.022727	0.022727	0.522727	0.272727	0.022727	
0.015152	0.015152	0.015152	0.015152	0.015152	0.015152	0.015152	0.015152	0.015152	0.348485	0.515152	


Vector Pi :

0.003497	0.349650	0.080420	0.234266	0.080420	0.157343	0.041958	0.041958	0.003497	0.003497	0.003497	


Vector Phi :

0.001558	0.277063	0.211536	0.184477	0.129429	0.111446	0.046953	0.017732	0.004684	0.006003	0.009118	
