
Parameters: 11 states AND 11 symbols

Matrix A :

0.0454545	0.0454545	0.0454545	0.0454545	0.0454545	0.0454545	0.0454545	0.0454545	0.0454545	0.0454545	0.545455	
0.000158378	0.88866	0.102946	0.00712702	0.000158378	0.000158378	0.000158378	0.000158378	0.000158378	0.000158378	0.000158378	
0.000294204	0.194469	0.70256	0.0779641	0.0100029	0.0067667	0.0067667	0.000294204	0.000294204	0.000294204	0.000294204	
0.000699301	0.00839161	0.216084	0.646853	0.093007	0.0237762	0.000699301	0.000699301	0.000699301	0.00839161	0.000699301	
0.00171527	0.0394511	0.058319	0.284734	0.41681	0.171527	0.0205832	0.00171527	0.00171527	0.00171527	0.00171527	
0.0020202	0.0020202	0.0242424	0.0242424	0.290909	0.446465	0.179798	0.0242424	0.0020202	0.0020202	0.0020202	
0.003367	0.003367	0.003367	0.003367	0.040404	0.299663	0.447811	0.114478	0.040404	0.040404	0.003367	
0.00757576	0.00757576	0.00757576	0.00757576	0.0909091	0.174242	0.257576	0.174242	0.257576	0.00757576	0.00757576	
0.00699301	0.00699301	0.00699301	0.00699301	0.00699301	0.00699301	0.00699301	0.391608	0.314685	0.237762	0.00699301	
0.0606061	0.00505051	0.00505051	0.00505051	0.00505051	0.00505051	0.00505051	0.00505051	0.227273	0.505051	0.171717	
0.00534759	0.00534759	0.00534759	0.0641711	0.00534759	0.00534759	0.00534759	0.00534759	0.00534759	0.181818	0.71123	


Matrix B :

0.0454545	0.0454545	0.0454545	0.0454545	0.545455	0.0454545	0.0454545	0.0454545	0.0454545	0.0454545	0.0454545	
0.000150263	0.317506	0.410068	0.173704	0.0546957	0.0249437	0.0183321	0.000150263	0.000150263	0.000150263	0.000150263	
0.000281452	0.00956938	0.319167	0.319167	0.220096	0.105545	0.0188573	0.0064734	0.000281452	0.000281452	0.000281452	
0.000668449	0.00802139	0.0447861	0.206551	0.316845	0.28008	0.125668	0.0153743	0.000668449	0.000668449	0.000668449	
0.00165289	0.00165289	0.0198347	0.183471	0.401653	0.165289	0.183471	0.0380165	0.00165289	0.00165289	0.00165289	
0.00189394	0.0227273	0.00189394	0.168561	0.189394	0.231061	0.293561	0.0852273	0.00189394	0.00189394	0.00189394	
0.0031348	0.0031348	0.0031348	0.0031348	0.106583	0.244514	0.485893	0.141066	0.0031348	0.0031348	0.0031348	
0.00699301	0.00699301	0.0839161	0.160839	0.0839161	0.314685	0.160839	0.0839161	0.0839161	0.00699301	0.00699301	
0.00699301	0.00699301	0.00699301	0.0839161	0.00699301	0.314685	0.160839	0.237762	0.160839	0.00699301	0.00699301	
0.00478469	0.00478469	0.00478469	0.110048	0.00478469	0.110048	0.162679	0.162679	0.215311	0.110048	0.110048	
0.00534759	0.00534759	0.00534759	0.00534759	0.00534759	0.0641711	0.181818	0.358289	0.0641711	0.122995	0.181818	


Vector Pi :

0.00149031	0.509687	0.230999	0.099851	0.0342772	0.0506706	0.0342772	0.0178838	0.00149031	0.0178838	0.00149031	


Vector Phi :

0.0016697	0.478142	0.257456	0.108363	0.0441985	0.037536	0.0225252	0.0100173	0.0108553	0.0150327	0.0142036	
