
Parameters: 11 states AND 11 symbols

Matrix A :

0.0909091	0.0909091	0.0909091	0.0909091	0.0909091	0.0909091	0.0909091	0.0909091	0.0909091	0.0909091	0.0909091	
0.00014453	0.884087	0.105073	0.00809366	0.00173435	0.00014453	0.00014453	0.00014453	0.00014453	0.00014453	0.00014453	
0.000264271	0.189218	0.721195	0.0816596	0.00317125	0.00317125	0.000264271	0.000264271	0.000264271	0.000264271	0.000264271	
0.000819001	0.0548731	0.235053	0.559378	0.117936	0.018837	0.00982801	0.000819001	0.000819001	0.000819001	0.000819001	
0.002457	0.002457	0.0565111	0.2457	0.461916	0.137592	0.002457	0.002457	0.029484	0.0565111	0.002457	
0.004329	0.004329	0.004329	0.194805	0.194805	0.385281	0.194805	0.004329	0.004329	0.004329	0.004329	
0.00649351	0.00649351	0.0779221	0.0779221	0.00649351	0.220779	0.292208	0.292208	0.00649351	0.00649351	0.00649351	
0.00826446	0.0991736	0.00826446	0.00826446	0.00826446	0.00826446	0.280992	0.280992	0.190083	0.0991736	0.00826446	
0.0113636	0.0113636	0.0113636	0.136364	0.0113636	0.136364	0.0113636	0.261364	0.0113636	0.386364	0.0113636	
0.00699301	0.00699301	0.00699301	0.00699301	0.00699301	0.00699301	0.0839161	0.0839161	0.237762	0.314685	0.237762	
0.00826446	0.00826446	0.00826446	0.00826446	0.00826446	0.00826446	0.00826446	0.00826446	0.0991736	0.190083	0.644628	


Matrix B :

0.0909091	0.0909091	0.0909091	0.0909091	0.0909091	0.0909091	0.0909091	0.0909091	0.0909091	0.0909091	0.0909091	
0.000137533	0.217989	0.323889	0.225554	0.133269	0.0697291	0.0243433	0.00467611	0.000137533	0.000137533	0.000137533	
0.000251826	0.00856208	0.155376	0.332662	0.238479	0.130446	0.0805842	0.0334928	0.0168723	0.00302191	0.000251826	
0.000777001	0.000777001	0.111888	0.282828	0.282828	0.171717	0.0606061	0.0606061	0.017871	0.000777001	0.00932401	
0.00227273	0.00227273	0.0272727	0.127273	0.327273	0.202273	0.177273	0.00227273	0.00227273	0.127273	0.00227273	
0.004329	0.004329	0.004329	0.147186	0.194805	0.337662	0.290043	0.004329	0.004329	0.004329	0.004329	
0.00606061	0.00606061	0.00606061	0.00606061	0.406061	0.206061	0.272727	0.00606061	0.00606061	0.00606061	0.0727273	
0.00757576	0.00757576	0.00757576	0.0909091	0.257576	0.0909091	0.00757576	0.0909091	0.0909091	0.257576	0.0909091	
0.0113636	0.0113636	0.0113636	0.261364	0.261364	0.0113636	0.136364	0.136364	0.136364	0.0113636	0.0113636	
0.00699301	0.00699301	0.00699301	0.00699301	0.0839161	0.237762	0.160839	0.237762	0.0839161	0.0839161	0.0839161	
0.00826446	0.00826446	0.00826446	0.00826446	0.00826446	0.190083	0.00826446	0.0991736	0.280992	0.0991736	0.280992	


Vector Pi :

0.00149031	0.52608	0.280179	0.099851	0.0506706	0.00149031	0.0178838	0.0178838	0.00149031	0.00149031	0.00149031	


Vector Phi :

0.000833382	0.524161	0.286665	0.0925011	0.030834	0.0175008	0.0116675	0.00916748	0.00666726	0.0108343	0.00916771	
