
Parameters: 11 states AND 11 symbols

Matrix A :

0.0909091	0.0909091	0.0909091	0.0909091	0.0909091	0.0909091	0.0909091	0.0909091	0.0909091	0.0909091	0.0909091	
0.00030303	0.770303	0.190303	0.0269697	0.00363636	0.00363636	0.00363636	0.00030303	0.00030303	0.00030303	0.00030303	
0.000393546	0.251476	0.554506	0.134593	0.0263676	0.0177096	0.00472255	0.00472255	0.000393546	0.000393546	0.00472255	
0.000602047	0.0337146	0.225768	0.457556	0.219145	0.0403371	0.00722456	0.000602047	0.000602047	0.000602047	0.0138471	
0.000751315	0.00901578	0.0420736	0.314801	0.380917	0.190834	0.0255447	0.0172802	0.00901578	0.000751315	0.00901578	
0.000874126	0.0104895	0.0393357	0.0297203	0.241259	0.414336	0.125874	0.0681818	0.0393357	0.0104895	0.0201049	
0.00162338	0.0373377	0.0194805	0.00162338	0.108766	0.287338	0.323052	0.108766	0.0909091	0.0194805	0.00162338	
0.00149031	0.0178838	0.00149031	0.00149031	0.0178838	0.099851	0.247392	0.42772	0.116244	0.0342772	0.0342772	
0.00149031	0.0178838	0.0178838	0.00149031	0.0178838	0.0342772	0.0342772	0.263785	0.42772	0.149031	0.0342772	
0.00185529	0.00185529	0.00185529	0.00185529	0.00185529	0.0426716	0.00185529	0.0222635	0.267161	0.430427	0.226345	
0.0013986	0.0013986	0.0013986	0.0013986	0.0167832	0.0013986	0.0167832	0.0167832	0.0629371	0.216783	0.662937	


Matrix B :

0.0909091	0.0909091	0.0909091	0.0909091	0.0909091	0.0909091	0.0909091	0.0909091	0.0909091	0.0909091	0.0909091	
0.000289519	0.634047	0.302837	0.0512449	0.00984366	0.000289519	0.000289519	0.000289519	0.000289519	0.000289519	0.000289519	
0.000371058	0.437106	0.49833	0.0575139	0.00445269	0.000371058	0.000371058	0.000371058	0.000371058	0.000371058	0.000371058	
0.000582751	0.269814	0.506993	0.19289	0.0134033	0.0134033	0.000582751	0.000582751	0.000582751	0.000582751	0.000582751	
0.000721501	0.143579	0.461039	0.349928	0.0324675	0.00865801	0.000721501	0.000721501	0.000721501	0.000721501	0.000721501	
0.000841751	0.0934343	0.380471	0.352694	0.130471	0.0378788	0.000841751	0.000841751	0.000841751	0.000841751	0.000841751	
0.00151515	0.0348485	0.418182	0.351515	0.134848	0.0181818	0.0348485	0.00151515	0.00151515	0.00151515	0.00151515	
0.00142045	0.0326705	0.18892	0.53267	0.204545	0.00142045	0.0326705	0.00142045	0.00142045	0.00142045	0.00142045	
0.0013986	0.0475524	0.186014	0.447552	0.278322	0.0321678	0.0013986	0.0013986	0.0013986	0.0013986	0.0013986	
0.00178253	0.0409982	0.178253	0.491979	0.217469	0.0606061	0.00178253	0.00178253	0.00178253	0.00178253	0.00178253	
0.0012987	0.0012987	0.201299	0.387013	0.087013	0.0584416	0.0298701	0.0584416	0.101299	0.0012987	0.0727273	


Vector Pi :

0.00149031	0.214605	0.230999	0.099851	0.0834575	0.0670641	0.0670641	0.0506706	0.0670641	0.0342772	0.0834575	


Vector Phi :

0.000830031	0.253943	0.193161	0.124128	0.0999842	0.0860975	0.0464008	0.0505316	0.0505223	0.0405818	0.05382	
