
Parameters: 11 states AND 11 symbols

Matrix A :

0.0909091	0.0909091	0.0909091	0.0909091	0.0909091	0.0909091	0.0909091	0.0909091	0.0909091	0.0909091	0.0909091	
0.00020429	0.820429	0.175485	0.00245148	0.00020429	0.00020429	0.00020429	0.00020429	0.00020429	0.00020429	0.00020429	
0.000235516	0.202308	0.653085	0.140132	0.00282619	0.000235516	0.000235516	0.000235516	0.000235516	0.000235516	0.000235516	
0.000398724	0.000398724	0.241627	0.658293	0.09689	0.000398724	0.000398724	0.000398724	0.000398724	0.000398724	0.000398724	
0.0013986	0.0013986	0.0167832	0.324476	0.509091	0.13986	0.0013986	0.0013986	0.0013986	0.0013986	0.0013986	
0.00284091	0.00284091	0.00284091	0.0340909	0.221591	0.565341	0.127841	0.0340909	0.00284091	0.00284091	0.00284091	
0.00649351	0.00649351	0.00649351	0.00649351	0.0779221	0.292208	0.363636	0.220779	0.00649351	0.00649351	0.00649351	
0.00826446	0.00826446	0.00826446	0.00826446	0.00826446	0.00826446	0.371901	0.280992	0.280992	0.00826446	0.00826446	
0.0113636	0.0113636	0.0113636	0.0113636	0.0113636	0.0113636	0.0113636	0.386364	0.261364	0.261364	0.0113636	
0.0181818	0.0181818	0.0181818	0.0181818	0.0181818	0.0181818	0.0181818	0.0181818	0.418182	0.218182	0.218182	
0.0181818	0.0181818	0.0181818	0.0181818	0.0181818	0.0181818	0.0181818	0.0181818	0.0181818	0.218182	0.618182	


Matrix B :

0.0909091	0.0909091	0.0909091	0.0909091	0.0909091	0.0909091	0.0909091	0.0909091	0.0909091	0.0909091	0.0909091	
0.000195925	0.198472	0.304075	0.23942	0.142437	0.0605408	0.0303683	0.0217476	0.0023511	0.000195925	0.000195925	
0.000222816	0.0124777	0.382576	0.264929	0.137478	0.0909091	0.0541444	0.0320856	0.0124777	0.00757576	0.00512478	
0.000377216	0.000377216	0.041871	0.452659	0.216145	0.133157	0.0792154	0.0501697	0.0252735	0.000377216	0.000377216	
0.0013369	0.0013369	0.0013369	0.0160428	0.457219	0.236631	0.177807	0.0748663	0.0307487	0.0013369	0.0013369	
0.00284091	0.00284091	0.00284091	0.00284091	0.127841	0.534091	0.0340909	0.159091	0.127841	0.00284091	0.00284091	
0.00568182	0.00568182	0.00568182	0.00568182	0.00568182	0.00568182	0.818182	0.0681818	0.0681818	0.00568182	0.00568182	
0.00826446	0.00826446	0.00826446	0.00826446	0.00826446	0.00826446	0.371901	0.46281	0.00826446	0.00826446	0.0991736	
0.0113636	0.0113636	0.0113636	0.0113636	0.0113636	0.0113636	0.0113636	0.386364	0.386364	0.0113636	0.136364	
0.0181818	0.0181818	0.0181818	0.0181818	0.0181818	0.0181818	0.0181818	0.0181818	0.418182	0.218182	0.218182	
0.0151515	0.0151515	0.0151515	0.0151515	0.0151515	0.0151515	0.0151515	0.0151515	0.0151515	0.681818	0.181818	


Vector Pi :

0.00149031	0.329359	0.345753	0.214605	0.0506706	0.00149031	0.0342772	0.00149031	0.00149031	0.00149031	0.0178838	


Vector Phi :

0.00083579	0.367931	0.323212	0.19086	0.0544083	0.0267822	0.0117144	0.00920272	0.00669153	0.0041814	0.00418085	
