
Parameters: 11 states AND 11 symbols

Matrix A :

0.090909	0.090909	0.090909	0.090909	0.090909	0.090909	0.090909	0.090909	0.090909	0.090909	0.090909	
0.000200	0.918702	0.068482	0.011213	0.000200	0.000200	0.000200	0.000200	0.000200	0.000200	0.000200	
0.000978	0.323558	0.527859	0.097752	0.033236	0.011730	0.000978	0.000978	0.000978	0.000978	0.000978	
0.003030	0.136364	0.236364	0.303030	0.236364	0.003030	0.036364	0.036364	0.003030	0.003030	0.003030	
0.004545	0.004545	0.154545	0.254545	0.304545	0.004545	0.204545	0.054545	0.004545	0.004545	0.004545	
0.015152	0.015152	0.181818	0.181818	0.181818	0.181818	0.015152	0.181818	0.015152	0.015152	0.015152	
0.011364	0.011364	0.011364	0.011364	0.136364	0.261364	0.136364	0.261364	0.011364	0.011364	0.136364	
0.009091	0.009091	0.109091	0.009091	0.109091	0.109091	0.109091	0.309091	0.109091	0.109091	0.009091	
0.030303	0.363636	0.030303	0.030303	0.030303	0.030303	0.030303	0.363636	0.030303	0.030303	0.030303	
0.045455	0.045455	0.045455	0.045455	0.045455	0.045455	0.045455	0.045455	0.045455	0.045455	0.545455	
0.030303	0.030303	0.030303	0.030303	0.030303	0.030303	0.030303	0.030303	0.363636	0.363636	0.030303	


Matrix B :

0.090909	0.090909	0.090909	0.090909	0.090909	0.090909	0.090909	0.090909	0.090909	0.090909	0.090909	
0.000193	0.110362	0.267142	0.281972	0.154854	0.080701	0.061633	0.027735	0.010786	0.004430	0.000193	
0.000957	0.032536	0.116746	0.179904	0.200957	0.179904	0.158852	0.074641	0.032536	0.011483	0.011483	
0.002841	0.034091	0.034091	0.221591	0.315341	0.252841	0.096591	0.034091	0.002841	0.002841	0.002841	
0.004329	0.004329	0.051948	0.194805	0.147186	0.385281	0.147186	0.051948	0.004329	0.004329	0.004329	
0.015152	0.015152	0.015152	0.181818	0.348485	0.348485	0.015152	0.015152	0.015152	0.015152	0.015152	
0.011364	0.011364	0.261364	0.136364	0.011364	0.011364	0.386364	0.011364	0.136364	0.011364	0.011364	
0.008264	0.008264	0.008264	0.280992	0.008264	0.280992	0.280992	0.008264	0.099174	0.008264	0.008264	
0.030303	0.030303	0.030303	0.030303	0.363636	0.363636	0.030303	0.030303	0.030303	0.030303	0.030303	
0.030303	0.030303	0.030303	0.030303	0.030303	0.030303	0.363636	0.030303	0.030303	0.363636	0.030303	
0.030303	0.030303	0.030303	0.030303	0.030303	0.363636	0.030303	0.363636	0.030303	0.030303	0.030303	


Vector Pi :

0.003497	0.734266	0.080420	0.080420	0.041958	0.003497	0.003497	0.041958	0.003497	0.003497	0.003497	


Vector Phi :

0.001835	0.710463	0.147936	0.048414	0.032857	0.010199	0.013416	0.017193	0.005670	0.005670	0.006347	
