
Parameters: 11 states AND 11 symbols

Matrix A :

0.0909091	0.0909091	0.0909091	0.0909091	0.0909091	0.0909091	0.0909091	0.0909091	0.0909091	0.0909091	0.0909091	
0.000190985	0.59683	0.300611	0.0863254	0.00859435	0.00439267	0.000190985	0.00229183	0.000190985	0.000190985	0.000190985	
0.0002331	0.37972	0.41049	0.1669	0.0386946	0.0027972	0.0002331	0.0002331	0.0002331	0.0002331	0.0002331	
0.000471032	0.192181	0.347621	0.269901	0.161093	0.0160151	0.00565238	0.000471032	0.00565238	0.000471032	0.000471032	
0.0010101	0.0454545	0.145455	0.30101	0.30101	0.145455	0.0565657	0.0010101	0.0010101	0.0010101	0.0010101	
0.00324675	0.0746753	0.181818	0.146104	0.217532	0.146104	0.0746753	0.146104	0.00324675	0.00324675	0.00324675	
0.00649351	0.00649351	0.0779221	0.220779	0.292208	0.149351	0.0779221	0.149351	0.00649351	0.00649351	0.00649351	
0.010101	0.010101	0.010101	0.010101	0.010101	0.343434	0.232323	0.121212	0.010101	0.121212	0.121212	
0.0454545	0.0454545	0.0454545	0.0454545	0.0454545	0.0454545	0.0454545	0.0454545	0.0454545	0.545455	0.0454545	
0.0227273	0.0227273	0.0227273	0.0227273	0.272727	0.0227273	0.522727	0.0227273	0.0227273	0.0227273	0.0227273	
0.0454545	0.0454545	0.0454545	0.0454545	0.0454545	0.0454545	0.0454545	0.0454545	0.0454545	0.545455	0.0454545	


Matrix B :

0.0909091	0.0909091	0.0909091	0.0909091	0.0909091	0.0909091	0.0909091	0.0909091	0.0909091	0.0909091	0.0909091	
0.000184026	0.326095	0.423261	0.147957	0.0669856	0.0285241	0.00423261	0.00220832	0.000184026	0.000184026	0.000184026	
0.000218007	0.0265969	0.453455	0.352736	0.112928	0.0313931	0.0122084	0.00741225	0.00261609	0.000218007	0.000218007	
0.000450045	0.00540054	0.114311	0.505401	0.233123	0.089559	0.040054	0.010351	0.000450045	0.000450045	0.000450045	
0.000988142	0.000988142	0.0227273	0.120553	0.435771	0.229249	0.0988142	0.0444664	0.0227273	0.0118577	0.0118577	
0.00284091	0.00284091	0.00284091	0.159091	0.377841	0.252841	0.0653409	0.0653409	0.0653409	0.00284091	0.00284091	
0.00649351	0.00649351	0.00649351	0.00649351	0.220779	0.292208	0.292208	0.0779221	0.0779221	0.00649351	0.00649351	
0.010101	0.010101	0.010101	0.010101	0.232323	0.343434	0.121212	0.121212	0.121212	0.010101	0.010101	
0.0454545	0.0454545	0.0454545	0.0454545	0.0454545	0.545455	0.0454545	0.0454545	0.0454545	0.0454545	0.0454545	
0.0227273	0.0227273	0.0227273	0.0227273	0.522727	0.0227273	0.0227273	0.0227273	0.272727	0.0227273	0.0227273	
0.0454545	0.0454545	0.0454545	0.0454545	0.0454545	0.545455	0.0454545	0.0454545	0.0454545	0.0454545	0.0454545	


Vector Pi :

0.00149031	0.296572	0.444113	0.149031	0.0506706	0.0506706	0.00149031	0.00149031	0.00149031	0.00149031	0.00149031	


Vector Phi :

0.00083427	0.393637	0.322508	0.159453	0.0735471	0.0240567	0.0116639	0.00760969	0.00166045	0.00334991	0.00167979	
