
Parameters: 11 states AND 11 symbols

Matrix A :

0.0909091	0.0909091	0.0909091	0.0909091	0.0909091	0.0909091	0.0909091	0.0909091	0.0909091	0.0909091	0.0909091	
0.000100898	0.939058	0.0555948	0.00454041	0.000100898	0.000100898	0.000100898	0.000100898	0.000100898	0.000100898	0.000100898	
0.00045683	0.266788	0.628598	0.0909091	0.00548196	0.00045683	0.00045683	0.00045683	0.00045683	0.00548196	0.00045683	
0.0015949	0.0191388	0.352472	0.422648	0.177033	0.0015949	0.0191388	0.0015949	0.0015949	0.0015949	0.0015949	
0.00378788	0.0454545	0.0454545	0.337121	0.378788	0.128788	0.00378788	0.0454545	0.00378788	0.00378788	0.00378788	
0.0181818	0.0181818	0.0181818	0.218182	0.618182	0.0181818	0.0181818	0.0181818	0.0181818	0.0181818	0.0181818	
0.030303	0.030303	0.030303	0.363636	0.030303	0.030303	0.030303	0.363636	0.030303	0.030303	0.030303	
0.0227273	0.0227273	0.0227273	0.0227273	0.0227273	0.272727	0.0227273	0.272727	0.272727	0.0227273	0.0227273	
0.0181818	0.0181818	0.218182	0.0181818	0.0181818	0.0181818	0.218182	0.0181818	0.418182	0.0181818	0.0181818	
0.0454545	0.0454545	0.0454545	0.0454545	0.0454545	0.0454545	0.0454545	0.0454545	0.0454545	0.0454545	0.545455	
0.0227273	0.0227273	0.0227273	0.0227273	0.0227273	0.0227273	0.0227273	0.0227273	0.272727	0.0227273	0.522727	


Matrix B :

0.0909091	0.0909091	0.0909091	0.0909091	0.0909091	0.0909091	0.0909091	0.0909091	0.0909091	0.0909091	0.0909091	
9.59969e-05	0.19545	0.336949	0.193338	0.141595	0.0697898	0.0254392	0.0148795	0.0117116	0.00748776	0.0032639	
0.0004329	0.00995671	0.0528139	0.224242	0.219481	0.229004	0.114719	0.0670996	0.0337662	0.0337662	0.0147186	
0.0015949	0.0191388	0.0893142	0.106858	0.15949	0.177033	0.0893142	0.141946	0.0717703	0.106858	0.0366826	
0.003367	0.003367	0.114478	0.040404	0.040404	0.225589	0.114478	0.188552	0.151515	0.0774411	0.040404	
0.0181818	0.0181818	0.0181818	0.0181818	0.0181818	0.218182	0.0181818	0.418182	0.0181818	0.218182	0.0181818	
0.030303	0.030303	0.030303	0.030303	0.030303	0.69697	0.030303	0.030303	0.030303	0.030303	0.030303	
0.0227273	0.0227273	0.0227273	0.0227273	0.0227273	0.272727	0.0227273	0.522727	0.0227273	0.0227273	0.0227273	
0.0181818	0.0181818	0.218182	0.0181818	0.0181818	0.0181818	0.218182	0.418182	0.0181818	0.0181818	0.0181818	
0.0454545	0.0454545	0.545455	0.0454545	0.0454545	0.0454545	0.0454545	0.0454545	0.0454545	0.0454545	0.0454545	
0.0227273	0.0227273	0.0227273	0.772727	0.0227273	0.0227273	0.0227273	0.0227273	0.0227273	0.0227273	0.0227273	


Vector Pi :

0.00149031	0.739195	0.198212	0.00149031	0.0506706	0.00149031	0.00149031	0.00149031	0.00149031	0.00149031	0.00149031	


Vector Phi :

0.000822217	0.750915	0.162856	0.0468068	0.0197066	0.00410722	0.0024651	0.0032867	0.00410858	0.00164059	0.00328502	
