
Parameters: 11 states AND 11 symbols

Matrix A :

0.0909091	0.0909091	0.0909091	0.0909091	0.0909091	0.0909091	0.0909091	0.0909091	0.0909091	0.0909091	0.0909091	
0.000195084	0.86071	0.122513	0.00448693	0.00234101	0.00448693	0.000195084	0.00448693	0.000195084	0.000195084	0.000195084	
0.000324675	0.211039	0.628896	0.132468	0.00746753	0.0146104	0.000324675	0.000324675	0.000324675	0.0038961	0.000324675	
0.00058651	0.026393	0.239296	0.587683	0.129619	0.00703812	0.00058651	0.00058651	0.00058651	0.00058651	0.00703812	
0.00102145	0.0122574	0.0572012	0.203269	0.517875	0.135853	0.0347293	0.0347293	0.00102145	0.00102145	0.00102145	
0.0015674	0.0015674	0.0360502	0.0877743	0.208464	0.449843	0.0877743	0.0532915	0.0532915	0.0188088	0.0015674	
0.00221729	0.00221729	0.0266075	0.0266075	0.075388	0.221729	0.465632	0.148559	0.00221729	0.00221729	0.0266075	
0.0030303	0.0030303	0.0030303	0.0030303	0.0363636	0.0363636	0.336364	0.30303	0.136364	0.10303	0.0363636	
0.00378788	0.00378788	0.00378788	0.00378788	0.0871212	0.00378788	0.128788	0.212121	0.253788	0.253788	0.0454545	
0.0031348	0.0031348	0.0376176	0.0031348	0.0376176	0.0721003	0.0031348	0.0376176	0.244514	0.278997	0.278997	
0.003367	0.003367	0.003367	0.003367	0.003367	0.003367	0.003367	0.003367	0.114478	0.3367	0.521886	


Matrix B :

0.0909091	0.0909091	0.0909091	0.0909091	0.0909091	0.0909091	0.0909091	0.0909091	0.0909091	0.0909091	0.0909091	
0.000185908	0.366239	0.396914	0.155605	0.0615356	0.0145008	0.0022309	0.0022309	0.000185908	0.000185908	0.000185908	
0.000311333	0.0825031	0.414695	0.370174	0.1099	0.0174346	0.000311333	0.000311333	0.00373599	0.000311333	0.000311333	
0.000554324	0.0432373	0.268847	0.354213	0.281042	0.0310421	0.0127494	0.00665188	0.000554324	0.000554324	0.000554324	
0.000977517	0.0332356	0.119257	0.226784	0.323558	0.205279	0.0654936	0.0117302	0.0117302	0.000977517	0.000977517	
0.00154083	0.00154083	0.120185	0.103236	0.40832	0.204931	0.103236	0.01849	0.01849	0.00154083	0.01849	
0.0020202	0.0020202	0.0909091	0.246465	0.40202	0.113131	0.0020202	0.0686869	0.0020202	0.0020202	0.0686869	
0.00293255	0.0674487	0.00293255	0.0997067	0.293255	0.293255	0.0674487	0.0351906	0.0351906	0.0351906	0.0674487	
0.00363636	0.00363636	0.123636	0.0836364	0.0436364	0.443636	0.203636	0.0436364	0.00363636	0.0436364	0.00363636	
0.00275482	0.0633609	0.0633609	0.15427	0.245179	0.214876	0.123967	0.0330579	0.0633609	0.0330579	0.00275482	
0.00324675	0.00324675	0.038961	0.11039	0.467532	0.181818	0.00324675	0.11039	0.0746753	0.00324675	0.00324675	


Vector Pi :

0.00149031	0.378539	0.198212	0.149031	0.0670641	0.0178838	0.0670641	0.0178838	0.0178838	0.0670641	0.0178838	


Vector Phi :

0.000833401	0.388312	0.233328	0.129168	0.074171	0.048337	0.0341706	0.0250026	0.0200028	0.0241702	0.0225035	
