
Parameters: 11 states AND 11 symbols

Matrix A :

0.0909091	0.0909091	0.0909091	0.0909091	0.0909091	0.0909091	0.0909091	0.0909091	0.0909091	0.0909091	0.0909091	
0.000201572	0.816166	0.162064	0.0179399	0.00241887	0.000201572	0.000201572	0.000201572	0.000201572	0.000201572	0.000201572	
0.00027137	0.230122	0.642062	0.110719	0.0151967	0.00027137	0.00027137	0.00027137	0.00027137	0.00027137	0.00027137	
0.000534759	0.0358289	0.235829	0.506417	0.194652	0.0181818	0.00641711	0.000534759	0.000534759	0.000534759	0.000534759	
0.000777001	0.000777001	0.0520591	0.291375	0.487956	0.146076	0.017871	0.000777001	0.000777001	0.000777001	0.000777001	
0.00137741	0.00137741	0.00137741	0.0619835	0.258953	0.546832	0.107438	0.0165289	0.00137741	0.00137741	0.00137741	
0.004329	0.004329	0.004329	0.004329	0.0995671	0.337662	0.337662	0.147186	0.004329	0.0519481	0.004329	
0.00909091	0.00909091	0.00909091	0.00909091	0.109091	0.209091	0.209091	0.109091	0.309091	0.00909091	0.00909091	
0.00568182	0.00568182	0.00568182	0.00568182	0.00568182	0.00568182	0.0681818	0.255682	0.568182	0.0681818	0.00568182	
0.0151515	0.0151515	0.0151515	0.0151515	0.0151515	0.0151515	0.0151515	0.0151515	0.348485	0.181818	0.348485	
0.012987	0.012987	0.012987	0.012987	0.012987	0.012987	0.012987	0.012987	0.012987	0.298701	0.584416	


Matrix B :

0.0909091	0.0909091	0.0909091	0.0909091	0.0909091	0.0909091	0.0909091	0.0909091	0.0909091	0.0909091	0.0909091	
0.000189789	0.304991	0.317518	0.181818	0.0899601	0.0607326	0.0189789	0.00645284	0.0106282	0.00854052	0.000189789	
0.000261233	0.00600836	0.388192	0.36233	0.123824	0.0778474	0.0318704	0.0031348	0.00600836	0.000261233	0.000261233	
0.000510725	0.000510725	0.0735444	0.438713	0.258938	0.118488	0.0903984	0.0173647	0.000510725	0.000510725	0.000510725	
0.000751315	0.000751315	0.00901578	0.0999249	0.314801	0.380917	0.116454	0.0586026	0.0172802	0.000751315	0.000751315	
0.00131752	0.00131752	0.00131752	0.0737813	0.131752	0.334651	0.233202	0.146245	0.0592885	0.0158103	0.00131752	
0.004329	0.004329	0.004329	0.0995671	0.147186	0.0519481	0.147186	0.290043	0.0995671	0.147186	0.004329	
0.00757576	0.00757576	0.00757576	0.00757576	0.174242	0.0909091	0.174242	0.340909	0.0909091	0.00757576	0.0909091	
0.00505051	0.00505051	0.00505051	0.00505051	0.282828	0.338384	0.0606061	0.0606061	0.171717	0.00505051	0.0606061	
0.0151515	0.0151515	0.0151515	0.0151515	0.0151515	0.0151515	0.348485	0.0151515	0.181818	0.181818	0.181818	
0.012987	0.012987	0.012987	0.012987	0.012987	0.012987	0.155844	0.441558	0.012987	0.012987	0.298701	


Vector Pi :

0.00149031	0.444113	0.214605	0.132638	0.0670641	0.0506706	0.00149031	0.0342772	0.0506706	0.00149031	0.00149031	


Vector Phi :

0.000775645	0.383604	0.28207	0.141325	0.09595	0.0530301	0.0163924	0.00714564	0.0100404	0.00441971	0.00524752	
