
Parameters: 11 states AND 11 symbols

Matrix A :

0.090909	0.090909	0.090909	0.090909	0.090909	0.090909	0.090909	0.090909	0.090909	0.090909	0.090909	
0.000265	0.889478	0.081898	0.020673	0.006096	0.000265	0.000265	0.000265	0.000265	0.000265	0.000265	
0.000866	0.277056	0.496104	0.153247	0.038961	0.019913	0.000866	0.010390	0.000866	0.000866	0.000866	
0.001715	0.096055	0.284734	0.322470	0.152659	0.058319	0.058319	0.001715	0.020583	0.001715	0.001715	
0.002933	0.067449	0.131965	0.228739	0.228739	0.196481	0.067449	0.002933	0.067449	0.002933	0.002933	
0.003788	0.003788	0.128788	0.087121	0.253788	0.378788	0.128788	0.003788	0.003788	0.003788	0.003788	
0.004785	0.004785	0.057416	0.110048	0.162679	0.110048	0.373206	0.162679	0.004785	0.004785	0.004785	
0.009091	0.009091	0.109091	0.009091	0.009091	0.109091	0.209091	0.409091	0.109091	0.009091	0.009091	
0.010101	0.010101	0.010101	0.121212	0.010101	0.010101	0.121212	0.121212	0.232323	0.343434	0.010101	
0.015152	0.015152	0.015152	0.015152	0.015152	0.015152	0.015152	0.015152	0.348485	0.348485	0.181818	
0.022727	0.272727	0.022727	0.022727	0.022727	0.022727	0.022727	0.022727	0.022727	0.022727	0.522727	


Matrix B :

0.090909	0.090909	0.090909	0.090909	0.090909	0.090909	0.090909	0.090909	0.090909	0.090909	0.090909	
0.000254	0.260030	0.405282	0.195785	0.067293	0.025394	0.025394	0.003047	0.008634	0.003047	0.005841	
0.000812	0.018669	0.357955	0.268669	0.152597	0.107955	0.036526	0.027597	0.018669	0.009740	0.000812	
0.001515	0.018182	0.168182	0.268182	0.234848	0.101515	0.101515	0.084848	0.018182	0.001515	0.001515	
0.002933	0.002933	0.099707	0.390029	0.196481	0.131965	0.131965	0.035191	0.002933	0.002933	0.002933	
0.003636	0.003636	0.163636	0.203636	0.443636	0.083636	0.003636	0.003636	0.043636	0.043636	0.003636	
0.004785	0.004785	0.004785	0.215311	0.373206	0.004785	0.320574	0.057416	0.004785	0.004785	0.004785	
0.009091	0.009091	0.009091	0.009091	0.109091	0.609091	0.209091	0.009091	0.009091	0.009091	0.009091	
0.010101	0.010101	0.121212	0.010101	0.010101	0.121212	0.232323	0.121212	0.232323	0.121212	0.010101	
0.015152	0.015152	0.015152	0.015152	0.181818	0.181818	0.181818	0.015152	0.015152	0.015152	0.348485	
0.022727	0.022727	0.022727	0.022727	0.022727	0.272727	0.522727	0.022727	0.022727	0.022727	0.022727	


Vector Pi :

0.002933	0.486804	0.228739	0.228739	0.002933	0.035191	0.002933	0.002933	0.002933	0.002933	0.002933	


Vector Phi :

0.001653	0.566942	0.173554	0.087603	0.051240	0.039669	0.031405	0.016529	0.014876	0.009917	0.006612	
