
Parameters: 11 states AND 11 symbols

Matrix A :

0.090909	0.090909	0.090909	0.090909	0.090909	0.090909	0.090909	0.090909	0.090909	0.090909	0.090909	
0.000425	0.729397	0.248088	0.014444	0.005098	0.000425	0.000425	0.000425	0.000425	0.000425	0.000425	
0.000459	0.278237	0.525712	0.177227	0.015611	0.000459	0.000459	0.000459	0.000459	0.000459	0.000459	
0.000928	0.021336	0.388683	0.388683	0.174397	0.021336	0.000928	0.000928	0.000928	0.000928	0.000928	
0.001567	0.001567	0.036050	0.329154	0.432602	0.173981	0.018809	0.001567	0.001567	0.001567	0.001567	
0.002674	0.002674	0.032086	0.032086	0.296791	0.473262	0.149733	0.002674	0.002674	0.002674	0.002674	
0.009091	0.009091	0.009091	0.009091	0.109091	0.409091	0.109091	0.209091	0.109091	0.009091	0.009091	
0.018182	0.018182	0.018182	0.018182	0.018182	0.218182	0.418182	0.018182	0.218182	0.018182	0.018182	
0.022727	0.022727	0.022727	0.022727	0.022727	0.022727	0.022727	0.272727	0.022727	0.522727	0.022727	
0.022727	0.022727	0.022727	0.022727	0.022727	0.022727	0.022727	0.272727	0.272727	0.022727	0.272727	
0.022727	0.022727	0.022727	0.022727	0.022727	0.022727	0.022727	0.022727	0.022727	0.272727	0.522727	


Matrix B :

0.090909	0.090909	0.090909	0.090909	0.090909	0.090909	0.090909	0.090909	0.090909	0.090909	0.090909	
0.000415	0.762972	0.228726	0.004981	0.000415	0.000415	0.000415	0.000415	0.000415	0.000415	0.000415	
0.000435	0.005220	0.856894	0.134406	0.000435	0.000435	0.000435	0.000435	0.000435	0.000435	0.000435	
0.000891	0.000891	0.010695	0.942068	0.040107	0.000891	0.000891	0.000891	0.000891	0.000891	0.000891	
0.001490	0.001490	0.001490	0.001490	0.870343	0.116244	0.001490	0.001490	0.001490	0.001490	0.001490	
0.002597	0.002597	0.002597	0.002597	0.002597	0.888312	0.088312	0.002597	0.002597	0.002597	0.002597	
0.009091	0.009091	0.009091	0.009091	0.009091	0.009091	0.809091	0.109091	0.009091	0.009091	0.009091	
0.018182	0.018182	0.018182	0.018182	0.018182	0.018182	0.018182	0.818182	0.018182	0.018182	0.018182	
0.022727	0.022727	0.022727	0.022727	0.022727	0.022727	0.022727	0.022727	0.772727	0.022727	0.022727	
0.018182	0.018182	0.018182	0.018182	0.018182	0.018182	0.018182	0.018182	0.018182	0.818182	0.018182	
0.022727	0.022727	0.022727	0.022727	0.022727	0.022727	0.022727	0.022727	0.022727	0.022727	0.772727	


Vector Pi :

0.003497	0.195804	0.388112	0.195804	0.118881	0.041958	0.003497	0.003497	0.003497	0.041958	0.003497	


Vector Phi :

0.001577	0.341831	0.316600	0.153086	0.091038	0.053376	0.015716	0.007870	0.006298	0.006302	0.006305	
