
Parameters: 11 states AND 11 symbols

Matrix A :

0.090909	0.090909	0.090909	0.090909	0.090909	0.090909	0.090909	0.090909	0.090909	0.090909	0.090909	
0.000180	0.919152	0.045634	0.014014	0.006109	0.000180	0.004132	0.000180	0.004132	0.004132	0.002156	
0.001783	0.590018	0.178253	0.099822	0.080214	0.021390	0.001783	0.001783	0.001783	0.001783	0.021390	
0.005051	0.116162	0.449495	0.171717	0.116162	0.060606	0.060606	0.005051	0.005051	0.005051	0.005051	
0.007576	0.340909	0.424242	0.090909	0.090909	0.007576	0.007576	0.007576	0.007576	0.007576	0.007576	
0.030303	0.030303	0.363636	0.030303	0.030303	0.030303	0.030303	0.030303	0.363636	0.030303	0.030303	
0.018182	0.218182	0.018182	0.018182	0.218182	0.018182	0.218182	0.018182	0.018182	0.218182	0.018182	
0.045455	0.045455	0.545455	0.045455	0.045455	0.045455	0.045455	0.045455	0.045455	0.045455	0.045455	
0.022727	0.272727	0.272727	0.272727	0.022727	0.022727	0.022727	0.022727	0.022727	0.022727	0.022727	
0.022727	0.272727	0.272727	0.022727	0.022727	0.022727	0.022727	0.272727	0.022727	0.022727	0.022727	
0.030303	0.363636	0.363636	0.030303	0.030303	0.030303	0.030303	0.030303	0.030303	0.030303	0.030303	


Matrix B :

0.090909	0.090909	0.090909	0.090909	0.090909	0.090909	0.090909	0.090909	0.090909	0.090909	0.090909	
0.000171	0.232816	0.390414	0.247825	0.086475	0.022685	0.009551	0.007675	0.002047	0.000171	0.000171	
0.001715	0.096055	0.133791	0.341338	0.228130	0.133791	0.001715	0.001715	0.039451	0.001715	0.020583	
0.004785	0.057416	0.215311	0.215311	0.162679	0.110048	0.215311	0.004785	0.004785	0.004785	0.004785	
0.007576	0.007576	0.090909	0.424242	0.090909	0.257576	0.090909	0.007576	0.007576	0.007576	0.007576	
0.030303	0.030303	0.696970	0.030303	0.030303	0.030303	0.030303	0.030303	0.030303	0.030303	0.030303	
0.018182	0.018182	0.218182	0.218182	0.218182	0.218182	0.018182	0.018182	0.018182	0.018182	0.018182	
0.045455	0.045455	0.545455	0.045455	0.045455	0.045455	0.045455	0.045455	0.045455	0.045455	0.045455	
0.022727	0.022727	0.272727	0.022727	0.022727	0.022727	0.522727	0.022727	0.022727	0.022727	0.022727	
0.022727	0.022727	0.272727	0.272727	0.022727	0.022727	0.272727	0.022727	0.022727	0.022727	0.022727	
0.030303	0.030303	0.030303	0.030303	0.363636	0.363636	0.030303	0.030303	0.030303	0.030303	0.030303	


Vector Pi :

0.002933	0.873900	0.067449	0.035191	0.002933	0.002933	0.002933	0.002933	0.002933	0.002933	0.002933	


Vector Phi :

0.001642	0.830870	0.083744	0.029557	0.019704	0.004926	0.008210	0.003284	0.006568	0.006568	0.004926	
