
Parameters: 11 states AND 11 symbols

Matrix A :

0.0909091	0.0909091	0.0909091	0.0909091	0.0909091	0.0909091	0.0909091	0.0909091	0.0909091	0.0909091	0.0909091	
0.000234907	0.796101	0.183697	0.0105708	0.00798685	0.000234907	0.000234907	0.000234907	0.000234907	0.000234907	0.000234907	
0.000302024	0.236182	0.578375	0.166415	0.0135911	0.00362428	0.000302024	0.000302024	0.000302024	0.000302024	0.000302024	
0.000407664	0.0273135	0.233592	0.574399	0.157358	0.00489197	0.000407664	0.000407664	0.000407664	0.000407664	0.000407664	
0.000693963	0.00832755	0.0159611	0.29077	0.496877	0.138099	0.0312283	0.000693963	0.0159611	0.000693963	0.000693963	
0.001443	0.001443	0.017316	0.001443	0.350649	0.445887	0.176046	0.001443	0.001443	0.001443	0.001443	
0.0021645	0.0021645	0.0021645	0.0497835	0.025974	0.264069	0.406926	0.21645	0.0021645	0.0021645	0.025974	
0.00413223	0.00413223	0.00413223	0.00413223	0.00413223	0.140496	0.322314	0.413223	0.0495868	0.0495868	0.00413223	
0.010101	0.010101	0.010101	0.010101	0.010101	0.010101	0.232323	0.232323	0.121212	0.343434	0.010101	
0.00699301	0.00699301	0.00699301	0.00699301	0.00699301	0.00699301	0.00699301	0.0839161	0.314685	0.468531	0.0839161	
0.0113636	0.0113636	0.0113636	0.0113636	0.0113636	0.0113636	0.0113636	0.0113636	0.0113636	0.261364	0.636364	


Matrix B :

0.0909091	0.0909091	0.0909091	0.0909091	0.0909091	0.0909091	0.0909091	0.0909091	0.0909091	0.0909091	0.0909091	
0.000223914	0.189879	0.352441	0.216973	0.123377	0.0815047	0.0248545	0.0100761	0.000223914	0.000223914	0.000223914	
0.000289519	0.000289519	0.264621	0.430226	0.207296	0.0767226	0.0162131	0.000289519	0.00347423	0.000289519	0.000289519	
0.000385208	0.0046225	0.0469954	0.271572	0.432589	0.199538	0.0300462	0.0130971	0.000385208	0.000385208	0.000385208	
0.000654022	0.000654022	0.0150425	0.151733	0.238064	0.389143	0.151733	0.0438195	0.00784827	0.000654022	0.000654022	
0.00135685	0.00135685	0.00135685	0.0162822	0.135685	0.299864	0.329715	0.180461	0.0312076	0.00135685	0.00135685	
0.00206612	0.00206612	0.00206612	0.0247934	0.0929752	0.206612	0.252066	0.320248	0.0929752	0.00206612	0.00206612	
0.00413223	0.00413223	0.00413223	0.00413223	0.0495868	0.0950413	0.231405	0.367769	0.0950413	0.140496	0.00413223	
0.010101	0.010101	0.010101	0.010101	0.121212	0.232323	0.121212	0.010101	0.010101	0.121212	0.343434	
0.00649351	0.00649351	0.00649351	0.00649351	0.00649351	0.220779	0.149351	0.00649351	0.149351	0.149351	0.292208	
0.0113636	0.0113636	0.0113636	0.0113636	0.0113636	0.511364	0.0113636	0.0113636	0.0113636	0.136364	0.261364	


Vector Pi :

0.00149031	0.312966	0.214605	0.214605	0.132638	0.0670641	0.0342772	0.00149031	0.00149031	0.0178838	0.00149031	


Vector Phi :

0.000833403	0.322487	0.250827	0.185834	0.10917	0.0525042	0.0350039	0.0183359	0.00750097	0.0108351	0.00666771	
