
Parameters: 11 states AND 11 symbols

Matrix A :

0.090909	0.090909	0.090909	0.090909	0.090909	0.090909	0.090909	0.090909	0.090909	0.090909	0.090909	
0.000379	0.475379	0.267045	0.133712	0.083712	0.021212	0.004545	0.008712	0.000379	0.004545	0.000379	
0.000572	0.390509	0.302459	0.157804	0.107490	0.019440	0.013150	0.006861	0.000572	0.000572	0.000572	
0.000909	0.250909	0.230909	0.240909	0.160909	0.040909	0.030909	0.040909	0.000909	0.000909	0.000909	
0.001263	0.306818	0.195707	0.237374	0.126263	0.042929	0.042929	0.029040	0.015152	0.001263	0.001263	
0.003788	0.420455	0.128788	0.045455	0.170455	0.087121	0.128788	0.003788	0.003788	0.003788	0.003788	
0.005348	0.122995	0.240642	0.005348	0.122995	0.181818	0.064171	0.064171	0.064171	0.064171	0.064171	
0.007576	0.174242	0.174242	0.007576	0.174242	0.090909	0.257576	0.090909	0.007576	0.007576	0.007576	
0.022727	0.272727	0.022727	0.022727	0.272727	0.272727	0.022727	0.022727	0.022727	0.022727	0.022727	
0.030303	0.030303	0.030303	0.030303	0.363636	0.030303	0.030303	0.030303	0.363636	0.030303	0.030303	
0.045455	0.045455	0.045455	0.045455	0.045455	0.545455	0.045455	0.045455	0.045455	0.045455	0.045455	


Matrix B :

0.090909	0.090909	0.090909	0.090909	0.090909	0.090909	0.090909	0.090909	0.090909	0.090909	0.090909	
0.000364	0.636364	0.308364	0.048364	0.000364	0.004364	0.000364	0.000364	0.000364	0.000364	0.000364	
0.000554	0.116408	0.549335	0.220067	0.098115	0.006652	0.006652	0.000554	0.000554	0.000554	0.000554	
0.000858	0.000858	0.246141	0.425386	0.208405	0.076329	0.038593	0.000858	0.000858	0.000858	0.000858	
0.001245	0.001245	0.014944	0.357410	0.343711	0.151930	0.097136	0.028643	0.001245	0.001245	0.001245	
0.003367	0.003367	0.003367	0.114478	0.373737	0.225589	0.225589	0.040404	0.003367	0.003367	0.003367	
0.005348	0.005348	0.005348	0.005348	0.240642	0.417112	0.122995	0.122995	0.005348	0.064171	0.005348	
0.007576	0.007576	0.007576	0.007576	0.174242	0.340909	0.340909	0.007576	0.090909	0.007576	0.007576	
0.022727	0.022727	0.022727	0.022727	0.022727	0.022727	0.022727	0.522727	0.022727	0.272727	0.022727	
0.030303	0.030303	0.030303	0.030303	0.030303	0.030303	0.363636	0.030303	0.030303	0.030303	0.363636	
0.045455	0.045455	0.045455	0.045455	0.045455	0.045455	0.045455	0.045455	0.045455	0.545455	0.045455	


Vector Pi :

0.003497	0.426573	0.195804	0.234266	0.003497	0.118881	0.003497	0.003497	0.003497	0.003497	0.003497	


Vector Phi :

0.001582	0.376600	0.250628	0.157885	0.115243	0.037933	0.026911	0.018977	0.006343	0.004734	0.003165	
