
Parameters: 11 states AND 11 symbols

Matrix A :

0.0909091	0.0909091	0.0909091	0.0909091	0.0909091	0.0909091	0.0909091	0.0909091	0.0909091	0.0909091	0.0909091	
0.000226142	0.756445	0.204206	0.0375396	0.000226142	0.000226142	0.000226142	0.000226142	0.000226142	0.000226142	0.000226142	
0.000284091	0.259659	0.550284	0.169034	0.0159091	0.00340909	0.000284091	0.000284091	0.000284091	0.000284091	0.000284091	
0.000430849	0.0525636	0.256355	0.488583	0.15209	0.0288669	0.0193882	0.000430849	0.000430849	0.000430849	0.000430849	
0.000797448	0.0271132	0.062201	0.272727	0.430622	0.176236	0.0271132	0.000797448	0.000797448	0.000797448	0.000797448	
0.00149031	0.00149031	0.00149031	0.116244	0.280179	0.329359	0.214605	0.0342772	0.0178838	0.00149031	0.00149031	
0.0021645	0.0021645	0.0021645	0.0021645	0.192641	0.264069	0.24026	0.21645	0.0735931	0.0021645	0.0021645	
0.0031348	0.0031348	0.0031348	0.0031348	0.0721003	0.0721003	0.347962	0.31348	0.175549	0.0031348	0.0031348	
0.00505051	0.00505051	0.00505051	0.00505051	0.00505051	0.00505051	0.0606061	0.393939	0.393939	0.116162	0.00505051	
0.030303	0.030303	0.030303	0.030303	0.030303	0.030303	0.030303	0.030303	0.363636	0.030303	0.363636	
0.0227273	0.0227273	0.0227273	0.0227273	0.0227273	0.0227273	0.0227273	0.272727	0.0227273	0.0227273	0.522727	


Matrix B :

0.0909091	0.0909091	0.0909091	0.0909091	0.0909091	0.0909091	0.0909091	0.0909091	0.0909091	0.0909091	0.0909091	
0.000217486	0.270552	0.256198	0.167682	0.122227	0.0911266	0.0432797	0.0337103	0.0145716	0.000217486	0.000217486	
0.00026738	0.153209	0.312032	0.191444	0.123797	0.0737968	0.0885027	0.0296791	0.0237968	0.00320856	0.00026738	
0.000411353	0.000411353	0.326203	0.253805	0.158782	0.140683	0.0592349	0.0230358	0.0320856	0.00493624	0.000411353	
0.000770416	0.000770416	0.136364	0.365177	0.212635	0.11094	0.068567	0.0346687	0.0346687	0.0261941	0.00924499	
0.00142045	0.00142045	0.00142045	0.56392	0.110795	0.142045	0.0639205	0.0639205	0.00142045	0.0170455	0.0326705	
0.00197628	0.00197628	0.00197628	0.175889	0.523715	0.0671937	0.0237154	0.0889328	0.0671937	0.00197628	0.0454545	
0.00293255	0.00293255	0.00293255	0.0351906	0.357771	0.260997	0.0351906	0.164223	0.0674487	0.0674487	0.00293255	
0.00505051	0.00505051	0.00505051	0.00505051	0.0606061	0.505051	0.171717	0.116162	0.116162	0.00505051	0.00505051	
0.0227273	0.0227273	0.0227273	0.0227273	0.0227273	0.522727	0.0227273	0.272727	0.0227273	0.0227273	0.0227273	
0.0227273	0.0227273	0.0227273	0.0227273	0.0227273	0.0227273	0.772727	0.0227273	0.0227273	0.0227273	0.0227273	


Vector Pi :

0.00149031	0.263785	0.329359	0.165425	0.0670641	0.0506706	0.0670641	0.0342772	0.00149031	0.0178838	0.00149031	


Vector Phi :

0.000829879	0.333609	0.26556	0.175104	0.094606	0.0506226	0.0348549	0.0240665	0.0149379	0.00248964	0.00331952	
