
Parameters: 11 states AND 11 symbols

Matrix A :

0.0909091	0.0909091	0.0909091	0.0909091	0.0909091	0.0909091	0.0909091	0.0909091	0.0909091	0.0909091	0.0909091	
0.000176523	0.864254	0.120565	0.00988526	0.000176523	0.00211827	0.000176523	0.000176523	0.000176523	0.000176523	0.00211827	
0.0002886	0.197114	0.654257	0.133622	0.00981241	0.0034632	0.0002886	0.0002886	0.0002886	0.0002886	0.0002886	
0.00050226	0.0226017	0.227022	0.619287	0.116524	0.00602712	0.00602712	0.00050226	0.00050226	0.00050226	0.00050226	
0.00128041	0.00128041	0.0294494	0.254802	0.466069	0.170294	0.0294494	0.0435339	0.00128041	0.00128041	0.00128041	
0.00252525	0.030303	0.00252525	0.030303	0.308081	0.44697	0.141414	0.030303	0.00252525	0.00252525	0.00252525	
0.00505051	0.00505051	0.00505051	0.0606061	0.116162	0.171717	0.282828	0.171717	0.116162	0.0606061	0.00505051	
0.00568182	0.0681818	0.0681818	0.00568182	0.00568182	0.00568182	0.130682	0.318182	0.318182	0.0681818	0.00568182	
0.00534759	0.00534759	0.0641711	0.0641711	0.0641711	0.00534759	0.00534759	0.0641711	0.475936	0.240642	0.00534759	
0.00826446	0.0991736	0.00826446	0.00826446	0.00826446	0.0991736	0.00826446	0.0991736	0.00826446	0.190083	0.46281	
0.00478469	0.00478469	0.00478469	0.00478469	0.00478469	0.00478469	0.110048	0.0574163	0.0574163	0.110048	0.636364	


Matrix B :

0.0909091	0.0909091	0.0909091	0.0909091	0.0909091	0.0909091	0.0909091	0.0909091	0.0909091	0.0909091	0.0909091	
0.000168976	0.212065	0.412808	0.251098	0.0503548	0.035485	0.0299088	0.00388645	0.00388645	0.000168976	0.000168976	
0.00027137	0.00922659	0.137585	0.427137	0.319674	0.0928087	0.0122117	0.00027137	0.00027137	0.00027137	0.00027137	
0.000481	0.011063	0.0533911	0.190957	0.222703	0.249158	0.212121	0.0533911	0.00577201	0.000481	0.000481	
0.0012285	0.014742	0.0958231	0.136364	0.0958231	0.149877	0.136364	0.285012	0.0552826	0.014742	0.014742	
0.030303	0.00252525	0.030303	0.141414	0.169192	0.0858586	0.363636	0.141414	0.00252525	0.00252525	0.030303	
0.00454545	0.00454545	0.00454545	0.354545	0.0545455	0.204545	0.354545	0.00454545	0.00454545	0.00454545	0.00454545	
0.00534759	0.00534759	0.181818	0.00534759	0.181818	0.358289	0.181818	0.0641711	0.00534759	0.00534759	0.00534759	
0.00478469	0.00478469	0.0574163	0.00478469	0.0574163	0.267943	0.215311	0.162679	0.110048	0.110048	0.00478469	
0.00757576	0.00757576	0.00757576	0.0909091	0.340909	0.424242	0.0909091	0.00757576	0.00757576	0.00757576	0.00757576	
0.00478469	0.00478469	0.00478469	0.0574163	0.162679	0.478469	0.110048	0.162679	0.00478469	0.00478469	0.00478469	


Vector Pi :

0.00149031	0.378539	0.345753	0.132638	0.0342772	0.00149031	0.0342772	0.0178838	0.0342772	0.0178838	0.00149031	


Vector Phi :

0.000848151	0.426142	0.259909	0.151611	0.0614905	0.0308685	0.0153913	0.013709	0.0145273	0.00938093	0.0161221	
