
Parameters: 11 states AND 11 symbols

Matrix A :

0.090909	0.090909	0.090909	0.090909	0.090909	0.090909	0.090909	0.090909	0.090909	0.090909	0.090909	
0.000259	0.877752	0.091427	0.011655	0.011655	0.000259	0.000259	0.003108	0.000259	0.003108	0.000259	
0.000900	0.268227	0.525653	0.099910	0.030603	0.040504	0.000900	0.000900	0.010801	0.010801	0.010801	
0.002597	0.202597	0.345455	0.145455	0.231169	0.031169	0.002597	0.002597	0.031169	0.002597	0.002597	
0.002674	0.090909	0.090909	0.237968	0.385027	0.090909	0.032086	0.061497	0.002674	0.002674	0.002674	
0.005051	0.060606	0.005051	0.282828	0.116162	0.116162	0.227273	0.171717	0.005051	0.005051	0.005051	
0.006061	0.006061	0.006061	0.072727	0.072727	0.272727	0.539394	0.006061	0.006061	0.006061	0.006061	
0.006993	0.083916	0.083916	0.006993	0.160839	0.160839	0.006993	0.160839	0.083916	0.237762	0.006993	
0.011364	0.011364	0.011364	0.011364	0.011364	0.011364	0.011364	0.511364	0.136364	0.261364	0.011364	
0.006494	0.077922	0.006494	0.006494	0.006494	0.077922	0.006494	0.006494	0.220779	0.292208	0.292208	
0.006061	0.072727	0.006061	0.072727	0.006061	0.006061	0.072727	0.006061	0.006061	0.139394	0.606061	


Matrix B :

0.090909	0.090909	0.090909	0.090909	0.090909	0.090909	0.090909	0.090909	0.090909	0.090909	0.090909	
0.000244	0.249573	0.330002	0.195954	0.083354	0.069949	0.019010	0.032415	0.008287	0.005606	0.005606	
0.000866	0.019913	0.362771	0.277056	0.200866	0.077056	0.038961	0.000866	0.019913	0.000866	0.000866	
0.002597	0.002597	0.202597	0.345455	0.259740	0.002597	0.116883	0.059740	0.002597	0.002597	0.002597	
0.002674	0.002674	0.061497	0.179144	0.237968	0.208556	0.179144	0.061497	0.061497	0.002674	0.002674	
0.005051	0.005051	0.060606	0.005051	0.171717	0.282828	0.005051	0.338384	0.060606	0.060606	0.005051	
0.005682	0.005682	0.068182	0.005682	0.005682	0.255682	0.318182	0.318182	0.005682	0.005682	0.005682	
0.006993	0.006993	0.083916	0.083916	0.160839	0.006993	0.083916	0.160839	0.083916	0.160839	0.160839	
0.011364	0.011364	0.011364	0.011364	0.136364	0.011364	0.261364	0.136364	0.136364	0.261364	0.011364	
0.005682	0.005682	0.068182	0.068182	0.193182	0.318182	0.005682	0.255682	0.068182	0.005682	0.005682	
0.005682	0.005682	0.130682	0.068182	0.005682	0.068182	0.068182	0.255682	0.130682	0.130682	0.130682	


Vector Pi :

0.002933	0.744868	0.099707	0.002933	0.002933	0.002933	0.035191	0.002933	0.002933	0.067449	0.035191	


Vector Phi :

0.001666	0.574964	0.169939	0.058392	0.056591	0.030071	0.025032	0.021649	0.013348	0.023320	0.025028	
