
Parameters: 11 states AND 11 symbols

Matrix A :

0.0909091	0.0909091	0.0909091	0.0909091	0.0909091	0.0909091	0.0909091	0.0909091	0.0909091	0.0909091	0.0909091	
0.000206143	0.864152	0.124923	0.00700886	0.00247372	0.000206143	0.000206143	0.000206143	0.000206143	0.000206143	0.000206143	
0.000266596	0.170355	0.707011	0.120501	0.000266596	0.000266596	0.000266596	0.000266596	0.000266596	0.000266596	0.000266596	
0.000510725	0.0117467	0.236466	0.607252	0.129724	0.0061287	0.0061287	0.000510725	0.000510725	0.000510725	0.000510725	
0.000849618	0.000849618	0.0195412	0.206457	0.627018	0.131691	0.0101954	0.000849618	0.000849618	0.000849618	0.000849618	
0.00137741	0.00137741	0.00137741	0.046832	0.213499	0.607438	0.12259	0.00137741	0.00137741	0.00137741	0.00137741	
0.0026738	0.0026738	0.0026738	0.0026738	0.0026738	0.208556	0.649733	0.0614973	0.0614973	0.0026738	0.0026738	
0.0113636	0.0113636	0.0113636	0.0113636	0.136364	0.386364	0.0113636	0.136364	0.261364	0.0113636	0.0113636	
0.012987	0.012987	0.012987	0.012987	0.012987	0.012987	0.012987	0.298701	0.155844	0.441558	0.012987	
0.0113636	0.0113636	0.0113636	0.0113636	0.0113636	0.0113636	0.0113636	0.261364	0.0113636	0.386364	0.261364	
0.010101	0.010101	0.010101	0.010101	0.010101	0.010101	0.010101	0.010101	0.121212	0.121212	0.676768	


Matrix B :

0.0909091	0.0909091	0.0909091	0.0909091	0.0909091	0.0909091	0.0909091	0.0909091	0.0909091	0.0909091	0.0909091	
0.000195503	0.344282	0.357185	0.114174	0.103421	0.0496579	0.026002	0.00449658	0.000195503	0.000195503	0.000195503	
0.000253229	0.0197518	0.484933	0.209167	0.125601	0.0810332	0.0587491	0.0113953	0.00860977	0.000253229	0.000253229	
0.000494071	0.000494071	0.0874506	0.549407	0.196146	0.0657115	0.0548419	0.0385375	0.00592885	0.000494071	0.000494071	
0.000819001	0.000819001	0.00982801	0.280098	0.577396	0.0909091	0.00982801	0.018837	0.00982801	0.000819001	0.000819001	
0.00126263	0.00126263	0.00126263	0.0429293	0.320707	0.445707	0.126263	0.0568182	0.00126263	0.00126263	0.00126263	
0.00252525	0.00252525	0.00252525	0.030303	0.113636	0.474747	0.335859	0.030303	0.00252525	0.00252525	0.00252525	
0.0113636	0.0113636	0.0113636	0.0113636	0.386364	0.136364	0.261364	0.136364	0.0113636	0.0113636	0.0113636	
0.012987	0.012987	0.012987	0.012987	0.155844	0.155844	0.155844	0.155844	0.298701	0.012987	0.012987	
0.0113636	0.0113636	0.0113636	0.0113636	0.0113636	0.136364	0.261364	0.0113636	0.386364	0.136364	0.0113636	
0.010101	0.010101	0.010101	0.010101	0.010101	0.010101	0.010101	0.010101	0.232323	0.343434	0.343434	


Vector Pi :

0.00149031	0.378539	0.296572	0.099851	0.0670641	0.099851	0.0506706	0.00149031	0.00149031	0.00149031	0.00149031	


Vector Phi :

0.000787341	0.377248	0.287429	0.147644	0.0866256	0.0514284	0.0245415	0.00600803	0.00525478	0.00609702	0.00693671	
