
Parameters: 11 states AND 11 symbols

Matrix A :

0.090909	0.090909	0.090909	0.090909	0.090909	0.090909	0.090909	0.090909	0.090909	0.090909	0.090909	
0.000834	0.441201	0.349458	0.165972	0.028357	0.010008	0.000834	0.000834	0.000834	0.000834	0.000834	
0.000764	0.328495	0.353705	0.236058	0.051184	0.025974	0.000764	0.000764	0.000764	0.000764	0.000764	
0.000739	0.106430	0.252772	0.374723	0.195861	0.033259	0.033259	0.000739	0.000739	0.000739	0.000739	
0.001263	0.070707	0.098485	0.292929	0.279040	0.167929	0.070707	0.001263	0.015152	0.001263	0.001263	
0.002066	0.070248	0.002066	0.161157	0.229339	0.206612	0.138430	0.115702	0.047521	0.024793	0.002066	
0.002597	0.002597	0.002597	0.059740	0.145455	0.288312	0.316883	0.145455	0.002597	0.031169	0.002597	
0.004329	0.004329	0.004329	0.004329	0.099567	0.194805	0.337662	0.147186	0.051948	0.147186	0.004329	
0.009091	0.009091	0.009091	0.009091	0.109091	0.009091	0.109091	0.209091	0.109091	0.209091	0.209091	
0.006993	0.006993	0.006993	0.006993	0.006993	0.006993	0.083916	0.391608	0.160839	0.083916	0.237762	
0.011364	0.011364	0.011364	0.011364	0.011364	0.011364	0.011364	0.011364	0.261364	0.386364	0.261364	


Matrix B :

0.090909	0.090909	0.090909	0.090909	0.090909	0.090909	0.090909	0.090909	0.090909	0.090909	0.090909	
0.000791	0.566008	0.322530	0.035573	0.044269	0.018182	0.000791	0.009486	0.000791	0.000791	0.000791	
0.000727	0.072727	0.752727	0.128727	0.024727	0.008727	0.008727	0.000727	0.000727	0.000727	0.000727	
0.000727	0.000727	0.112727	0.616727	0.176727	0.032727	0.016727	0.032727	0.008727	0.000727	0.000727	
0.001196	0.001196	0.027512	0.238038	0.448565	0.185407	0.040670	0.053828	0.001196	0.001196	0.001196	
0.001976	0.001976	0.001976	0.045455	0.393281	0.262846	0.175889	0.088933	0.023715	0.001976	0.001976	
0.002525	0.002525	0.002525	0.030303	0.141414	0.252525	0.196970	0.308081	0.058081	0.002525	0.002525	
0.004329	0.004329	0.004329	0.004329	0.051948	0.290043	0.242424	0.242424	0.147186	0.004329	0.004329	
0.009091	0.009091	0.009091	0.009091	0.009091	0.109091	0.109091	0.209091	0.309091	0.209091	0.009091	
0.006494	0.006494	0.006494	0.006494	0.006494	0.077922	0.435065	0.149351	0.077922	0.220779	0.006494	
0.011364	0.011364	0.011364	0.011364	0.011364	0.011364	0.136364	0.261364	0.011364	0.136364	0.386364	


Vector Pi :

0.003953	0.264822	0.264822	0.090909	0.177866	0.090909	0.003953	0.003953	0.003953	0.090909	0.003953	


Vector Phi :

0.001763	0.197194	0.215298	0.222702	0.130345	0.079846	0.064909	0.036759	0.017182	0.020701	0.013302	
