
Parameters: 11 states AND 11 symbols

Matrix A :

0.090909	0.090909	0.090909	0.090909	0.090909	0.090909	0.090909	0.090909	0.090909	0.090909	0.090909	
0.000850	0.505523	0.281223	0.112999	0.038233	0.019541	0.010195	0.010195	0.010195	0.000850	0.010195	
0.000874	0.318182	0.337413	0.135490	0.097028	0.048951	0.048951	0.000874	0.010490	0.000874	0.000874	
0.001136	0.088636	0.388636	0.226136	0.163636	0.101136	0.026136	0.001136	0.001136	0.001136	0.001136	
0.001337	0.074866	0.089572	0.266043	0.236631	0.148396	0.104278	0.030749	0.016043	0.001337	0.030749	
0.001653	0.038017	0.038017	0.219835	0.219835	0.165289	0.147107	0.110744	0.056198	0.001653	0.001653	
0.002020	0.068687	0.002020	0.046465	0.090909	0.246465	0.268687	0.090909	0.113131	0.046465	0.024242	
0.002331	0.002331	0.002331	0.053613	0.156177	0.104895	0.079254	0.310023	0.181818	0.104895	0.002331	
0.002331	0.027972	0.002331	0.002331	0.053613	0.053613	0.027972	0.284382	0.310023	0.156177	0.079254	
0.002933	0.035191	0.002933	0.035191	0.002933	0.002933	0.131965	0.067449	0.196481	0.325513	0.196481	
0.002933	0.002933	0.002933	0.002933	0.002933	0.099707	0.035191	0.002933	0.067449	0.228739	0.551320	


Matrix B :

0.090909	0.090909	0.090909	0.090909	0.090909	0.090909	0.090909	0.090909	0.090909	0.090909	0.090909	
0.000850	0.757859	0.122345	0.047579	0.047579	0.010195	0.010195	0.000850	0.000850	0.000850	0.000850	
0.000842	0.547138	0.315657	0.074916	0.019360	0.010101	0.028620	0.000842	0.000842	0.000842	0.000842	
0.001010	0.389899	0.523232	0.056566	0.012121	0.012121	0.001010	0.001010	0.001010	0.001010	0.001010	
0.001263	0.223485	0.584596	0.140152	0.042929	0.001263	0.001263	0.001263	0.001263	0.001263	0.001263	
0.001490	0.181818	0.476900	0.214605	0.099851	0.017884	0.001490	0.001490	0.001490	0.001490	0.001490	
0.001934	0.214700	0.342360	0.278530	0.129594	0.001934	0.001934	0.023211	0.001934	0.001934	0.001934	
0.002217	0.075388	0.221729	0.416851	0.270510	0.002217	0.002217	0.002217	0.002217	0.002217	0.002217	
0.002331	0.027972	0.130536	0.540793	0.233100	0.053613	0.002331	0.002331	0.002331	0.002331	0.002331	
0.002841	0.034091	0.190341	0.159091	0.315341	0.221591	0.002841	0.002841	0.002841	0.034091	0.034091	
0.002841	0.065341	0.221591	0.284091	0.127841	0.065341	0.034091	0.002841	0.065341	0.034091	0.096591	


Vector Pi :

0.002933	0.002933	0.099707	0.325513	0.131965	0.196481	0.067449	0.067449	0.002933	0.067449	0.035191	


Vector Phi :

0.001651	0.180859	0.177524	0.134317	0.113816	0.091607	0.074525	0.064059	0.063599	0.048112	0.049930	
