
Parameters: 11 states AND 11 symbols

Matrix A :

0.0909091	0.0909091	0.0909091	0.0909091	0.0909091	0.0909091	0.0909091	0.0909091	0.0909091	0.0909091	0.0909091	
0.000178603	0.852831	0.141632	0.00410788	0.000178603	0.000178603	0.000178603	0.000178603	0.000178603	0.000178603	0.000178603	
0.000235516	0.189355	0.694536	0.111634	0.00282619	0.000235516	0.000235516	0.000235516	0.000235516	0.000235516	0.000235516	
0.0004662	0.00559441	0.226107	0.677389	0.0773893	0.0107226	0.0004662	0.0004662	0.0004662	0.0004662	0.0004662	
0.0012285	0.0012285	0.014742	0.217445	0.730958	0.0282555	0.0012285	0.0012285	0.0012285	0.0012285	0.0012285	
0.00909091	0.00909091	0.00909091	0.109091	0.309091	0.209091	0.109091	0.109091	0.109091	0.00909091	0.00909091	
0.0181818	0.0181818	0.0181818	0.0181818	0.0181818	0.218182	0.418182	0.218182	0.0181818	0.0181818	0.0181818	
0.0113636	0.0113636	0.0113636	0.0113636	0.0113636	0.261364	0.136364	0.386364	0.136364	0.0113636	0.0113636	
0.0181818	0.0181818	0.0181818	0.0181818	0.0181818	0.0181818	0.0181818	0.418182	0.218182	0.218182	0.0181818	
0.0454545	0.0454545	0.0454545	0.0454545	0.0454545	0.0454545	0.0454545	0.0454545	0.0454545	0.0454545	0.545455	
0.0181818	0.0181818	0.0181818	0.0181818	0.0181818	0.0181818	0.0181818	0.0181818	0.218182	0.0181818	0.618182	


Matrix B :

0.0909091	0.0909091	0.0909091	0.0909091	0.0909091	0.0909091	0.0909091	0.0909091	0.0909091	0.0909091	0.0909091	
0.000169291	0.635179	0.268326	0.0653462	0.0243779	0.00575588	0.000169291	0.000169291	0.000169291	0.000169291	0.000169291	
0.000223914	0.21451	0.606135	0.133229	0.0420958	0.00268697	0.000223914	0.000223914	0.000223914	0.000223914	0.000223914	
0.000441306	0.000441306	0.369373	0.408208	0.170344	0.0441306	0.00529568	0.000441306	0.000441306	0.000441306	0.000441306	
0.00121212	0.00121212	0.0145455	0.307879	0.481212	0.107879	0.0412121	0.0412121	0.00121212	0.00121212	0.00121212	
0.00909091	0.00909091	0.00909091	0.00909091	0.609091	0.209091	0.00909091	0.109091	0.00909091	0.00909091	0.00909091	
0.0181818	0.0181818	0.0181818	0.0181818	0.218182	0.418182	0.218182	0.0181818	0.0181818	0.0181818	0.0181818	
0.0113636	0.0113636	0.0113636	0.0113636	0.0113636	0.261364	0.136364	0.261364	0.261364	0.0113636	0.0113636	
0.0181818	0.0181818	0.0181818	0.0181818	0.0181818	0.0181818	0.0181818	0.218182	0.618182	0.0181818	0.0181818	
0.0454545	0.0454545	0.0454545	0.0454545	0.0454545	0.0454545	0.0454545	0.0454545	0.0454545	0.545455	0.0454545	
0.0181818	0.0181818	0.0181818	0.0181818	0.0181818	0.0181818	0.0181818	0.0181818	0.0181818	0.218182	0.618182	


Vector Pi :

0.00149031	0.460507	0.329359	0.181818	0.0178838	0.00149031	0.00149031	0.00149031	0.00149031	0.00149031	0.00149031	


Vector Phi :

0.00083337	0.424163	0.321666	0.162501	0.0616683	0.00833371	0.00416693	0.00666712	0.00416693	0.00166676	0.00416695	
