
Parameters: 11 states AND 11 symbols

Matrix A :

0.0909091	0.0909091	0.0909091	0.0909091	0.0909091	0.0909091	0.0909091	0.0909091	0.0909091	0.0909091	0.0909091	
0.000150761	0.593849	0.285391	0.0946781	0.0183929	0.00678426	0.000150761	0.000150761	0.000150761	0.000150761	0.000150761	
0.000253936	0.511427	0.296343	0.131539	0.0449467	0.00863382	0.00584053	0.000253936	0.000253936	0.000253936	0.000253936	
0.000626959	0.331661	0.41442	0.152351	0.0489028	0.0420063	0.000626959	0.00752351	0.000626959	0.000626959	0.000626959	
0.00185529	0.226345	0.28757	0.205937	0.124304	0.0834879	0.0426716	0.00185529	0.0222635	0.00185529	0.00185529	
0.00363636	0.0436364	0.203636	0.283636	0.123636	0.123636	0.163636	0.0436364	0.00363636	0.00363636	0.00363636	
0.00606061	0.00606061	0.00606061	0.00606061	0.272727	0.206061	0.272727	0.0727273	0.00606061	0.0727273	0.0727273	
0.0151515	0.181818	0.0151515	0.0151515	0.181818	0.181818	0.181818	0.181818	0.0151515	0.0151515	0.0151515	
0.0454545	0.0454545	0.0454545	0.0454545	0.0454545	0.0454545	0.0454545	0.545455	0.0454545	0.0454545	0.0454545	
0.0454545	0.0454545	0.0454545	0.545455	0.0454545	0.0454545	0.0454545	0.0454545	0.0454545	0.0454545	0.0454545	
0.030303	0.030303	0.030303	0.030303	0.030303	0.030303	0.363636	0.030303	0.030303	0.030303	0.363636	


Matrix B :

0.0909091	0.0909091	0.0909091	0.0909091	0.0909091	0.0909091	0.0909091	0.0909091	0.0909091	0.0909091	0.0909091	
0.00014339	0.446516	0.38027	0.121594	0.0427301	0.00487525	0.00329796	0.00014339	0.00014339	0.00014339	0.00014339	
0.000243724	0.0297343	0.565927	0.297831	0.0887156	0.0136485	0.000243724	0.000243724	0.00292469	0.000243724	0.000243724	
0.000594177	0.000594177	0.111705	0.569222	0.262032	0.0463458	0.000594177	0.000594177	0.00713012	0.000594177	0.000594177	
0.00178253	0.00178253	0.00178253	0.335116	0.374332	0.197861	0.0409982	0.0409982	0.00178253	0.00178253	0.00178253	
0.003367	0.003367	0.003367	0.003367	0.447811	0.151515	0.3367	0.040404	0.003367	0.003367	0.003367	
0.00568182	0.00568182	0.00568182	0.00568182	0.00568182	0.443182	0.255682	0.130682	0.0681818	0.0681818	0.00568182	
0.012987	0.012987	0.012987	0.012987	0.012987	0.155844	0.155844	0.012987	0.012987	0.441558	0.155844	
0.0454545	0.0454545	0.0454545	0.0454545	0.0454545	0.0454545	0.545455	0.0454545	0.0454545	0.0454545	0.0454545	
0.0454545	0.0454545	0.0454545	0.0454545	0.0454545	0.0454545	0.0454545	0.0454545	0.0454545	0.545455	0.0454545	
0.030303	0.030303	0.030303	0.030303	0.030303	0.030303	0.030303	0.363636	0.363636	0.030303	0.030303	


Vector Pi :

0.00149031	0.509687	0.247392	0.132638	0.0342772	0.0342772	0.0178838	0.0178838	0.00149031	0.00149031	0.00149031	


Vector Phi :

0.00082713	0.498759	0.296112	0.119934	0.0405294	0.0206782	0.0124069	0.00496278	0.00165426	0.00165426	0.00248139	
