
Parameters: 11 states AND 11 symbols

Matrix A :

0.090909	0.090909	0.090909	0.090909	0.090909	0.090909	0.090909	0.090909	0.090909	0.090909	0.090909	
0.000291	0.846445	0.118881	0.022727	0.006702	0.000291	0.003497	0.000291	0.000291	0.000291	0.000291	
0.000733	0.299120	0.484604	0.129765	0.049120	0.008798	0.008798	0.008798	0.000733	0.000733	0.008798	
0.001855	0.063080	0.328386	0.328386	0.144712	0.083488	0.042672	0.001855	0.001855	0.001855	0.001855	
0.003135	0.072100	0.210031	0.175549	0.141066	0.175549	0.106583	0.106583	0.003135	0.003135	0.003135	
0.002841	0.127841	0.096591	0.096591	0.159091	0.346591	0.096591	0.065341	0.002841	0.002841	0.002841	
0.005051	0.005051	0.060606	0.060606	0.171717	0.282828	0.116162	0.227273	0.060606	0.005051	0.005051	
0.005051	0.005051	0.005051	0.005051	0.060606	0.227273	0.171717	0.171717	0.227273	0.005051	0.116162	
0.012987	0.012987	0.012987	0.012987	0.012987	0.012987	0.155844	0.441558	0.155844	0.155844	0.012987	
0.030303	0.030303	0.030303	0.030303	0.030303	0.030303	0.363636	0.363636	0.030303	0.030303	0.030303	
0.007576	0.090909	0.007576	0.007576	0.007576	0.090909	0.007576	0.007576	0.007576	0.090909	0.674242	


Matrix B :

0.090909	0.090909	0.090909	0.090909	0.090909	0.090909	0.090909	0.090909	0.090909	0.090909	0.090909	
0.000279	0.153653	0.331567	0.221138	0.122978	0.076966	0.034021	0.027886	0.015616	0.003346	0.012549	
0.000699	0.016084	0.185315	0.277622	0.216084	0.123776	0.069930	0.069930	0.031469	0.000699	0.008392	
0.001748	0.001748	0.059441	0.194056	0.309441	0.136364	0.155594	0.078671	0.059441	0.001748	0.001748	
0.003135	0.003135	0.037618	0.141066	0.210031	0.210031	0.210031	0.072100	0.106583	0.003135	0.003135	
0.002755	0.002755	0.033058	0.275482	0.275482	0.093664	0.184573	0.063361	0.033058	0.033058	0.002755	
0.004329	0.004329	0.004329	0.337662	0.099567	0.290043	0.194805	0.051948	0.004329	0.004329	0.004329	
0.005051	0.005051	0.060606	0.171717	0.227273	0.227273	0.060606	0.116162	0.005051	0.116162	0.005051	
0.011364	0.011364	0.011364	0.136364	0.386364	0.136364	0.136364	0.136364	0.011364	0.011364	0.011364	
0.030303	0.030303	0.030303	0.363636	0.030303	0.030303	0.363636	0.030303	0.030303	0.030303	0.030303	
0.006494	0.006494	0.006494	0.149351	0.292208	0.149351	0.292208	0.077922	0.006494	0.006494	0.006494	


Vector Pi :

0.002933	0.454545	0.196481	0.099707	0.002933	0.035191	0.099707	0.002933	0.035191	0.002933	0.067449	


Vector Phi :

0.001653	0.515702	0.204959	0.080992	0.047934	0.052893	0.029752	0.029752	0.011570	0.004959	0.019835	
