
Parameters: 11 states AND 11 symbols

Matrix A :

0.090909	0.090909	0.090909	0.090909	0.090909	0.090909	0.090909	0.090909	0.090909	0.090909	0.090909	
0.000324	0.914914	0.053704	0.011000	0.003882	0.007441	0.000324	0.000324	0.003882	0.000324	0.003882	
0.003135	0.554859	0.210031	0.106583	0.037618	0.003135	0.037618	0.003135	0.003135	0.003135	0.037618	
0.009091	0.309091	0.209091	0.109091	0.309091	0.009091	0.009091	0.009091	0.009091	0.009091	0.009091	
0.012987	0.298701	0.298701	0.155844	0.012987	0.155844	0.012987	0.012987	0.012987	0.012987	0.012987	
0.022727	0.022727	0.522727	0.022727	0.272727	0.022727	0.022727	0.022727	0.022727	0.022727	0.022727	
0.045455	0.045455	0.545455	0.045455	0.045455	0.045455	0.045455	0.045455	0.045455	0.045455	0.045455	
0.090909	0.090909	0.090909	0.090909	0.090909	0.090909	0.090909	0.090909	0.090909	0.090909	0.090909	
0.045455	0.545455	0.045455	0.045455	0.045455	0.045455	0.045455	0.045455	0.045455	0.045455	0.045455	
0.090909	0.090909	0.090909	0.090909	0.090909	0.090909	0.090909	0.090909	0.090909	0.090909	0.090909	
0.030303	0.363636	0.030303	0.363636	0.030303	0.030303	0.030303	0.030303	0.030303	0.030303	0.030303	


Matrix B :

0.090909	0.090909	0.090909	0.090909	0.090909	0.090909	0.090909	0.090909	0.090909	0.090909	0.090909	
0.000309	0.269017	0.360853	0.197588	0.109153	0.044527	0.007112	0.003711	0.003711	0.000309	0.003711	
0.002933	0.035191	0.164223	0.390029	0.164223	0.164223	0.035191	0.035191	0.002933	0.002933	0.002933	
0.009091	0.009091	0.409091	0.109091	0.309091	0.109091	0.009091	0.009091	0.009091	0.009091	0.009091	
0.012987	0.012987	0.155844	0.298701	0.155844	0.155844	0.155844	0.012987	0.012987	0.012987	0.012987	
0.022727	0.022727	0.022727	0.272727	0.272727	0.022727	0.022727	0.272727	0.022727	0.022727	0.022727	
0.030303	0.030303	0.030303	0.030303	0.696970	0.030303	0.030303	0.030303	0.030303	0.030303	0.030303	
0.090909	0.090909	0.090909	0.090909	0.090909	0.090909	0.090909	0.090909	0.090909	0.090909	0.090909	
0.045455	0.045455	0.045455	0.545455	0.045455	0.045455	0.045455	0.045455	0.045455	0.045455	0.045455	
0.090909	0.090909	0.090909	0.090909	0.090909	0.090909	0.090909	0.090909	0.090909	0.090909	0.090909	
0.022727	0.022727	0.022727	0.022727	0.272727	0.522727	0.022727	0.022727	0.022727	0.022727	0.022727	


Vector Pi :

0.005051	0.727273	0.116162	0.005051	0.005051	0.005051	0.060606	0.005051	0.005051	0.005051	0.060606	


Vector Phi :

0.002933	0.824047	0.085044	0.029326	0.020528	0.011730	0.005865	0.002933	0.005865	0.002933	0.008798	
