
Parameters: 11 states AND 11 symbols

Matrix A :

0.090909	0.090909	0.090909	0.090909	0.090909	0.090909	0.090909	0.090909	0.090909	0.090909	0.090909	
0.000361	0.829726	0.135281	0.000361	0.020202	0.004329	0.008297	0.000361	0.000361	0.000361	0.000361	
0.000614	0.250614	0.520885	0.176290	0.007371	0.027641	0.000614	0.007371	0.007371	0.000614	0.000614	
0.001377	0.061983	0.395317	0.334711	0.107438	0.046832	0.031680	0.001377	0.016529	0.001377	0.001377	
0.002755	0.033058	0.184573	0.275482	0.245179	0.154270	0.033058	0.033058	0.002755	0.033058	0.002755	
0.003247	0.003247	0.038961	0.074675	0.217532	0.288961	0.110390	0.181818	0.038961	0.038961	0.003247	
0.005348	0.005348	0.064171	0.122995	0.181818	0.122995	0.181818	0.122995	0.005348	0.122995	0.064171	
0.004132	0.004132	0.049587	0.140496	0.095041	0.185950	0.140496	0.231405	0.140496	0.004132	0.004132	
0.006061	0.006061	0.072727	0.072727	0.006061	0.006061	0.139394	0.206061	0.272727	0.072727	0.139394	
0.009091	0.009091	0.009091	0.009091	0.009091	0.009091	0.009091	0.209091	0.309091	0.209091	0.209091	
0.006993	0.006993	0.006993	0.006993	0.006993	0.006993	0.006993	0.160839	0.083916	0.160839	0.545455	


Matrix B :

0.090909	0.090909	0.090909	0.090909	0.090909	0.090909	0.090909	0.090909	0.090909	0.090909	0.090909	
0.000344	0.307163	0.318526	0.197314	0.079890	0.023072	0.007920	0.023072	0.015496	0.015496	0.011708	
0.000594	0.092097	0.353535	0.301248	0.157457	0.039810	0.039810	0.000594	0.013666	0.000594	0.000594	
0.001263	0.056818	0.306818	0.348485	0.167929	0.056818	0.042929	0.001263	0.015152	0.001263	0.001263	
0.002755	0.093664	0.336088	0.305785	0.154270	0.063361	0.002755	0.002755	0.033058	0.002755	0.002755	
0.003135	0.003135	0.313480	0.210031	0.210031	0.210031	0.003135	0.037618	0.003135	0.003135	0.003135	
0.005348	0.005348	0.122995	0.181818	0.358289	0.064171	0.122995	0.064171	0.064171	0.005348	0.005348	
0.003788	0.003788	0.170455	0.212121	0.170455	0.003788	0.170455	0.128788	0.087121	0.003788	0.045455	
0.005682	0.005682	0.005682	0.130682	0.568182	0.130682	0.005682	0.005682	0.130682	0.005682	0.005682	
0.007576	0.007576	0.174242	0.257576	0.174242	0.090909	0.090909	0.007576	0.007576	0.007576	0.174242	
0.006494	0.006494	0.006494	0.077922	0.220779	0.149351	0.363636	0.077922	0.077922	0.006494	0.006494	


Vector Pi :

0.002933	0.390029	0.164223	0.196481	0.002933	0.035191	0.002933	0.067449	0.035191	0.067449	0.035191	


Vector Phi :

0.001653	0.416529	0.244628	0.109091	0.054545	0.046281	0.028099	0.036364	0.024793	0.016529	0.021488	
