
Parameters: 11 states AND 11 symbols

Matrix A :

0.0909091	0.0909091	0.0909091	0.0909091	0.0909091	0.0909091	0.0909091	0.0909091	0.0909091	0.0909091	0.0909091	
8.33264e-05	0.964336	0.0294142	0.00374969	0.000999917	0.000999917	8.33264e-05	8.33264e-05	8.33264e-05	8.33264e-05	8.33264e-05	
0.00121212	0.414545	0.401212	0.0945455	0.0412121	0.00121212	0.0145455	0.0145455	0.0145455	0.00121212	0.00121212	
0.00534759	0.122995	0.417112	0.240642	0.181818	0.00534759	0.00534759	0.00534759	0.00534759	0.00534759	0.00534759	
0.00909091	0.209091	0.209091	0.109091	0.209091	0.109091	0.00909091	0.00909091	0.00909091	0.00909091	0.109091	
0.0181818	0.418182	0.218182	0.0181818	0.0181818	0.0181818	0.0181818	0.218182	0.0181818	0.0181818	0.0181818	
0.0454545	0.0454545	0.545455	0.0454545	0.0454545	0.0454545	0.0454545	0.0454545	0.0454545	0.0454545	0.0454545	
0.030303	0.030303	0.363636	0.030303	0.030303	0.363636	0.030303	0.030303	0.030303	0.030303	0.030303	
0.0454545	0.545455	0.0454545	0.0454545	0.0454545	0.0454545	0.0454545	0.0454545	0.0454545	0.0454545	0.0454545	
0.0909091	0.0909091	0.0909091	0.0909091	0.0909091	0.0909091	0.0909091	0.0909091	0.0909091	0.0909091	0.0909091	
0.0454545	0.0454545	0.0454545	0.0454545	0.0454545	0.545455	0.0454545	0.0454545	0.0454545	0.0454545	0.0454545	


Matrix B :

0.0909091	0.0909091	0.0909091	0.0909091	0.0909091	0.0909091	0.0909091	0.0909091	0.0909091	0.0909091	0.0909091	
7.9466e-05	0.252702	0.384695	0.187142	0.110219	0.038541	0.0158137	0.00357597	0.0044501	0.000953592	0.00182772	
0.00115075	0.0897583	0.115075	0.342923	0.191024	0.115075	0.0771001	0.0644419	0.00115075	0.00115075	0.00115075	
0.00534759	0.00534759	0.181818	0.417112	0.122995	0.181818	0.00534759	0.00534759	0.0641711	0.00534759	0.00534759	
0.00826446	0.00826446	0.371901	0.190083	0.190083	0.00826446	0.190083	0.00826446	0.00826446	0.00826446	0.00826446	
0.0151515	0.181818	0.348485	0.181818	0.181818	0.0151515	0.0151515	0.0151515	0.0151515	0.0151515	0.0151515	
0.0454545	0.0454545	0.545455	0.0454545	0.0454545	0.0454545	0.0454545	0.0454545	0.0454545	0.0454545	0.0454545	
0.030303	0.030303	0.69697	0.030303	0.030303	0.030303	0.030303	0.030303	0.030303	0.030303	0.030303	
0.0454545	0.0454545	0.0454545	0.545455	0.0454545	0.0454545	0.0454545	0.0454545	0.0454545	0.0454545	0.0454545	
0.0909091	0.0909091	0.0909091	0.0909091	0.0909091	0.0909091	0.0909091	0.0909091	0.0909091	0.0909091	0.0909091	
0.030303	0.030303	0.030303	0.69697	0.030303	0.030303	0.030303	0.030303	0.030303	0.030303	0.030303	


Vector Pi :

0.00149031	0.870343	0.0670641	0.00149031	0.0178838	0.0178838	0.00149031	0.00149031	0.00149031	0.00149031	0.0178838	


Vector Phi :

0.00082713	0.902399	0.0620347	0.0140612	0.0082713	0.00413565	0.00165426	0.00248139	0.00165426	0.00082713	0.00165426	
