
Parameters: 11 states AND 11 symbols

Matrix A :

0.0909091	0.0909091	0.0909091	0.0909091	0.0909091	0.0909091	0.0909091	0.0909091	0.0909091	0.0909091	0.0909091	
0.000275482	0.815427	0.163912	0.0184573	0.000275482	0.000275482	0.000275482	0.000275482	0.000275482	0.000275482	0.000275482	
0.000321234	0.194668	0.622229	0.162865	0.0179891	0.000321234	0.000321234	0.000321234	0.000321234	0.000321234	0.000321234	
0.000407664	0.0183449	0.206686	0.605789	0.134937	0.0317978	0.000407664	0.000407664	0.000407664	0.000407664	0.000407664	
0.000710227	0.000710227	0.0475852	0.266335	0.508523	0.149148	0.0241477	0.000710227	0.000710227	0.000710227	0.000710227	
0.00106952	0.00106952	0.00106952	0.00106952	0.259893	0.542246	0.154011	0.0363636	0.00106952	0.00106952	0.00106952	
0.0015949	0.0015949	0.0015949	0.0191388	0.0893142	0.194577	0.475279	0.15949	0.0542265	0.0015949	0.0015949	
0.00284091	0.00284091	0.00284091	0.00284091	0.0340909	0.0340909	0.252841	0.440341	0.221591	0.00284091	0.00284091	
0.0030303	0.0030303	0.0030303	0.0030303	0.0030303	0.0030303	0.169697	0.136364	0.40303	0.269697	0.0030303	
0.00478469	0.00478469	0.00478469	0.00478469	0.00478469	0.00478469	0.00478469	0.0574163	0.320574	0.373206	0.215311	
0.00757576	0.00757576	0.00757576	0.00757576	0.00757576	0.00757576	0.00757576	0.00757576	0.0909091	0.257576	0.590909	


Matrix B :

0.0909091	0.0909091	0.0909091	0.0909091	0.0909091	0.0909091	0.0909091	0.0909091	0.0909091	0.0909091	0.0909091	
0.000260485	0.432925	0.315447	0.140662	0.0547017	0.0231831	0.00885647	0.0174525	0.00312581	0.00312581	0.000260485	
0.000304044	0.0671937	0.465187	0.25114	0.12405	0.0437823	0.0170265	0.0170265	0.013682	0.000304044	0.000304044	
0.000396983	0.0047638	0.131401	0.533148	0.223104	0.0571655	0.022231	0.022231	0.000396983	0.0047638	0.000396983	
0.000678426	0.000678426	0.0305292	0.358887	0.329037	0.149932	0.0529172	0.0230665	0.0156038	0.0379919	0.000678426	
0.00103306	0.00103306	0.00103306	0.126033	0.341942	0.251033	0.160124	0.035124	0.0237603	0.0578512	0.00103306	
0.00149031	0.00149031	0.00149031	0.0178838	0.132638	0.394933	0.296572	0.132638	0.00149031	0.00149031	0.0178838	
0.0026738	0.0026738	0.0026738	0.120321	0.0614973	0.237968	0.26738	0.179144	0.0614973	0.0026738	0.0614973	
0.00275482	0.00275482	0.00275482	0.00275482	0.305785	0.184573	0.123967	0.245179	0.123967	0.00275482	0.00275482	
0.00454545	0.00454545	0.00454545	0.00454545	0.104545	0.154545	0.254545	0.204545	0.104545	0.154545	0.00454545	
0.00757576	0.00757576	0.00757576	0.00757576	0.00757576	0.00757576	0.0909091	0.00757576	0.174242	0.0909091	0.590909	


Vector Pi :

0.00149031	0.329359	0.263785	0.099851	0.0834575	0.0506706	0.0670641	0.0342772	0.0506706	0.0178838	0.00149031	


Vector Phi :

0.000843662	0.268718	0.234054	0.186866	0.109619	0.0723539	0.0485185	0.0272166	0.0254957	0.016134	0.0101803	
