
Parameters: 11 states AND 11 symbols

Matrix A :

0.0909091	0.0909091	0.0909091	0.0909091	0.0909091	0.0909091	0.0909091	0.0909091	0.0909091	0.0909091	0.0909091	
0.000150512	0.889223	0.1028	0.0051174	0.00180614	0.000150512	0.000150512	0.000150512	0.000150512	0.000150512	0.000150512	
0.000296121	0.212023	0.671306	0.107788	0.00681078	0.000296121	0.000296121	0.000296121	0.000296121	0.000296121	0.000296121	
0.000575374	0.00690449	0.234753	0.627158	0.127158	0.000575374	0.000575374	0.000575374	0.000575374	0.000575374	0.000575374	
0.00118064	0.00118064	0.0141677	0.273908	0.546635	0.144038	0.0141677	0.00118064	0.00118064	0.00118064	0.00118064	
0.003367	0.003367	0.003367	0.040404	0.373737	0.410774	0.114478	0.040404	0.003367	0.003367	0.003367	
0.010101	0.010101	0.010101	0.010101	0.010101	0.343434	0.454545	0.010101	0.121212	0.010101	0.010101	
0.012987	0.012987	0.012987	0.012987	0.012987	0.155844	0.155844	0.584416	0.012987	0.012987	0.012987	
0.0454545	0.0454545	0.0454545	0.0454545	0.0454545	0.0454545	0.0454545	0.0454545	0.0454545	0.0454545	0.545455	
0.0454545	0.0454545	0.0454545	0.0454545	0.0454545	0.0454545	0.0454545	0.545455	0.0454545	0.0454545	0.0454545	
0.0151515	0.0151515	0.0151515	0.0151515	0.0151515	0.0151515	0.0151515	0.0151515	0.0151515	0.181818	0.681818	


Matrix B :

0.0909091	0.0909091	0.0909091	0.0909091	0.0909091	0.0909091	0.0909091	0.0909091	0.0909091	0.0909091	0.0909091	
0.000142268	0.601081	0.291222	0.092474	0.00953194	0.0048371	0.000142268	0.000142268	0.000142268	0.000142268	0.000142268	
0.000284981	0.0598461	0.69621	0.191508	0.0284981	0.0222286	0.000284981	0.000284981	0.000284981	0.000284981	0.000284981	
0.000550964	0.000550964	0.206612	0.618733	0.121763	0.0429752	0.00661157	0.000550964	0.000550964	0.000550964	0.000550964	
0.00113636	0.00113636	0.00113636	0.538636	0.413636	0.0261364	0.0136364	0.00113636	0.00113636	0.00113636	0.00113636	
0.0031348	0.0031348	0.0031348	0.0721003	0.623824	0.244514	0.0376176	0.0031348	0.0031348	0.0031348	0.0031348	
0.00909091	0.00909091	0.00909091	0.00909091	0.409091	0.209091	0.309091	0.00909091	0.00909091	0.00909091	0.00909091	
0.012987	0.012987	0.012987	0.012987	0.012987	0.012987	0.441558	0.441558	0.012987	0.012987	0.012987	
0.0454545	0.0454545	0.0454545	0.0454545	0.0454545	0.0454545	0.0454545	0.0454545	0.545455	0.0454545	0.0454545	
0.0454545	0.0454545	0.0454545	0.0454545	0.0454545	0.0454545	0.0454545	0.0454545	0.545455	0.0454545	0.0454545	
0.0151515	0.0151515	0.0151515	0.0151515	0.0151515	0.0151515	0.0151515	0.0151515	0.0151515	0.181818	0.681818	


Vector Pi :

0.00149031	0.575261	0.198212	0.116244	0.0670641	0.0342772	0.00149031	0.00149031	0.00149031	0.00149031	0.00149031	


Vector Phi :

0.000891224	0.502055	0.254924	0.130769	0.0629755	0.0234588	0.00937045	0.00623038	0.0019324	0.00182	0.00557254	
