
Parameters: 11 states AND 11 symbols

Matrix A :

0.0909091	0.0909091	0.0909091	0.0909091	0.0909091	0.0909091	0.0909091	0.0909091	0.0909091	0.0909091	0.0909091	
0.00012335	0.85494	0.127667	0.0136919	0.00283705	0.00012335	0.00012335	0.00012335	0.00012335	0.00012335	0.00012335	
0.000302024	0.322561	0.561764	0.0999698	0.0102688	0.00362428	0.000302024	0.000302024	0.000302024	0.000302024	0.000302024	
0.000937207	0.0524836	0.351453	0.485473	0.0731022	0.0112465	0.0112465	0.0112465	0.000937207	0.000937207	0.000937207	
0.00293255	0.131965	0.0997067	0.228739	0.390029	0.0997067	0.0351906	0.00293255	0.00293255	0.00293255	0.00293255	
0.00534759	0.0641711	0.00534759	0.122995	0.240642	0.417112	0.122995	0.00534759	0.00534759	0.00534759	0.00534759	
0.010101	0.010101	0.010101	0.010101	0.121212	0.343434	0.232323	0.121212	0.121212	0.010101	0.010101	
0.0181818	0.0181818	0.0181818	0.0181818	0.0181818	0.0181818	0.418182	0.218182	0.0181818	0.218182	0.0181818	
0.0454545	0.0454545	0.0454545	0.0454545	0.0454545	0.0454545	0.0454545	0.545455	0.0454545	0.0454545	0.0454545	
0.030303	0.030303	0.030303	0.030303	0.030303	0.363636	0.030303	0.030303	0.030303	0.030303	0.363636	
0.0454545	0.0454545	0.0454545	0.0454545	0.0454545	0.0454545	0.0454545	0.0454545	0.0454545	0.545455	0.0454545	


Matrix B :

0.0909091	0.0909091	0.0909091	0.0909091	0.0909091	0.0909091	0.0909091	0.0909091	0.0909091	0.0909091	0.0909091	
0.000117758	0.282501	0.387423	0.172398	0.089496	0.0389779	0.0117758	0.0130711	0.00141309	0.00270843	0.000117758	
0.000286779	0.0192142	0.318899	0.350445	0.170634	0.0759966	0.0412962	0.0129051	0.0097505	0.000286779	0.000286779	
0.000882613	0.000882613	0.0882613	0.301853	0.263019	0.165931	0.117387	0.0300088	0.0105914	0.000882613	0.0203001	
0.00275482	0.00275482	0.123967	0.396694	0.123967	0.15427	0.123967	0.0633609	0.00275482	0.00275482	0.00275482	
0.00534759	0.00534759	0.00534759	0.240642	0.475936	0.240642	0.00534759	0.00534759	0.00534759	0.00534759	0.00534759	
0.010101	0.010101	0.010101	0.010101	0.454545	0.343434	0.121212	0.010101	0.010101	0.010101	0.010101	
0.0181818	0.0181818	0.0181818	0.0181818	0.0181818	0.618182	0.0181818	0.218182	0.0181818	0.0181818	0.0181818	
0.0454545	0.0454545	0.0454545	0.0454545	0.0454545	0.0454545	0.545455	0.0454545	0.0454545	0.0454545	0.0454545	
0.0227273	0.0227273	0.0227273	0.0227273	0.0227273	0.0227273	0.0227273	0.772727	0.0227273	0.0227273	0.0227273	
0.0454545	0.0454545	0.0454545	0.0454545	0.0454545	0.0454545	0.0454545	0.0454545	0.545455	0.0454545	0.0454545	


Vector Pi :

0.00149031	0.558867	0.263785	0.099851	0.0506706	0.00149031	0.00149031	0.00149031	0.00149031	0.0178838	0.00149031	


Vector Phi :

0.000810783	0.615123	0.249751	0.0796925	0.0240332	0.0136217	0.00724183	0.0040559	0.00161543	0.00243282	0.00162172	
