
Parameters: 11 states AND 11 symbols

Matrix A :

0.0909091	0.0909091	0.0909091	0.0909091	0.0909091	0.0909091	0.0909091	0.0909091	0.0909091	0.0909091	0.0909091	
0.000172176	0.858127	0.134642	0.00585399	0.000172176	0.000172176	0.000172176	0.000172176	0.000172176	0.000172176	0.000172176	
0.000254647	0.204736	0.678126	0.115101	0.000254647	0.000254647	0.000254647	0.000254647	0.000254647	0.000254647	0.000254647	
0.000488759	0.0112414	0.231672	0.651026	0.097263	0.0058651	0.000488759	0.000488759	0.000488759	0.000488759	0.000488759	
0.00178253	0.00178253	0.00178253	0.315508	0.452763	0.197861	0.0213904	0.00178253	0.00178253	0.00178253	0.00178253	
0.002331	0.002331	0.002331	0.0792541	0.2331	0.515152	0.156177	0.002331	0.002331	0.002331	0.002331	
0.00534759	0.00534759	0.00534759	0.00534759	0.00534759	0.358289	0.417112	0.122995	0.0641711	0.00534759	0.00534759	
0.0113636	0.0113636	0.0113636	0.0113636	0.0113636	0.136364	0.261364	0.386364	0.136364	0.0113636	0.0113636	
0.0151515	0.0151515	0.0151515	0.0151515	0.0151515	0.0151515	0.0151515	0.348485	0.348485	0.181818	0.0151515	
0.030303	0.030303	0.030303	0.030303	0.030303	0.030303	0.030303	0.030303	0.363636	0.030303	0.363636	
0.0227273	0.0227273	0.0227273	0.0227273	0.0227273	0.0227273	0.0227273	0.0227273	0.0227273	0.272727	0.522727	


Matrix B :

0.0909091	0.0909091	0.0909091	0.0909091	0.0909091	0.0909091	0.0909091	0.0909091	0.0909091	0.0909091	0.0909091	
0.0001638	0.263227	0.299263	0.178542	0.117281	0.0884521	0.0325962	0.0181818	0.0019656	0.0001638	0.0001638	
0.000241138	0.000241138	0.257536	0.302628	0.23101	0.130215	0.050639	0.0214613	0.00554618	0.000241138	0.000241138	
0.000468604	0.000468604	0.0107779	0.237582	0.216963	0.237582	0.175726	0.0829428	0.0365511	0.000468604	0.000468604	
0.00171527	0.00171527	0.00171527	0.114923	0.246998	0.209262	0.114923	0.152659	0.152659	0.00171527	0.00171527	
0.00227273	0.00227273	0.00227273	0.00227273	0.0772727	0.202273	0.302273	0.152273	0.102273	0.127273	0.0272727	
0.00505051	0.00505051	0.00505051	0.00505051	0.00505051	0.227273	0.282828	0.282828	0.0606061	0.0606061	0.0606061	
0.010101	0.010101	0.010101	0.010101	0.010101	0.010101	0.343434	0.343434	0.010101	0.232323	0.010101	
0.0151515	0.0151515	0.0151515	0.0151515	0.0151515	0.0151515	0.348485	0.181818	0.181818	0.181818	0.0151515	
0.030303	0.030303	0.030303	0.030303	0.030303	0.030303	0.030303	0.030303	0.030303	0.363636	0.363636	
0.0227273	0.0227273	0.0227273	0.0227273	0.0227273	0.0227273	0.0227273	0.0227273	0.0227273	0.0227273	0.772727	


Vector Pi :

0.00149031	0.42772	0.329359	0.149031	0.0342772	0.0178838	0.0178838	0.0178838	0.00149031	0.00149031	0.00149031	


Vector Phi :

0.000823571	0.445321	0.297352	0.151744	0.0416611	0.0319093	0.0139269	0.00656917	0.00493047	0.00246865	0.00329308	
