
Parameters: 11 states AND 11 symbols

Matrix A :

0.090909	0.090909	0.090909	0.090909	0.090909	0.090909	0.090909	0.090909	0.090909	0.090909	0.090909	
0.000300	0.855086	0.099310	0.010201	0.010201	0.010201	0.003600	0.003600	0.003600	0.000300	0.003600	
0.000834	0.294412	0.477898	0.092577	0.074229	0.019183	0.019183	0.010008	0.000834	0.010008	0.000834	
0.002597	0.145455	0.316883	0.288312	0.116883	0.031169	0.002597	0.059740	0.031169	0.002597	0.002597	
0.003788	0.128788	0.170455	0.045455	0.045455	0.212121	0.212121	0.045455	0.128788	0.003788	0.003788	
0.003247	0.003247	0.110390	0.253247	0.146104	0.181818	0.146104	0.038961	0.038961	0.003247	0.074675	
0.003636	0.083636	0.123636	0.003636	0.123636	0.243636	0.203636	0.123636	0.083636	0.003636	0.003636	
0.005682	0.005682	0.130682	0.068182	0.005682	0.068182	0.193182	0.130682	0.193182	0.068182	0.130682	
0.003953	0.003953	0.047431	0.090909	0.003953	0.134387	0.090909	0.047431	0.264822	0.264822	0.047431	
0.004132	0.004132	0.095041	0.004132	0.004132	0.004132	0.004132	0.140496	0.185950	0.504132	0.049587	
0.004785	0.004785	0.004785	0.004785	0.004785	0.110048	0.110048	0.004785	0.057416	0.110048	0.583732	


Matrix B :

0.090909	0.090909	0.090909	0.090909	0.090909	0.090909	0.090909	0.090909	0.090909	0.090909	0.090909	
0.000291	0.455420	0.250291	0.134907	0.086830	0.022727	0.022727	0.019522	0.003497	0.003497	0.000291	
0.000791	0.261660	0.418182	0.157312	0.070356	0.044269	0.009486	0.009486	0.018182	0.000791	0.009486	
0.002331	0.053613	0.310023	0.386946	0.079254	0.079254	0.053613	0.027972	0.002331	0.002331	0.002331	
0.003497	0.157343	0.234266	0.118881	0.272727	0.118881	0.041958	0.003497	0.041958	0.003497	0.003497	
0.002841	0.096591	0.190341	0.221591	0.127841	0.190341	0.127841	0.002841	0.034091	0.002841	0.002841	
0.003636	0.003636	0.123636	0.243636	0.283636	0.083636	0.083636	0.123636	0.003636	0.003636	0.043636	
0.005348	0.005348	0.064171	0.122995	0.122995	0.358289	0.122995	0.122995	0.005348	0.064171	0.005348	
0.003636	0.003636	0.083636	0.043636	0.163636	0.123636	0.203636	0.203636	0.043636	0.083636	0.043636	
0.003953	0.003953	0.090909	0.047431	0.047431	0.134387	0.003953	0.177866	0.134387	0.177866	0.177866	
0.004545	0.004545	0.104545	0.154545	0.354545	0.104545	0.204545	0.054545	0.004545	0.004545	0.004545	


Vector Pi :

0.002933	0.325513	0.196481	0.131965	0.067449	0.099707	0.002933	0.035191	0.067449	0.035191	0.035191	


Vector Phi :

0.001682	0.492517	0.180543	0.058926	0.040287	0.048952	0.042260	0.026928	0.038733	0.037021	0.032151	
