
Parameters: 11 states AND 11 symbols

Matrix A :

0.0909091	0.0909091	0.0909091	0.0909091	0.0909091	0.0909091	0.0909091	0.0909091	0.0909091	0.0909091	0.0909091	
0.00013369	0.883957	0.113369	0.00160428	0.00013369	0.00013369	0.00013369	0.00013369	0.00013369	0.00013369	0.00013369	
0.00027137	0.221167	0.668928	0.107734	0.00027137	0.00027137	0.00027137	0.00027137	0.00027137	0.00027137	0.00027137	
0.000849618	0.028887	0.299915	0.53356	0.112999	0.0195412	0.000849618	0.000849618	0.000849618	0.000849618	0.000849618	
0.00252525	0.030303	0.030303	0.308081	0.44697	0.169192	0.00252525	0.00252525	0.00252525	0.00252525	0.00252525	
0.00505051	0.00505051	0.00505051	0.0606061	0.338384	0.282828	0.227273	0.0606061	0.00505051	0.00505051	0.00505051	
0.0113636	0.0113636	0.0113636	0.0113636	0.0113636	0.386364	0.386364	0.136364	0.0113636	0.0113636	0.0113636	
0.00909091	0.00909091	0.00909091	0.00909091	0.109091	0.109091	0.00909091	0.509091	0.209091	0.00909091	0.00909091	
0.0227273	0.0227273	0.0227273	0.0227273	0.0227273	0.0227273	0.0227273	0.272727	0.272727	0.0227273	0.272727	
0.0454545	0.0454545	0.0454545	0.0454545	0.0454545	0.0454545	0.0454545	0.545455	0.0454545	0.0454545	0.0454545	
0.0227273	0.0227273	0.0227273	0.0227273	0.0227273	0.0227273	0.0227273	0.0227273	0.0227273	0.272727	0.522727	


Matrix B :

0.0909091	0.0909091	0.0909091	0.0909091	0.0909091	0.0909091	0.0909091	0.0909091	0.0909091	0.0909091	0.0909091	
0.000128222	0.340044	0.331581	0.163739	0.0875753	0.0466727	0.0212848	0.00718041	0.00153866	0.000128222	0.000128222	
0.000254647	0.0142602	0.381207	0.395213	0.134708	0.0478737	0.0198625	0.00305577	0.000254647	0.00305577	0.000254647	
0.000826446	0.000826446	0.0644628	0.428099	0.346281	0.128099	0.0190083	0.000826446	0.000826446	0.000826446	0.00991736	
0.00239234	0.00239234	0.00239234	0.212919	0.607656	0.0813397	0.0550239	0.0287081	0.00239234	0.00239234	0.00239234	
0.004329	0.004329	0.004329	0.004329	0.337662	0.290043	0.194805	0.0995671	0.004329	0.004329	0.0519481	
0.0113636	0.0113636	0.0113636	0.0113636	0.136364	0.386364	0.136364	0.136364	0.0113636	0.0113636	0.136364	
0.00826446	0.00826446	0.00826446	0.00826446	0.00826446	0.0991736	0.644628	0.0991736	0.00826446	0.00826446	0.0991736	
0.0227273	0.0227273	0.0227273	0.0227273	0.0227273	0.0227273	0.0227273	0.522727	0.0227273	0.272727	0.0227273	
0.0454545	0.0454545	0.0454545	0.0454545	0.0454545	0.0454545	0.0454545	0.0454545	0.545455	0.0454545	0.0454545	
0.0227273	0.0227273	0.0227273	0.0227273	0.0227273	0.0227273	0.0227273	0.0227273	0.272727	0.522727	0.0227273	


Vector Pi :

0.00149031	0.4769	0.362146	0.0506706	0.0342772	0.0506706	0.00149031	0.0178838	0.00149031	0.00149031	0.00149031	


Vector Phi :

0.000829915	0.564312	0.278008	0.0887976	0.0298765	0.0149384	0.00663936	0.00829936	0.00331975	0.00165986	0.00331975	
