
Parameters: 11 states AND 11 symbols

Matrix A :

0.0909091	0.0909091	0.0909091	0.0909091	0.0909091	0.0909091	0.0909091	0.0909091	0.0909091	0.0909091	0.0909091	
0.000213402	0.73026	0.227913	0.0354247	0.00490824	0.000213402	0.000213402	0.000213402	0.000213402	0.000213402	0.000213402	
0.000243072	0.286339	0.535002	0.163345	0.0109383	0.00291687	0.000243072	0.000243072	0.000243072	0.000243072	0.000243072	
0.000488759	0.0381232	0.376833	0.398338	0.161779	0.0219941	0.000488759	0.000488759	0.000488759	0.000488759	0.000488759	
0.000751315	0.000751315	0.0586026	0.232156	0.546206	0.132983	0.0255447	0.000751315	0.000751315	0.000751315	0.000751315	
0.00149031	0.00149031	0.00149031	0.099851	0.247392	0.493294	0.116244	0.00149031	0.0342772	0.00149031	0.00149031	
0.00395257	0.00395257	0.00395257	0.0474308	0.134387	0.3083	0.395257	0.0909091	0.00395257	0.00395257	0.00395257	
0.0181818	0.0181818	0.0181818	0.0181818	0.0181818	0.218182	0.418182	0.218182	0.0181818	0.0181818	0.0181818	
0.0227273	0.0227273	0.0227273	0.0227273	0.0227273	0.0227273	0.272727	0.0227273	0.272727	0.0227273	0.272727	
0.0454545	0.0454545	0.0454545	0.0454545	0.0454545	0.0454545	0.0454545	0.545455	0.0454545	0.0454545	0.0454545	
0.0454545	0.0454545	0.0454545	0.0454545	0.0454545	0.0454545	0.0454545	0.0454545	0.0454545	0.545455	0.0454545	


Matrix B :

0.0909091	0.0909091	0.0909091	0.0909091	0.0909091	0.0909091	0.0909091	0.0909091	0.0909091	0.0909091	0.0909091	
0.000206143	0.315399	0.344877	0.186147	0.0773036	0.0319522	0.0228819	0.00247372	0.00927644	0.00474129	0.00474129	
0.000228415	0.0153038	0.485153	0.311786	0.115806	0.0379169	0.0102787	0.0102787	0.0077661	0.00525354	0.000228415	
0.000468604	0.000468604	0.12418	0.505623	0.232427	0.0777882	0.0210872	0.0210872	0.000468604	0.0159325	0.000468604	
0.00071582	0.00071582	0.00071582	0.221188	0.512527	0.118826	0.0558339	0.0164639	0.0322119	0.0243379	0.0164639	
0.00135685	0.00135685	0.00135685	0.00135685	0.255088	0.404342	0.150611	0.0759837	0.046133	0.0610583	0.00135685	
0.00395257	0.00395257	0.00395257	0.00395257	0.00395257	0.351779	0.525692	0.0474308	0.0474308	0.00395257	0.00395257	
0.0151515	0.0151515	0.0151515	0.0151515	0.0151515	0.0151515	0.681818	0.181818	0.0151515	0.0151515	0.0151515	
0.0227273	0.0227273	0.0227273	0.0227273	0.0227273	0.0227273	0.522727	0.272727	0.0227273	0.0227273	0.0227273	
0.0454545	0.0454545	0.0454545	0.0454545	0.0454545	0.0454545	0.0454545	0.0454545	0.545455	0.0454545	0.0454545	
0.0454545	0.0454545	0.0454545	0.0454545	0.0454545	0.0454545	0.0454545	0.0454545	0.0454545	0.545455	0.0454545	


Vector Pi :

0.00149031	0.247392	0.378539	0.132638	0.099851	0.116244	0.00149031	0.0178838	0.00149031	0.00149031	0.00149031	


Vector Phi :

0.000811603	0.356319	0.313101	0.154133	0.0987912	0.0480529	0.0183656	0.0040203	0.00318281	0.00161526	0.00160731	
