
Parameters: 11 states AND 11 symbols

Matrix A :

0.0909091	0.0909091	0.0909091	0.0909091	0.0909091	0.0909091	0.0909091	0.0909091	0.0909091	0.0909091	0.0909091	
0.000203376	0.796624	0.194834	0.00691479	0.000203376	0.000203376	0.000203376	0.000203376	0.000203376	0.000203376	0.000203376	
0.000245038	0.223965	0.630973	0.132321	0.0110267	0.000245038	0.000245038	0.000245038	0.000245038	0.000245038	0.000245038	
0.000496771	0.0387481	0.268256	0.530551	0.142573	0.0168902	0.000496771	0.000496771	0.000496771	0.000496771	0.000496771	
0.000819001	0.000819001	0.00982801	0.289107	0.54136	0.144963	0.00982801	0.000819001	0.000819001	0.000819001	0.000819001	
0.00178253	0.00178253	0.00178253	0.0213904	0.393939	0.413547	0.158645	0.00178253	0.00178253	0.00178253	0.00178253	
0.00395257	0.00395257	0.00395257	0.00395257	0.00395257	0.351779	0.525692	0.0474308	0.0474308	0.00395257	0.00395257	
0.0227273	0.0227273	0.0227273	0.0227273	0.0227273	0.272727	0.272727	0.272727	0.0227273	0.0227273	0.0227273	
0.0454545	0.0454545	0.0454545	0.0454545	0.0454545	0.0454545	0.0454545	0.0454545	0.0454545	0.545455	0.0454545	
0.030303	0.030303	0.030303	0.030303	0.030303	0.030303	0.030303	0.363636	0.030303	0.030303	0.363636	
0.0227273	0.0227273	0.0227273	0.0227273	0.0227273	0.0227273	0.0227273	0.0227273	0.0227273	0.272727	0.522727	


Matrix B :

0.0909091	0.0909091	0.0909091	0.0909091	0.0909091	0.0909091	0.0909091	0.0909091	0.0909091	0.0909091	0.0909091	
0.000193424	0.468279	0.272534	0.12147	0.0874275	0.0235977	0.00870406	0.0108317	0.0065764	0.000193424	0.000193424	
0.000233699	0.0439355	0.426969	0.275298	0.108203	0.0722131	0.0182286	0.0233699	0.0233699	0.00794578	0.000233699	
0.000473485	0.000473485	0.203598	0.401515	0.234848	0.0994318	0.0317235	0.0108902	0.000473485	0.0108902	0.00568182	
0.000770416	0.000770416	0.000770416	0.382126	0.40755	0.119414	0.0346687	0.0431433	0.000770416	0.000770416	0.00924499	
0.00171527	0.00171527	0.00171527	0.0205832	0.360206	0.209262	0.133791	0.114923	0.0205832	0.0394511	0.0960549	
0.00378788	0.00378788	0.00378788	0.00378788	0.0871212	0.545455	0.253788	0.00378788	0.0454545	0.00378788	0.0454545	
0.0227273	0.0227273	0.0227273	0.0227273	0.0227273	0.0227273	0.522727	0.0227273	0.272727	0.0227273	0.0227273	
0.0454545	0.0454545	0.0454545	0.0454545	0.0454545	0.0454545	0.0454545	0.0454545	0.545455	0.0454545	0.0454545	
0.030303	0.030303	0.030303	0.030303	0.030303	0.030303	0.030303	0.030303	0.030303	0.69697	0.030303	
0.0227273	0.0227273	0.0227273	0.0227273	0.0227273	0.0227273	0.0227273	0.0227273	0.0227273	0.0227273	0.772727	


Vector Pi :

0.00149031	0.378539	0.280179	0.149031	0.116244	0.0506706	0.0178838	0.00149031	0.00149031	0.00149031	0.00149031	


Vector Phi :

0.000810277	0.376296	0.312835	0.151859	0.0899558	0.0397092	0.0180871	0.00320291	0.00159667	0.00241651	0.00323157	
