
Parameters: 11 states AND 11 symbols

Matrix A :

0.0909091	0.0909091	0.0909091	0.0909091	0.0909091	0.0909091	0.0909091	0.0909091	0.0909091	0.0909091	0.0909091	
0.000192604	0.788328	0.186633	0.021379	0.00231125	0.000192604	0.000192604	0.000192604	0.000192604	0.000192604	0.000192604	
0.000270563	0.259199	0.562771	0.158009	0.0121753	0.00622294	0.000270563	0.000270563	0.000270563	0.000270563	0.000270563	
0.000434972	0.0482819	0.244454	0.526751	0.167899	0.0100043	0.000434972	0.000434972	0.000434972	0.000434972	0.000434972	
0.000849618	0.0101954	0.0662702	0.290569	0.486831	0.103653	0.0382328	0.000849618	0.000849618	0.000849618	0.000849618	
0.00206612	0.00206612	0.00206612	0.0929752	0.297521	0.502066	0.0247934	0.0475207	0.0247934	0.00206612	0.00206612	
0.00649351	0.00649351	0.00649351	0.00649351	0.00649351	0.363636	0.363636	0.220779	0.00649351	0.00649351	0.00649351	
0.00909091	0.00909091	0.00909091	0.00909091	0.109091	0.209091	0.309091	0.109091	0.209091	0.00909091	0.00909091	
0.0151515	0.0151515	0.0151515	0.0151515	0.0151515	0.0151515	0.0151515	0.348485	0.348485	0.0151515	0.181818	
0.0454545	0.0454545	0.0454545	0.0454545	0.0454545	0.0454545	0.0454545	0.545455	0.0454545	0.0454545	0.0454545	
0.0227273	0.0227273	0.0227273	0.0227273	0.0227273	0.0227273	0.0227273	0.0227273	0.0227273	0.272727	0.522727	


Matrix B :

0.0909091	0.0909091	0.0909091	0.0909091	0.0909091	0.0909091	0.0909091	0.0909091	0.0909091	0.0909091	0.0909091	
0.000182548	0.616648	0.261227	0.0684556	0.026287	0.00821468	0.0142388	0.00219058	0.000182548	0.00219058	0.000182548	
0.000259	0.370629	0.362082	0.148407	0.0572391	0.0259	0.023051	0.003108	0.000259	0.003108	0.00595701	
0.000417014	0.211426	0.371977	0.257298	0.087573	0.0554629	0.0141785	0.000417014	0.000417014	0.000417014	0.000417014	
0.000804505	0.0981496	0.522928	0.195495	0.115849	0.0450523	0.00965406	0.00965406	0.000804505	0.000804505	0.000804505	
0.00189394	0.00189394	0.501894	0.272727	0.106061	0.106061	0.00189394	0.00189394	0.00189394	0.00189394	0.00189394	
0.00649351	0.00649351	0.220779	0.506494	0.0779221	0.149351	0.00649351	0.00649351	0.00649351	0.00649351	0.00649351	
0.00909091	0.00909091	0.209091	0.209091	0.309091	0.109091	0.109091	0.00909091	0.00909091	0.00909091	0.00909091	
0.0151515	0.0151515	0.0151515	0.181818	0.0151515	0.181818	0.515152	0.0151515	0.0151515	0.0151515	0.0151515	
0.0454545	0.0454545	0.0454545	0.0454545	0.0454545	0.0454545	0.545455	0.0454545	0.0454545	0.0454545	0.0454545	
0.0227273	0.0227273	0.0227273	0.272727	0.0227273	0.272727	0.272727	0.0227273	0.0227273	0.0227273	0.0227273	


Vector Pi :

0.00149031	0.444113	0.247392	0.149031	0.099851	0.0506706	0.00149031	0.00149031	0.00149031	0.00149031	0.00149031	


Vector Phi :

0.000852017	0.386565	0.277511	0.174411	0.090613	0.0390206	0.012014	0.0086568	0.00520531	0.0017118	0.00343914	
