
Parameters: 11 states AND 11 symbols

Matrix A :

0.0909091	0.0909091	0.0909091	0.0909091	0.0909091	0.0909091	0.0909091	0.0909091	0.0909091	0.0909091	0.0909091	
0.000107078	0.944748	0.0472213	0.00599636	0.00128493	0.000107078	0.000107078	0.000107078	0.000107078	0.000107078	0.000107078	
0.000486145	0.219737	0.701021	0.0646573	0.0111813	0.000486145	0.000486145	0.000486145	0.000486145	0.000486145	0.000486145	
0.00119617	0.0538278	0.185407	0.54067	0.145933	0.0538278	0.0143541	0.00119617	0.00119617	0.00119617	0.00119617	
0.0025974	0.0311688	0.0311688	0.316883	0.45974	0.116883	0.0311688	0.0025974	0.0025974	0.0025974	0.0025974	
0.004329	0.004329	0.004329	0.242424	0.147186	0.290043	0.194805	0.0995671	0.004329	0.004329	0.004329	
0.00568182	0.00568182	0.00568182	0.00568182	0.0681818	0.380682	0.380682	0.0681818	0.0681818	0.00568182	0.00568182	
0.012987	0.012987	0.012987	0.012987	0.012987	0.012987	0.298701	0.298701	0.155844	0.155844	0.012987	
0.0181818	0.0181818	0.0181818	0.0181818	0.0181818	0.218182	0.218182	0.218182	0.0181818	0.0181818	0.218182	
0.030303	0.030303	0.030303	0.030303	0.030303	0.030303	0.030303	0.030303	0.363636	0.030303	0.363636	
0.0181818	0.0181818	0.0181818	0.0181818	0.0181818	0.0181818	0.0181818	0.0181818	0.218182	0.218182	0.418182	


Matrix B :

0.0909091	0.0909091	0.0909091	0.0909091	0.0909091	0.0909091	0.0909091	0.0909091	0.0909091	0.0909091	0.0909091	
0.000102145	0.223698	0.395608	0.202349	0.0877426	0.039428	0.0236977	0.00909091	0.0102145	0.00796731	0.000102145	
0.000461467	0.0106138	0.17305	0.350715	0.254269	0.142593	0.0512229	0.0106138	0.00553761	0.000461467	0.000461467	
0.00113636	0.00113636	0.0261364	0.251136	0.438636	0.0636364	0.0761364	0.0886364	0.0136364	0.0136364	0.0261364	
0.002457	0.002457	0.002457	0.110565	0.326781	0.407862	0.029484	0.029484	0.0565111	0.002457	0.029484	
0.00395257	0.00395257	0.00395257	0.0474308	0.3083	0.221344	0.177866	0.0909091	0.0474308	0.0474308	0.0474308	
0.00534759	0.00534759	0.00534759	0.0641711	0.122995	0.240642	0.0641711	0.00534759	0.122995	0.299465	0.0641711	
0.012987	0.012987	0.012987	0.012987	0.155844	0.155844	0.584416	0.012987	0.012987	0.012987	0.012987	
0.0181818	0.0181818	0.0181818	0.0181818	0.0181818	0.0181818	0.218182	0.418182	0.0181818	0.218182	0.0181818	
0.030303	0.030303	0.030303	0.030303	0.030303	0.363636	0.363636	0.030303	0.030303	0.030303	0.030303	
0.0181818	0.0181818	0.0181818	0.0181818	0.0181818	0.0181818	0.218182	0.0181818	0.0181818	0.218182	0.418182	


Vector Pi :

0.00149031	0.673621	0.165425	0.0834575	0.0342772	0.0178838	0.0178838	0.00149031	0.00149031	0.00149031	0.00149031	


Vector Phi :

0.000862076	0.701925	0.1545	0.0623892	0.0294589	0.0191606	0.0141263	0.00622411	0.00437895	0.00262199	0.00435337	
