
Parameters: 11 states AND 11 symbols

Matrix A :

0.0909091	0.0909091	0.0909091	0.0909091	0.0909091	0.0909091	0.0909091	0.0909091	0.0909091	0.0909091	0.0909091	
0.000146391	0.827844	0.164398	0.00658762	0.000146391	0.000146391	0.000146391	0.000146391	0.000146391	0.000146391	0.000146391	
0.000247709	0.275452	0.607877	0.106515	0.0084221	0.000247709	0.000247709	0.000247709	0.000247709	0.000247709	0.000247709	
0.000763942	0.025974	0.328495	0.496562	0.126814	0.0175707	0.000763942	0.000763942	0.000763942	0.000763942	0.000763942	
0.00197628	0.0237154	0.0671937	0.262846	0.436759	0.175889	0.00197628	0.0237154	0.00197628	0.00197628	0.00197628	
0.00454545	0.00454545	0.00454545	0.104545	0.304545	0.204545	0.304545	0.00454545	0.0545455	0.00454545	0.00454545	
0.00699301	0.00699301	0.00699301	0.0839161	0.0839161	0.237762	0.391608	0.160839	0.00699301	0.00699301	0.00699301	
0.0113636	0.0113636	0.0113636	0.136364	0.0113636	0.136364	0.136364	0.386364	0.136364	0.0113636	0.0113636	
0.0181818	0.0181818	0.0181818	0.0181818	0.0181818	0.218182	0.0181818	0.218182	0.218182	0.218182	0.0181818	
0.0454545	0.0454545	0.0454545	0.0454545	0.0454545	0.0454545	0.0454545	0.0454545	0.0454545	0.0454545	0.545455	
0.030303	0.030303	0.030303	0.030303	0.030303	0.030303	0.030303	0.030303	0.363636	0.030303	0.363636	


Matrix B :

0.0909091	0.0909091	0.0909091	0.0909091	0.0909091	0.0909091	0.0909091	0.0909091	0.0909091	0.0909091	0.0909091	
0.000139218	0.376862	0.277321	0.194626	0.101211	0.0261729	0.010859	0.00779619	0.00167061	0.000139218	0.003202	
0.000236128	0.0288076	0.509327	0.272963	0.124911	0.0365998	0.0184179	0.00283353	0.000236128	0.00283353	0.00283353	
0.00071582	0.00071582	0.197566	0.449535	0.181818	0.118826	0.0400859	0.00858984	0.00071582	0.00071582	0.00071582	
0.00193424	0.00193424	0.00193424	0.363636	0.448743	0.129594	0.0232108	0.0232108	0.00193424	0.00193424	0.00193424	
0.00454545	0.00454545	0.00454545	0.00454545	0.254545	0.354545	0.154545	0.104545	0.0545455	0.0545455	0.00454545	
0.00699301	0.00699301	0.00699301	0.00699301	0.00699301	0.468531	0.160839	0.237762	0.0839161	0.00699301	0.00699301	
0.010101	0.010101	0.010101	0.010101	0.010101	0.454545	0.232323	0.010101	0.010101	0.232323	0.010101	
0.0181818	0.0181818	0.0181818	0.0181818	0.0181818	0.0181818	0.0181818	0.218182	0.218182	0.218182	0.218182	
0.0454545	0.0454545	0.0454545	0.0454545	0.0454545	0.0454545	0.0454545	0.0454545	0.0454545	0.0454545	0.545455	
0.030303	0.030303	0.030303	0.030303	0.030303	0.030303	0.030303	0.030303	0.363636	0.363636	0.030303	


Vector Pi :

0.00149031	0.542474	0.280179	0.132638	0.0178838	0.00149031	0.00149031	0.0178838	0.00149031	0.00149031	0.00149031	


Vector Phi :

0.000832351	0.51309	0.306104	0.0991621	0.0383316	0.0166623	0.0108288	0.0066629	0.00416346	0.00166504	0.00249731	
