
Parameters: 11 states AND 11 symbols

Matrix A :

0.0909091	0.0909091	0.0909091	0.0909091	0.0909091	0.0909091	0.0909091	0.0909091	0.0909091	0.0909091	0.0909091	
0.000100675	0.932548	0.0621162	0.00231551	0.000100675	0.00231551	0.000100675	0.000100675	0.000100675	0.000100675	0.000100675	
0.000395257	0.248221	0.696047	0.0482213	0.000395257	0.00474308	0.000395257	0.000395257	0.000395257	0.000395257	0.000395257	
0.00206612	0.0702479	0.297521	0.524793	0.0929752	0.00206612	0.00206612	0.00206612	0.00206612	0.00206612	0.00206612	
0.00909091	0.109091	0.00909091	0.509091	0.309091	0.00909091	0.00909091	0.00909091	0.00909091	0.00909091	0.00909091	
0.0151515	0.0151515	0.0151515	0.0151515	0.181818	0.348485	0.181818	0.0151515	0.0151515	0.0151515	0.181818	
0.030303	0.030303	0.030303	0.030303	0.363636	0.030303	0.030303	0.363636	0.030303	0.030303	0.030303	
0.030303	0.030303	0.030303	0.363636	0.030303	0.030303	0.363636	0.030303	0.030303	0.030303	0.030303	
0.0909091	0.0909091	0.0909091	0.0909091	0.0909091	0.0909091	0.0909091	0.0909091	0.0909091	0.0909091	0.0909091	
0.0909091	0.0909091	0.0909091	0.0909091	0.0909091	0.0909091	0.0909091	0.0909091	0.0909091	0.0909091	0.0909091	
0.030303	0.030303	0.030303	0.030303	0.030303	0.030303	0.030303	0.363636	0.030303	0.030303	0.363636	


Matrix B :

0.0909091	0.0909091	0.0909091	0.0909091	0.0909091	0.0909091	0.0909091	0.0909091	0.0909091	0.0909091	0.0909091	
0.00114471	0.137556	0.278165	0.213107	0.160641	0.109224	0.0557092	0.0242297	0.0126872	0.00534198	0.00219403	
0.000383583	0.0130418	0.0636747	0.211354	0.287303	0.152282	0.110088	0.0847718	0.0383583	0.0257	0.0130418	
0.0020202	0.0686869	0.0242424	0.224242	0.0242424	0.113131	0.135354	0.157576	0.113131	0.113131	0.0242424	
0.00826446	0.00826446	0.190083	0.0991736	0.0991736	0.00826446	0.0991736	0.0991736	0.0991736	0.280992	0.00826446	
0.0151515	0.0151515	0.0151515	0.181818	0.0151515	0.0151515	0.0151515	0.181818	0.181818	0.348485	0.0151515	
0.030303	0.030303	0.363636	0.030303	0.030303	0.030303	0.030303	0.030303	0.363636	0.030303	0.030303	
0.0227273	0.0227273	0.272727	0.0227273	0.0227273	0.0227273	0.0227273	0.522727	0.0227273	0.0227273	0.0227273	
0.0909091	0.0909091	0.0909091	0.0909091	0.0909091	0.0909091	0.0909091	0.0909091	0.0909091	0.0909091	0.0909091	
0.0909091	0.0909091	0.0909091	0.0909091	0.0909091	0.0909091	0.0909091	0.0909091	0.0909091	0.0909091	0.0909091	
0.030303	0.030303	0.69697	0.030303	0.030303	0.030303	0.030303	0.030303	0.030303	0.030303	0.030303	


Vector Pi :

0.00149031	0.804769	0.116244	0.0342772	0.0178838	0.00149031	0.00149031	0.0178838	0.00149031	0.00149031	0.00149031	


Vector Phi :

0.000815017	0.753526	0.189471	0.0342512	0.00796561	0.00496161	0.00246069	0.00245622	0.000815017	0.000815017	0.00246293	
