
Parameters: 11 states AND 11 symbols

Matrix A :

0.0909091	0.0909091	0.0909091	0.0909091	0.0909091	0.0909091	0.0909091	0.0909091	0.0909091	0.0909091	0.0909091	
0.000121212	0.921455	0.0721212	0.00278788	0.00278788	0.000121212	0.000121212	0.000121212	0.000121212	0.000121212	0.000121212	
0.000359324	0.213798	0.656486	0.107079	0.0161696	0.00431189	0.000359324	0.000359324	0.000359324	0.000359324	0.000359324	
0.000857633	0.0291595	0.283877	0.510292	0.161235	0.000857633	0.0102916	0.000857633	0.000857633	0.000857633	0.000857633	
0.00162338	0.0194805	0.0373377	0.340909	0.465909	0.0551948	0.0730519	0.00162338	0.00162338	0.00162338	0.00162338	
0.00699301	0.00699301	0.00699301	0.0839161	0.237762	0.468531	0.0839161	0.0839161	0.00699301	0.00699301	0.00699301	
0.00757576	0.00757576	0.00757576	0.0909091	0.257576	0.0909091	0.257576	0.174242	0.00757576	0.0909091	0.00757576	
0.012987	0.012987	0.012987	0.012987	0.155844	0.155844	0.298701	0.298701	0.012987	0.012987	0.012987	
0.0909091	0.0909091	0.0909091	0.0909091	0.0909091	0.0909091	0.0909091	0.0909091	0.0909091	0.0909091	0.0909091	
0.030303	0.030303	0.030303	0.030303	0.030303	0.030303	0.030303	0.363636	0.030303	0.030303	0.363636	
0.030303	0.030303	0.030303	0.030303	0.030303	0.030303	0.030303	0.030303	0.030303	0.363636	0.363636	


Matrix B :

0.0909091	0.0909091	0.0909091	0.0909091	0.0909091	0.0909091	0.0909091	0.0909091	0.0909091	0.0909091	0.0909091	
0.000115367	0.398593	0.352907	0.133364	0.0610291	0.0280341	0.0166128	0.00899862	0.000115367	0.000115367	0.000115367	
0.000343053	0.0305317	0.4494	0.2494	0.177702	0.0456261	0.0267581	0.019211	0.000343053	0.000343053	0.000343053	
0.000804505	0.000804505	0.0893001	0.248592	0.248592	0.195495	0.0804505	0.0627514	0.0362027	0.0185036	0.0185036	
0.0015674	0.0015674	0.0532915	0.105016	0.311912	0.294671	0.0877743	0.0532915	0.0877743	0.0015674	0.0015674	
0.00649351	0.00649351	0.00649351	0.292208	0.00649351	0.292208	0.292208	0.0779221	0.00649351	0.00649351	0.00649351	
0.00757576	0.00757576	0.00757576	0.0909091	0.174242	0.257576	0.174242	0.257576	0.00757576	0.00757576	0.00757576	
0.012987	0.012987	0.012987	0.012987	0.155844	0.298701	0.441558	0.012987	0.012987	0.012987	0.012987	
0.0909091	0.0909091	0.0909091	0.0909091	0.0909091	0.0909091	0.0909091	0.0909091	0.0909091	0.0909091	0.0909091	
0.030303	0.030303	0.030303	0.030303	0.030303	0.363636	0.363636	0.030303	0.030303	0.030303	0.030303	
0.030303	0.030303	0.030303	0.030303	0.030303	0.363636	0.363636	0.030303	0.030303	0.030303	0.030303	


Vector Pi :

0.00149031	0.624441	0.198212	0.132638	0.0178838	0.0178838	0.00149031	0.00149031	0.00149031	0.00149031	0.00149031	


Vector Phi :

0.000841116	0.621239	0.20942	0.087367	0.0480851	0.0110321	0.0101886	0.00592499	0.000841116	0.00253287	0.00252811	
