
Parameters: 11 states AND 11 symbols

Matrix A :

0.0909091	0.0909091	0.0909091	0.0909091	0.0909091	0.0909091	0.0909091	0.0909091	0.0909091	0.0909091	0.0909091	
0.000125739	0.919904	0.0761977	0.00289199	0.000125739	0.000125739	0.000125739	0.000125739	0.000125739	0.000125739	0.000125739	
0.000330579	0.193058	0.687603	0.094876	0.014876	0.00396694	0.00396694	0.000330579	0.000330579	0.000330579	0.000330579	
0.000819001	0.036855	0.235053	0.604423	0.117936	0.000819001	0.000819001	0.000819001	0.000819001	0.000819001	0.000819001	
0.00189394	0.00189394	0.0643939	0.272727	0.460227	0.147727	0.0227273	0.00189394	0.0227273	0.00189394	0.00189394	
0.00505051	0.00505051	0.00505051	0.00505051	0.393939	0.393939	0.116162	0.00505051	0.0606061	0.00505051	0.00505051	
0.00909091	0.00909091	0.109091	0.109091	0.00909091	0.209091	0.309091	0.109091	0.109091	0.00909091	0.00909091	
0.0227273	0.0227273	0.0227273	0.0227273	0.272727	0.0227273	0.272727	0.272727	0.0227273	0.0227273	0.0227273	
0.012987	0.012987	0.012987	0.155844	0.012987	0.012987	0.155844	0.012987	0.298701	0.155844	0.155844	
0.0227273	0.0227273	0.0227273	0.0227273	0.0227273	0.0227273	0.0227273	0.272727	0.272727	0.0227273	0.272727	
0.0227273	0.0227273	0.0227273	0.0227273	0.0227273	0.0227273	0.0227273	0.0227273	0.0227273	0.522727	0.272727	


Matrix B :

0.0909091	0.0909091	0.0909091	0.0909091	0.0909091	0.0909091	0.0909091	0.0909091	0.0909091	0.0909091	0.0909091	
0.000119775	0.355851	0.369026	0.15427	0.0646784	0.0422805	0.0119775	0.0014373	0.000119775	0.000119775	0.000119775	
0.000315657	0.0072601	0.180871	0.361427	0.285038	0.121843	0.0385101	0.00378788	0.000315657	0.000315657	0.000315657	
0.000763942	0.000763942	0.0427807	0.185638	0.286478	0.311688	0.118411	0.0427807	0.000763942	0.0091673	0.000763942	
0.00185529	0.00185529	0.0222635	0.144712	0.348794	0.144712	0.124304	0.124304	0.0426716	0.00185529	0.0426716	
0.00505051	0.00505051	0.00505051	0.0606061	0.282828	0.0606061	0.282828	0.0606061	0.0606061	0.171717	0.00505051	
0.00909091	0.00909091	0.00909091	0.00909091	0.00909091	0.309091	0.109091	0.509091	0.00909091	0.00909091	0.00909091	
0.0181818	0.0181818	0.0181818	0.0181818	0.0181818	0.0181818	0.218182	0.218182	0.0181818	0.418182	0.0181818	
0.0113636	0.0113636	0.0113636	0.0113636	0.0113636	0.261364	0.136364	0.136364	0.261364	0.136364	0.0113636	
0.0227273	0.0227273	0.0227273	0.0227273	0.0227273	0.0227273	0.0227273	0.272727	0.0227273	0.0227273	0.522727	
0.272727	0.0227273	0.0227273	0.0227273	0.0227273	0.0227273	0.0227273	0.522727	0.0227273	0.0227273	0.0227273	


Vector Pi :

0.00149031	0.591654	0.214605	0.132638	0.0178838	0.00149031	0.00149031	0.0178838	0.0178838	0.00149031	0.00149031	


Vector Phi :

0.000829885	0.599998	0.228216	0.0921167	0.0398344	0.0149379	0.00829886	0.00331955	0.00580921	0.00331955	0.00331955	
