
Parameters: 11 states AND 11 symbols

Matrix A :

0.0909091	0.0909091	0.0909091	0.0909091	0.0909091	0.0909091	0.0909091	0.0909091	0.0909091	0.0909091	0.0909091	
0.000104613	0.921854	0.0737525	0.00240611	0.000104613	0.000104613	0.000104613	0.000104613	0.000104613	0.000104613	0.00125536	
0.000396983	0.275506	0.616118	0.0964669	0.00913061	0.000396983	0.000396983	0.000396983	0.000396983	0.000396983	0.000396983	
0.0015949	0.0366826	0.370016	0.440191	0.0893142	0.0191388	0.0015949	0.0366826	0.0015949	0.0015949	0.0015949	
0.00568182	0.130682	0.130682	0.255682	0.130682	0.255682	0.0681818	0.00568182	0.00568182	0.00568182	0.00568182	
0.00826446	0.00826446	0.00826446	0.0991736	0.46281	0.371901	0.00826446	0.00826446	0.00826446	0.00826446	0.00826446	
0.0227273	0.0227273	0.0227273	0.0227273	0.272727	0.272727	0.0227273	0.272727	0.0227273	0.0227273	0.0227273	
0.012987	0.012987	0.012987	0.155844	0.012987	0.012987	0.298701	0.298701	0.155844	0.012987	0.012987	
0.0227273	0.0227273	0.0227273	0.0227273	0.0227273	0.0227273	0.0227273	0.272727	0.522727	0.0227273	0.0227273	
0.0909091	0.0909091	0.0909091	0.0909091	0.0909091	0.0909091	0.0909091	0.0909091	0.0909091	0.0909091	0.0909091	
0.0151515	0.0151515	0.0151515	0.181818	0.0151515	0.0151515	0.0151515	0.0151515	0.0151515	0.0151515	0.681818	


Matrix B :

0.0909091	0.0909091	0.0909091	0.0909091	0.0909091	0.0909091	0.0909091	0.0909091	0.0909091	0.0909091	0.0909091	
0.00119749	0.136214	0.28111	0.273426	0.154875	0.0945015	0.0396168	0.0121744	0.00449057	9.97904e-05	0.00229518	
0.000377216	0.00452659	0.0667673	0.261788	0.253489	0.253489	0.0792154	0.0501697	0.0252735	0.00452659	0.000377216	
0.00151515	0.00151515	0.0348485	0.0681818	0.184848	0.201515	0.301515	0.118182	0.0515152	0.0348485	0.00151515	
0.00505051	0.00505051	0.00505051	0.282828	0.227273	0.116162	0.0606061	0.116162	0.116162	0.0606061	0.00505051	
0.00826446	0.00826446	0.280992	0.0991736	0.190083	0.190083	0.00826446	0.00826446	0.0991736	0.0991736	0.00826446	
0.0181818	0.0181818	0.0181818	0.418182	0.218182	0.0181818	0.218182	0.0181818	0.0181818	0.0181818	0.0181818	
0.012987	0.012987	0.012987	0.584416	0.012987	0.298701	0.012987	0.012987	0.012987	0.012987	0.012987	
0.0227273	0.0227273	0.0227273	0.0227273	0.522727	0.272727	0.0227273	0.0227273	0.0227273	0.0227273	0.0227273	
0.0909091	0.0909091	0.0909091	0.0909091	0.0909091	0.0909091	0.0909091	0.0909091	0.0909091	0.0909091	0.0909091	
0.0151515	0.0151515	0.0151515	0.0151515	0.181818	0.181818	0.181818	0.348485	0.0151515	0.0151515	0.0151515	


Vector Pi :

0.00149031	0.690015	0.198212	0.0506706	0.0342772	0.00149031	0.0178838	0.00149031	0.00149031	0.00149031	0.00149031	


Vector Phi :

0.000829876	0.721162	0.190041	0.0473029	0.013278	0.00912863	0.0033195	0.00580913	0.0033195	0.000829876	0.00497925	
