
Parameters: 11 states AND 11 symbols

Matrix A :

0.090909	0.090909	0.090909	0.090909	0.090909	0.090909	0.090909	0.090909	0.090909	0.090909	0.090909	
0.000491	0.308600	0.324816	0.151843	0.135627	0.065356	0.011302	0.000491	0.000491	0.000491	0.000491	
0.000602	0.311860	0.245635	0.159542	0.192655	0.053582	0.013847	0.013847	0.007225	0.000602	0.000602	
0.000777	0.368298	0.180264	0.274281	0.060606	0.043512	0.026418	0.009324	0.017871	0.000777	0.017871	
0.001045	0.184953	0.207941	0.196447	0.127482	0.115987	0.104493	0.024033	0.024033	0.012539	0.001045	
0.001976	0.306324	0.175889	0.219368	0.067194	0.110672	0.045455	0.023715	0.023715	0.023715	0.001976	
0.003953	0.221344	0.177866	0.090909	0.221344	0.134387	0.134387	0.003953	0.003953	0.003953	0.003953	
0.011364	0.011364	0.011364	0.136364	0.636364	0.136364	0.011364	0.011364	0.011364	0.011364	0.011364	
0.010101	0.232323	0.010101	0.232323	0.121212	0.232323	0.010101	0.010101	0.121212	0.010101	0.010101	
0.022727	0.022727	0.272727	0.022727	0.022727	0.022727	0.272727	0.272727	0.022727	0.022727	0.022727	
0.030303	0.030303	0.030303	0.030303	0.030303	0.030303	0.030303	0.030303	0.363636	0.363636	0.030303	


Matrix B :

0.090909	0.090909	0.090909	0.090909	0.090909	0.090909	0.090909	0.090909	0.090909	0.090909	0.090909	
0.000476	0.361733	0.325083	0.183722	0.094717	0.026654	0.005712	0.000476	0.000476	0.000476	0.000476	
0.000572	0.126358	0.428245	0.195540	0.201830	0.025729	0.019440	0.000572	0.000572	0.000572	0.000572	
0.000751	0.000751	0.389181	0.331330	0.141247	0.075131	0.025545	0.033809	0.000751	0.000751	0.000751	
0.000999	0.000999	0.055944	0.495504	0.231768	0.143856	0.044955	0.011988	0.011988	0.000999	0.000999	
0.001894	0.001894	0.001894	0.147727	0.356061	0.314394	0.106061	0.064394	0.001894	0.001894	0.001894	
0.003953	0.003953	0.003953	0.177866	0.264822	0.351779	0.134387	0.047431	0.003953	0.003953	0.003953	
0.011364	0.011364	0.011364	0.011364	0.261364	0.261364	0.261364	0.136364	0.011364	0.011364	0.011364	
0.009091	0.009091	0.009091	0.009091	0.209091	0.209091	0.409091	0.009091	0.109091	0.009091	0.009091	
0.022727	0.022727	0.022727	0.022727	0.022727	0.022727	0.272727	0.272727	0.272727	0.022727	0.022727	
0.030303	0.030303	0.030303	0.030303	0.030303	0.363636	0.030303	0.030303	0.030303	0.030303	0.363636	


Vector Pi :

0.003497	0.234266	0.349650	0.157343	0.157343	0.041958	0.003497	0.003497	0.041958	0.003497	0.003497	


Vector Phi :

0.001582	0.291792	0.236460	0.184637	0.137018	0.074225	0.036330	0.012643	0.014227	0.006350	0.004738	
