
Parameters: 11 states AND 11 symbols

Matrix A :

0.090909	0.090909	0.090909	0.090909	0.090909	0.090909	0.090909	0.090909	0.090909	0.090909	0.090909	
0.000253	0.905808	0.066919	0.008586	0.005808	0.008586	0.000253	0.000253	0.000253	0.003030	0.000253	
0.001318	0.276680	0.421607	0.160738	0.015810	0.030303	0.030303	0.001318	0.015810	0.030303	0.015810	
0.001684	0.168350	0.186869	0.446128	0.094276	0.057239	0.020202	0.001684	0.020202	0.001684	0.001684	
0.006061	0.006061	0.139394	0.339394	0.206061	0.006061	0.072727	0.139394	0.006061	0.006061	0.072727	
0.008264	0.099174	0.008264	0.099174	0.190083	0.008264	0.190083	0.190083	0.099174	0.099174	0.008264	
0.004785	0.110048	0.110048	0.267943	0.057416	0.057416	0.057416	0.215311	0.110048	0.004785	0.004785	
0.005348	0.005348	0.064171	0.064171	0.005348	0.005348	0.240642	0.299465	0.299465	0.005348	0.005348	
0.004545	0.004545	0.004545	0.004545	0.004545	0.004545	0.254545	0.154545	0.404545	0.104545	0.054545	
0.006061	0.006061	0.006061	0.072727	0.006061	0.072727	0.072727	0.006061	0.072727	0.206061	0.472727	
0.003788	0.128788	0.003788	0.087121	0.003788	0.003788	0.003788	0.003788	0.003788	0.212121	0.545455	


Matrix B :

0.090909	0.090909	0.090909	0.090909	0.090909	0.090909	0.090909	0.090909	0.090909	0.090909	0.090909	
0.000241	0.225705	0.228358	0.180612	0.170002	0.071859	0.032071	0.040029	0.032071	0.016156	0.002894	
0.001212	0.094545	0.414545	0.067879	0.094545	0.081212	0.107879	0.027879	0.041212	0.041212	0.027879	
0.001623	0.055195	0.144481	0.448052	0.144481	0.090909	0.073052	0.019481	0.001623	0.019481	0.001623	
0.005682	0.068182	0.255682	0.068182	0.193182	0.193182	0.068182	0.005682	0.068182	0.068182	0.005682	
0.008264	0.008264	0.008264	0.280992	0.280992	0.008264	0.099174	0.099174	0.099174	0.008264	0.099174	
0.004545	0.004545	0.104545	0.304545	0.154545	0.204545	0.004545	0.054545	0.004545	0.104545	0.054545	
0.005348	0.005348	0.064171	0.122995	0.240642	0.181818	0.122995	0.181818	0.005348	0.064171	0.005348	
0.004132	0.004132	0.049587	0.185950	0.231405	0.322314	0.095041	0.095041	0.004132	0.004132	0.004132	
0.006061	0.206061	0.139394	0.206061	0.072727	0.139394	0.072727	0.072727	0.006061	0.006061	0.072727	
0.003636	0.043636	0.163636	0.163636	0.043636	0.123636	0.123636	0.083636	0.083636	0.123636	0.043636	


Vector Pi :

0.002933	0.519062	0.196481	0.067449	0.035191	0.002933	0.067449	0.002933	0.067449	0.002933	0.035191	


Vector Phi :

0.001614	0.604020	0.113745	0.087439	0.024368	0.017946	0.028832	0.026867	0.031795	0.024399	0.038974	
