
Parameters: 11 states AND 11 symbols

Matrix A :

0.090909	0.090909	0.090909	0.090909	0.090909	0.090909	0.090909	0.090909	0.090909	0.090909	0.090909	
0.000171	0.953090	0.032186	0.005821	0.002054	0.003938	0.000171	0.000171	0.000171	0.000171	0.002054	
0.002755	0.487603	0.154270	0.123967	0.093664	0.063361	0.033058	0.002755	0.033058	0.002755	0.002755	
0.006494	0.363636	0.220779	0.006494	0.077922	0.077922	0.149351	0.006494	0.006494	0.077922	0.006494	
0.010101	0.121212	0.343434	0.121212	0.121212	0.010101	0.010101	0.121212	0.121212	0.010101	0.010101	
0.011364	0.261364	0.011364	0.136364	0.261364	0.261364	0.011364	0.011364	0.011364	0.011364	0.011364	
0.022727	0.022727	0.022727	0.772727	0.022727	0.022727	0.022727	0.022727	0.022727	0.022727	0.022727	
0.045455	0.045455	0.545455	0.045455	0.045455	0.045455	0.045455	0.045455	0.045455	0.045455	0.045455	
0.030303	0.030303	0.363636	0.363636	0.030303	0.030303	0.030303	0.030303	0.030303	0.030303	0.030303	
0.045455	0.045455	0.545455	0.045455	0.045455	0.045455	0.045455	0.045455	0.045455	0.045455	0.045455	
0.045455	0.045455	0.545455	0.045455	0.045455	0.045455	0.045455	0.045455	0.045455	0.045455	0.045455	


Matrix B :

0.090909	0.090909	0.090909	0.090909	0.090909	0.090909	0.090909	0.090909	0.090909	0.090909	0.090909	
0.000163	0.250610	0.316799	0.213043	0.098553	0.055619	0.030574	0.016263	0.012685	0.005529	0.000163	
0.002674	0.061497	0.267380	0.267380	0.120321	0.149733	0.061497	0.002674	0.061497	0.002674	0.002674	
0.006494	0.006494	0.006494	0.220779	0.077922	0.292208	0.077922	0.077922	0.149351	0.006494	0.077922	
0.010101	0.010101	0.121212	0.232323	0.121212	0.121212	0.121212	0.010101	0.121212	0.121212	0.010101	
0.011364	0.011364	0.011364	0.261364	0.261364	0.136364	0.136364	0.011364	0.136364	0.011364	0.011364	
0.018182	0.018182	0.018182	0.018182	0.018182	0.418182	0.218182	0.018182	0.218182	0.018182	0.018182	
0.045455	0.045455	0.045455	0.545455	0.045455	0.045455	0.045455	0.045455	0.045455	0.045455	0.045455	
0.030303	0.030303	0.030303	0.030303	0.030303	0.363636	0.030303	0.030303	0.363636	0.030303	0.030303	
0.045455	0.045455	0.045455	0.045455	0.045455	0.045455	0.045455	0.045455	0.545455	0.045455	0.045455	
0.045455	0.045455	0.045455	0.045455	0.045455	0.045455	0.045455	0.545455	0.045455	0.045455	0.045455	


Vector Pi :

0.002933	0.906158	0.035191	0.002933	0.002933	0.002933	0.035191	0.002933	0.002933	0.002933	0.002933	


Vector Phi :

0.001642	0.871921	0.054187	0.022989	0.014778	0.013136	0.006568	0.003284	0.004926	0.003284	0.003284	
