
Parameters: 11 states AND 11 symbols

Matrix A :

0.090909	0.090909	0.090909	0.090909	0.090909	0.090909	0.090909	0.090909	0.090909	0.090909	0.090909	
0.000167	0.954127	0.027792	0.005692	0.002009	0.000167	0.000167	0.003851	0.002009	0.000167	0.003851	
0.002755	0.517906	0.245179	0.033058	0.063361	0.033058	0.063361	0.033058	0.002755	0.002755	0.002755	
0.009091	0.409091	0.209091	0.109091	0.009091	0.209091	0.009091	0.009091	0.009091	0.009091	0.009091	
0.018182	0.218182	0.218182	0.218182	0.218182	0.018182	0.018182	0.018182	0.018182	0.018182	0.018182	
0.022727	0.022727	0.522727	0.272727	0.022727	0.022727	0.022727	0.022727	0.022727	0.022727	0.022727	
0.030303	0.030303	0.363636	0.363636	0.030303	0.030303	0.030303	0.030303	0.030303	0.030303	0.030303	
0.022727	0.022727	0.522727	0.272727	0.022727	0.022727	0.022727	0.022727	0.022727	0.022727	0.022727	
0.045455	0.545455	0.045455	0.045455	0.045455	0.045455	0.045455	0.045455	0.045455	0.045455	0.045455	
0.090909	0.090909	0.090909	0.090909	0.090909	0.090909	0.090909	0.090909	0.090909	0.090909	0.090909	
0.030303	0.363636	0.363636	0.030303	0.030303	0.030303	0.030303	0.030303	0.030303	0.030303	0.030303	


Matrix B :

0.090909	0.090909	0.090909	0.090909	0.090909	0.090909	0.090909	0.090909	0.090909	0.090909	0.090909	
0.000160	0.400863	0.291900	0.156575	0.061671	0.030037	0.037067	0.012462	0.005432	0.001917	0.001917	
0.002597	0.202597	0.374026	0.231169	0.031169	0.031169	0.116883	0.002597	0.002597	0.002597	0.002597	
0.009091	0.009091	0.209091	0.109091	0.409091	0.109091	0.009091	0.109091	0.009091	0.009091	0.009091	
0.018182	0.018182	0.218182	0.418182	0.018182	0.018182	0.218182	0.018182	0.018182	0.018182	0.018182	
0.022727	0.022727	0.022727	0.272727	0.272727	0.022727	0.272727	0.022727	0.022727	0.022727	0.022727	
0.022727	0.022727	0.272727	0.022727	0.022727	0.522727	0.022727	0.022727	0.022727	0.022727	0.022727	
0.022727	0.022727	0.272727	0.022727	0.272727	0.022727	0.022727	0.272727	0.022727	0.022727	0.022727	
0.045455	0.045455	0.045455	0.545455	0.045455	0.045455	0.045455	0.045455	0.045455	0.045455	0.045455	
0.090909	0.090909	0.090909	0.090909	0.090909	0.090909	0.090909	0.090909	0.090909	0.090909	0.090909	
0.022727	0.022727	0.522727	0.022727	0.272727	0.022727	0.022727	0.022727	0.022727	0.022727	0.022727	


Vector Pi :

0.002933	0.841642	0.067449	0.002933	0.002933	0.002933	0.035191	0.002933	0.002933	0.002933	0.035191	


Vector Phi :

0.001642	0.891626	0.054187	0.016420	0.008210	0.006568	0.004926	0.006568	0.003284	0.001642	0.004926	
