
Parameters: 11 states AND 11 symbols

Matrix A :

0.0909091	0.0909091	0.0909091	0.0909091	0.0909091	0.0909091	0.0909091	0.0909091	0.0909091	0.0909091	0.0909091	
0.000291375	0.666958	0.279138	0.041958	0.00670163	0.0034965	0.000291375	0.000291375	0.000291375	0.000291375	0.000291375	
0.000327011	0.291694	0.457162	0.219751	0.0255069	0.00392413	0.000327011	0.000327011	0.000327011	0.000327011	0.000327011	
0.00041511	0.0871731	0.228726	0.429639	0.201328	0.0369448	0.00954753	0.00498132	0.00041511	0.00041511	0.00041511	
0.000602047	0.0138471	0.0800722	0.272125	0.391331	0.212523	0.0204696	0.00722456	0.000602047	0.000602047	0.000602047	
0.000857633	0.000857633	0.0197256	0.0763293	0.321612	0.34048	0.189537	0.0291595	0.0197256	0.000857633	0.000857633	
0.00137741	0.00137741	0.00137741	0.00137741	0.0619835	0.334711	0.440771	0.107438	0.0165289	0.0316804	0.00137741	
0.0030303	0.0030303	0.0030303	0.0363636	0.0030303	0.169697	0.269697	0.336364	0.069697	0.10303	0.0030303	
0.00909091	0.00909091	0.00909091	0.00909091	0.00909091	0.00909091	0.209091	0.309091	0.109091	0.209091	0.109091	
0.00568182	0.00568182	0.00568182	0.00568182	0.00568182	0.00568182	0.0681818	0.255682	0.193182	0.193182	0.255682	
0.00826446	0.00826446	0.00826446	0.00826446	0.00826446	0.00826446	0.00826446	0.00826446	0.00826446	0.46281	0.46281	


Matrix B :

0.0909091	0.0909091	0.0909091	0.0909091	0.0909091	0.0909091	0.0909091	0.0909091	0.0909091	0.0909091	0.0909091	
0.00027465	0.187586	0.341664	0.272178	0.0697611	0.0697611	0.027465	0.0214227	0.00933809	0.00027465	0.00027465	
0.000312402	0.0346767	0.361137	0.309591	0.130897	0.106842	0.0381131	0.00718525	0.0106217	0.000312402	0.000312402	
0.000393546	0.000393546	0.108619	0.454939	0.264463	0.0999606	0.0480126	0.0177096	0.00472255	0.000393546	0.000393546	
0.000582751	0.000582751	0.00699301	0.212121	0.42366	0.231352	0.0646853	0.0134033	0.0262238	0.0198135	0.000582751	
0.000849618	0.000849618	0.000849618	0.0475786	0.17842	0.449448	0.141037	0.0569244	0.075616	0.0382328	0.0101954	
0.0012987	0.0012987	0.0012987	0.0012987	0.187013	0.344156	0.258442	0.172727	0.0155844	0.0155844	0.0012987	
0.0026738	0.0026738	0.0026738	0.0026738	0.0909091	0.120321	0.326203	0.237968	0.149733	0.0614973	0.0026738	
0.00909091	0.00909091	0.00909091	0.00909091	0.109091	0.109091	0.109091	0.309091	0.209091	0.109091	0.00909091	
0.00534759	0.00534759	0.00534759	0.00534759	0.00534759	0.00534759	0.240642	0.0641711	0.299465	0.299465	0.0641711	
0.00757576	0.00757576	0.00757576	0.00757576	0.00757576	0.00757576	0.00757576	0.340909	0.00757576	0.257576	0.340909	


Vector Pi :

0.00149031	0.329359	0.198212	0.198212	0.0834575	0.0178838	0.0670641	0.0670641	0.00149031	0.0178838	0.0178838	


Vector Phi :

0.000834068	0.258339	0.232519	0.182823	0.126035	0.0884626	0.0550797	0.0250349	0.00834438	0.0133505	0.00917794	
