
Parameters: 11 states AND 11 symbols

Matrix A :

0.0454545	0.0454545	0.0454545	0.0454545	0.0454545	0.0454545	0.0454545	0.0454545	0.0454545	0.0454545	0.545455	
0.000185908	0.828407	0.14947	0.0206358	0.000185908	0.000185908	0.000185908	0.000185908	0.000185908	0.000185908	0.000185908	
0.000283206	0.233928	0.623336	0.131124	0.00651374	0.00339847	0.000283206	0.000283206	0.000283206	0.000283206	0.000283206	
0.000635728	0.0356008	0.280356	0.427209	0.203433	0.0356008	0.0146217	0.000635728	0.000635728	0.000635728	0.000635728	
0.000874126	0.0104895	0.0777972	0.250874	0.500874	0.13549	0.0201049	0.000874126	0.000874126	0.000874126	0.000874126	
0.00154083	0.01849	0.00154083	0.0523883	0.272727	0.476117	0.137134	0.0354391	0.00154083	0.00154083	0.00154083	
0.00275482	0.00275482	0.00275482	0.00275482	0.123967	0.305785	0.305785	0.184573	0.0633609	0.00275482	0.00275482	
0.00395257	0.00395257	0.00395257	0.00395257	0.00395257	0.00395257	0.351779	0.438735	0.177866	0.00395257	0.00395257	
0.00454545	0.00454545	0.00454545	0.00454545	0.00454545	0.00454545	0.104545	0.204545	0.604545	0.0545455	0.00454545	
0.030303	0.030303	0.030303	0.030303	0.030303	0.030303	0.030303	0.030303	0.030303	0.363636	0.363636	
0.363636	0.030303	0.030303	0.030303	0.030303	0.030303	0.030303	0.030303	0.363636	0.030303	0.030303	


Matrix B :

0.0454545	0.0454545	0.0454545	0.0454545	0.0454545	0.0454545	0.0454545	0.0454545	0.0454545	0.545455	0.0454545	
0.00017584	0.28064	0.387023	0.199402	0.0852822	0.0388606	0.00404431	0.00404431	0.00017584	0.00017584	0.00017584	
0.000272183	0.00925422	0.44638	0.329614	0.129015	0.0511704	0.0302123	0.00326619	0.000272183	0.000272183	0.000272183	
0.000606061	0.000606061	0.0806061	0.393939	0.320606	0.147273	0.0406061	0.0139394	0.000606061	0.000606061	0.000606061	
0.000804505	0.000804505	0.000804505	0.151247	0.372486	0.328238	0.142397	0.000804505	0.000804505	0.000804505	0.000804505	
0.00149031	0.00149031	0.00149031	0.0178838	0.198212	0.296572	0.312966	0.132638	0.0342772	0.00149031	0.00149031	
0.00275482	0.00275482	0.00275482	0.00275482	0.00275482	0.123967	0.366391	0.305785	0.184573	0.00275482	0.00275482	
0.00395257	0.00395257	0.00395257	0.00395257	0.00395257	0.0474308	0.0909091	0.3083	0.264822	0.221344	0.0474308	
0.004329	0.004329	0.004329	0.004329	0.004329	0.004329	0.004329	0.147186	0.337662	0.242424	0.242424	
0.030303	0.030303	0.030303	0.030303	0.030303	0.030303	0.030303	0.030303	0.363636	0.363636	0.030303	
0.030303	0.030303	0.030303	0.030303	0.030303	0.030303	0.030303	0.030303	0.363636	0.363636	0.030303	


Vector Pi :

0.00149031	0.4769	0.198212	0.116244	0.149031	0.0342772	0.00149031	0.00149031	0.0178838	0.00149031	0.00149031	


Vector Phi :

0.00167116	0.404846	0.269029	0.119575	0.0869749	0.0493419	0.0275951	0.0192319	0.0167218	0.00250745	0.00250693	
