
Parameters: 11 states AND 11 symbols

Matrix A :

0.090909	0.090909	0.090909	0.090909	0.090909	0.090909	0.090909	0.090909	0.090909	0.090909	0.090909	
0.000874	0.654720	0.241259	0.068182	0.029720	0.000874	0.000874	0.000874	0.000874	0.000874	0.000874	
0.001280	0.381562	0.325224	0.212548	0.043534	0.029449	0.001280	0.001280	0.001280	0.001280	0.001280	
0.001377	0.122590	0.258953	0.319559	0.198347	0.061983	0.031680	0.001377	0.001377	0.001377	0.001377	
0.001466	0.001466	0.049853	0.259531	0.436950	0.146628	0.065982	0.017595	0.017595	0.001466	0.001466	
0.001490	0.001490	0.034277	0.099851	0.214605	0.394933	0.149031	0.099851	0.001490	0.001490	0.001490	
0.001934	0.001934	0.001934	0.001934	0.044487	0.363636	0.406190	0.129594	0.044487	0.001934	0.001934	
0.002525	0.002525	0.002525	0.002525	0.002525	0.113636	0.252525	0.363636	0.196970	0.030303	0.030303	
0.003497	0.003497	0.003497	0.003497	0.003497	0.003497	0.080420	0.311189	0.349650	0.157343	0.080420	
0.005348	0.005348	0.005348	0.005348	0.005348	0.005348	0.005348	0.122995	0.299465	0.475936	0.064171	
0.010101	0.010101	0.010101	0.010101	0.010101	0.010101	0.010101	0.010101	0.121212	0.343434	0.454545	


Matrix B :

0.090909	0.090909	0.090909	0.090909	0.090909	0.090909	0.090909	0.090909	0.090909	0.090909	0.090909	
0.000858	0.265009	0.208405	0.170669	0.151801	0.104631	0.048027	0.029160	0.019726	0.000858	0.000858	
0.001245	0.083437	0.330012	0.124533	0.165629	0.124533	0.083437	0.083437	0.001245	0.001245	0.001245	
0.001263	0.001263	0.195707	0.265152	0.334596	0.070707	0.056818	0.029040	0.042929	0.001263	0.001263	
0.001399	0.001399	0.001399	0.386014	0.324476	0.124476	0.062937	0.062937	0.016783	0.016783	0.001399	
0.001466	0.001466	0.001466	0.001466	0.372434	0.259531	0.211144	0.065982	0.033724	0.049853	0.001466	
0.001894	0.001894	0.001894	0.001894	0.251894	0.210227	0.231061	0.126894	0.085227	0.085227	0.001894	
0.002331	0.002331	0.002331	0.002331	0.053613	0.310023	0.233100	0.130536	0.104895	0.130536	0.027972	
0.003247	0.003247	0.003247	0.003247	0.003247	0.288961	0.217532	0.217532	0.181818	0.038961	0.038961	
0.005348	0.005348	0.005348	0.005348	0.005348	0.122995	0.122995	0.122995	0.534759	0.064171	0.005348	
0.010101	0.010101	0.010101	0.010101	0.010101	0.010101	0.010101	0.010101	0.454545	0.343434	0.121212	


Vector Pi :

0.004329	0.099567	0.099567	0.290043	0.147186	0.051948	0.099567	0.099567	0.099567	0.004329	0.004329	


Vector Phi :

0.002015	0.207001	0.141285	0.131264	0.123177	0.121118	0.091937	0.075419	0.053381	0.034916	0.018487	
