
Parameters: 11 states AND 11 symbols

Matrix A :

0.0909091	0.0909091	0.0909091	0.0909091	0.0909091	0.0909091	0.0909091	0.0909091	0.0909091	0.0909091	0.0909091	
0.000235516	0.808526	0.168629	0.0157796	0.00541686	0.000235516	0.000235516	0.000235516	0.000235516	0.000235516	0.000235516	
0.00032352	0.238758	0.559042	0.181818	0.0145584	0.00032352	0.00388224	0.00032352	0.00032352	0.00032352	0.00032352	
0.000450045	0.030153	0.252925	0.535104	0.158866	0.020252	0.000450045	0.000450045	0.000450045	0.000450045	0.000450045	
0.000683527	0.000683527	0.0533151	0.241285	0.519481	0.136022	0.0457963	0.000683527	0.000683527	0.000683527	0.000683527	
0.00119617	0.00119617	0.00119617	0.0406699	0.277512	0.448565	0.211722	0.0143541	0.00119617	0.00119617	0.00119617	
0.00165289	0.00165289	0.00165289	0.0198347	0.0743802	0.27438	0.383471	0.147107	0.0743802	0.0198347	0.00165289	
0.00378788	0.00378788	0.00378788	0.00378788	0.00378788	0.128788	0.295455	0.337121	0.212121	0.00378788	0.00378788	
0.00378788	0.00378788	0.00378788	0.00378788	0.00378788	0.0454545	0.128788	0.212121	0.378788	0.212121	0.00378788	
0.00699301	0.00699301	0.00699301	0.00699301	0.00699301	0.00699301	0.00699301	0.0839161	0.314685	0.391608	0.160839	
0.0181818	0.0181818	0.0181818	0.0181818	0.0181818	0.0181818	0.0181818	0.0181818	0.218182	0.218182	0.418182	


Matrix B :

0.0909091	0.0909091	0.0909091	0.0909091	0.0909091	0.0909091	0.0909091	0.0909091	0.0909091	0.0909091	0.0909091	
0.000222816	0.260027	0.331105	0.179144	0.11787	0.0492424	0.0296346	0.0198307	0.0124777	0.000222816	0.000222816	
0.00031027	0.0173751	0.246044	0.362085	0.164133	0.109525	0.0412659	0.031027	0.0242011	0.00372324	0.00031027	
0.00512164	0.000426803	0.0943235	0.33376	0.282117	0.113103	0.0943235	0.0473752	0.000426803	0.0192061	0.00981647	
0.000654022	0.000654022	0.000654022	0.238064	0.23087	0.23087	0.151733	0.0510137	0.058208	0.0222368	0.0150425	
0.00115075	0.00115075	0.00115075	0.0644419	0.254315	0.254315	0.228999	0.115075	0.0644419	0.013809	0.00115075	
0.0015674	0.0015674	0.0015674	0.0015674	0.191223	0.139498	0.208464	0.208464	0.15674	0.0705329	0.0188088	
0.00363636	0.00363636	0.00363636	0.00363636	0.163636	0.363636	0.163636	0.203636	0.0436364	0.00363636	0.0436364	
0.00363636	0.00363636	0.00363636	0.00363636	0.0836364	0.403636	0.203636	0.163636	0.123636	0.00363636	0.00363636	
0.00649351	0.00649351	0.00649351	0.00649351	0.00649351	0.220779	0.363636	0.220779	0.00649351	0.149351	0.00649351	
0.0181818	0.0181818	0.0181818	0.0181818	0.0181818	0.0181818	0.418182	0.0181818	0.418182	0.0181818	0.0181818	


Vector Pi :

0.00149031	0.362146	0.198212	0.181818	0.099851	0.0506706	0.0506706	0.0178838	0.0178838	0.0178838	0.00149031	


Vector Phi :

0.00083346	0.321639	0.234154	0.168333	0.110841	0.0633426	0.0458419	0.020005	0.0200056	0.0108365	0.00416785	
