
Parameters: 11 states AND 11 symbols

Matrix A :

0.0909091	0.0909091	0.0909091	0.0909091	0.0909091	0.0909091	0.0909091	0.0909091	0.0909091	0.0909091	0.0909091	
0.000142268	0.799829	0.178546	0.0173567	0.00170721	0.00170721	0.000142268	0.000142268	0.000142268	0.000142268	0.000142268	
0.00027972	0.338741	0.467972	0.166434	0.0218182	0.00335664	0.00027972	0.00027972	0.00027972	0.00027972	0.00027972	
0.000622665	0.0896638	0.356787	0.42528	0.110212	0.0143213	0.000622665	0.000622665	0.000622665	0.000622665	0.000622665	
0.00154083	0.0523883	0.0862866	0.255778	0.442219	0.103236	0.0354391	0.01849	0.00154083	0.00154083	0.00154083	
0.00478469	0.00478469	0.0574163	0.162679	0.267943	0.267943	0.0574163	0.110048	0.00478469	0.00478469	0.0574163	
0.0181818	0.0181818	0.0181818	0.0181818	0.218182	0.0181818	0.218182	0.218182	0.218182	0.0181818	0.0181818	
0.0113636	0.136364	0.0113636	0.0113636	0.261364	0.261364	0.0113636	0.136364	0.136364	0.0113636	0.0113636	
0.030303	0.030303	0.030303	0.030303	0.030303	0.363636	0.030303	0.363636	0.030303	0.030303	0.030303	
0.0909091	0.0909091	0.0909091	0.0909091	0.0909091	0.0909091	0.0909091	0.0909091	0.0909091	0.0909091	0.0909091	
0.030303	0.030303	0.030303	0.030303	0.030303	0.030303	0.030303	0.363636	0.030303	0.030303	0.363636	


Matrix B :

0.0909091	0.0909091	0.0909091	0.0909091	0.0909091	0.0909091	0.0909091	0.0909091	0.0909091	0.0909091	0.0909091	
0.000135685	0.286703	0.341927	0.206106	0.0956581	0.034464	0.0240163	0.00162822	0.00909091	0.000135685	0.000135685	
0.000265041	0.00318049	0.350119	0.320965	0.16353	0.102306	0.0381659	0.00609594	0.0119268	0.00318049	0.000265041	
0.000606061	0.000606061	0.00727273	0.373939	0.427273	0.0672727	0.0539394	0.0339394	0.00727273	0.0272727	0.000606061	
0.001443	0.001443	0.001443	0.049062	0.334776	0.430014	0.049062	0.0649351	0.017316	0.017316	0.033189	
0.00454545	0.00454545	0.00454545	0.00454545	0.0545455	0.354545	0.404545	0.154545	0.00454545	0.00454545	0.00454545	
0.0151515	0.0151515	0.0151515	0.0151515	0.0151515	0.0151515	0.0151515	0.515152	0.181818	0.181818	0.0151515	
0.010101	0.010101	0.010101	0.010101	0.010101	0.121212	0.010101	0.010101	0.676768	0.121212	0.010101	
0.030303	0.030303	0.030303	0.030303	0.030303	0.030303	0.030303	0.030303	0.363636	0.363636	0.030303	
0.0909091	0.0909091	0.0909091	0.0909091	0.0909091	0.0909091	0.0909091	0.0909091	0.0909091	0.0909091	0.0909091	
0.030303	0.030303	0.030303	0.030303	0.030303	0.030303	0.030303	0.363636	0.363636	0.030303	0.030303	


Vector Pi :

0.00149031	0.509687	0.296572	0.0670641	0.0670641	0.0178838	0.0178838	0.0178838	0.00149031	0.00149031	0.00149031	


Vector Phi :

0.00082713	0.528536	0.268817	0.120761	0.0488007	0.0157155	0.00413565	0.00661704	0.00248139	0.00082713	0.00248139	
