
Parameters: 11 states AND 11 symbols

Matrix A :

0.0909091	0.0909091	0.0909091	0.0909091	0.0909091	0.0909091	0.0909091	0.0909091	0.0909091	0.0909091	0.0909091	
0.000152788	0.916119	0.0774637	0.00351413	0.00183346	0.000152788	0.000152788	0.000152788	0.000152788	0.000152788	0.000152788	
0.00030003	0.158716	0.756076	0.0828083	0.00030003	0.00030003	0.00030003	0.00030003	0.00030003	0.00030003	0.00030003	
0.000688705	0.00826446	0.182507	0.667355	0.129477	0.000688705	0.000688705	0.000688705	0.00826446	0.000688705	0.000688705	
0.00124533	0.00124533	0.00124533	0.220423	0.631382	0.124533	0.00124533	0.014944	0.00124533	0.00124533	0.00124533	
0.00211416	0.00211416	0.02537	0.00211416	0.188161	0.676533	0.0718816	0.02537	0.00211416	0.00211416	0.00211416	
0.00534759	0.00534759	0.122995	0.00534759	0.00534759	0.240642	0.475936	0.122995	0.00534759	0.00534759	0.00534759	
0.00826446	0.00826446	0.00826446	0.00826446	0.00826446	0.00826446	0.280992	0.46281	0.00826446	0.190083	0.00826446	
0.00909091	0.00909091	0.00909091	0.00909091	0.00909091	0.00909091	0.109091	0.109091	0.509091	0.209091	0.00909091	
0.012987	0.012987	0.012987	0.012987	0.012987	0.012987	0.012987	0.012987	0.298701	0.298701	0.298701	
0.0113636	0.0113636	0.0113636	0.0113636	0.0113636	0.0113636	0.136364	0.0113636	0.136364	0.0113636	0.636364	


Matrix B :

0.0909091	0.0909091	0.0909091	0.0909091	0.0909091	0.0909091	0.0909091	0.0909091	0.0909091	0.0909091	0.0909091	
0.000144991	0.220241	0.370161	0.240974	0.0942439	0.0511817	0.0113093	0.00333478	0.00173989	0.00333478	0.00333478	
0.0002886	0.012987	0.171717	0.298701	0.22886	0.108225	0.0987013	0.02886	0.02886	0.0161616	0.00663781	
0.000654022	0.000654022	0.029431	0.086985	0.158927	0.245258	0.295618	0.108568	0.0438195	0.0150425	0.0150425	
0.0011655	0.0011655	0.013986	0.0011655	0.0652681	0.219114	0.257576	0.142191	0.11655	0.167832	0.013986	
0.00211416	0.02537	0.02537	0.02537	0.02537	0.0951374	0.397463	0.188161	0.164905	0.0486258	0.00211416	
0.00534759	0.00534759	0.0641711	0.181818	0.0641711	0.0641711	0.122995	0.299465	0.0641711	0.122995	0.00534759	
0.00699301	0.00699301	0.00699301	0.00699301	0.00699301	0.468531	0.0839161	0.00699301	0.314685	0.0839161	0.00699301	
0.00757576	0.00757576	0.0909091	0.0909091	0.174242	0.0909091	0.0909091	0.00757576	0.174242	0.257576	0.00757576	
0.012987	0.012987	0.012987	0.155844	0.012987	0.155844	0.155844	0.441558	0.012987	0.012987	0.012987	
0.0113636	0.0113636	0.0113636	0.0113636	0.136364	0.511364	0.0113636	0.0113636	0.261364	0.0113636	0.0113636	


Vector Pi :

0.00149031	0.52608	0.198212	0.116244	0.0834575	0.00149031	0.00149031	0.0342772	0.0342772	0.00149031	0.00149031	


Vector Phi :

0.000834503	0.495592	0.252476	0.110047	0.060896	0.035897	0.0141972	0.00918487	0.00834892	0.00584507	0.00668143	
