
Parameters: 11 states AND 11 symbols

Matrix A :

0.0909091	0.0909091	0.0909091	0.0909091	0.0909091	0.0909091	0.0909091	0.0909091	0.0909091	0.0909091	0.0909091	
0.000154871	0.857054	0.124516	0.0103763	0.00185845	0.00185845	0.00185845	0.000154871	0.000154871	0.000154871	0.00185845	
0.000304044	0.25114	0.615689	0.110672	0.013682	0.00699301	0.000304044	0.000304044	0.000304044	0.000304044	0.000304044	
0.000804505	0.0362027	0.310539	0.407884	0.168946	0.0539019	0.00965406	0.000804505	0.00965406	0.000804505	0.000804505	
0.00126263	0.0429293	0.0429293	0.334596	0.362374	0.140152	0.0429293	0.0151515	0.00126263	0.0151515	0.00126263	
0.00227273	0.00227273	0.0272727	0.0272727	0.327273	0.327273	0.177273	0.102273	0.00227273	0.00227273	0.00227273	
0.00363636	0.00363636	0.0436364	0.00363636	0.0836364	0.283636	0.323636	0.0836364	0.0436364	0.0436364	0.0836364	
0.00649351	0.0779221	0.00649351	0.0779221	0.292208	0.00649351	0.0779221	0.149351	0.149351	0.149351	0.00649351	
0.00606061	0.00606061	0.0727273	0.0727273	0.0727273	0.00606061	0.139394	0.00606061	0.272727	0.339394	0.00606061	
0.004329	0.004329	0.0519481	0.004329	0.0519481	0.004329	0.0519481	0.147186	0.242424	0.194805	0.242424	
0.00505051	0.00505051	0.00505051	0.00505051	0.00505051	0.00505051	0.00505051	0.00505051	0.0606061	0.393939	0.505051	


Matrix B :

0.0909091	0.0909091	0.0909091	0.0909091	0.0909091	0.0909091	0.0909091	0.0909091	0.0909091	0.0909091	0.0909091	
0.00014782	0.383888	0.369254	0.177384	0.0391722	0.018034	0.0115299	0.00014782	0.00014782	0.00014782	0.00014782	
0.000289519	0.0703532	0.449334	0.315576	0.0958309	0.0544296	0.00984366	0.00347423	0.000289519	0.000289519	0.000289519	
0.000790514	0.000790514	0.313834	0.339921	0.200791	0.113834	0.00948617	0.00948617	0.000790514	0.00948617	0.000790514	
0.00119617	0.00119617	0.159091	0.369617	0.22488	0.198565	0.027512	0.00119617	0.00119617	0.0143541	0.00119617	
0.00211416	0.00211416	0.0486258	0.397463	0.188161	0.118393	0.141649	0.0486258	0.00211416	0.0486258	0.00211416	
0.00324675	0.00324675	0.038961	0.431818	0.288961	0.038961	0.0746753	0.0746753	0.038961	0.00324675	0.00324675	
0.00606061	0.00606061	0.0727273	0.139394	0.206061	0.272727	0.0727273	0.206061	0.00606061	0.00606061	0.00606061	
0.00534759	0.00534759	0.0641711	0.417112	0.0641711	0.181818	0.00534759	0.122995	0.0641711	0.0641711	0.00534759	
0.00413223	0.00413223	0.140496	0.18595	0.18595	0.18595	0.00413223	0.0495868	0.18595	0.00413223	0.0495868	
0.00478469	0.00478469	0.00478469	0.162679	0.215311	0.0574163	0.162679	0.0574163	0.267943	0.00478469	0.0574163	


Vector Pi :

0.00149031	0.460507	0.230999	0.0342772	0.0670641	0.0506706	0.0506706	0.0342772	0.0342772	0.0178838	0.0178838	


Vector Phi :

0.000807192	0.490185	0.250538	0.0934193	0.0587121	0.0327395	0.0202367	0.0103789	0.0118598	0.016665	0.0144581	
