
Parameters: 11 states AND 11 symbols

Matrix A :

0.0909091	0.0909091	0.0909091	0.0909091	0.0909091	0.0909091	0.0909091	0.0909091	0.0909091	0.0909091	0.0909091	
0.000177211	0.838384	0.156123	0.00407585	0.000177211	0.000177211	0.000177211	0.000177211	0.000177211	0.000177211	0.000177211	
0.00027465	0.232903	0.616589	0.139247	0.00933809	0.00027465	0.00027465	0.00027465	0.00027465	0.00027465	0.00027465	
0.00050226	0.0226017	0.243596	0.586138	0.144149	0.00050226	0.00050226	0.00050226	0.00050226	0.00050226	0.00050226	
0.0010101	0.0010101	0.0232323	0.289899	0.523232	0.156566	0.0010101	0.0010101	0.0010101	0.0010101	0.0010101	
0.00197628	0.00197628	0.00197628	0.0237154	0.284585	0.523715	0.132411	0.0237154	0.00197628	0.00197628	0.00197628	
0.00454545	0.00454545	0.00454545	0.00454545	0.00454545	0.304545	0.604545	0.0545455	0.00454545	0.00454545	0.00454545	
0.0227273	0.0227273	0.0227273	0.0227273	0.0227273	0.272727	0.0227273	0.0227273	0.522727	0.0227273	0.0227273	
0.0181818	0.0181818	0.0181818	0.0181818	0.0181818	0.0181818	0.218182	0.218182	0.0181818	0.418182	0.0181818	
0.0227273	0.0227273	0.0227273	0.0227273	0.0227273	0.0227273	0.0227273	0.0227273	0.272727	0.272727	0.272727	
0.0181818	0.0181818	0.0181818	0.0181818	0.0181818	0.0181818	0.0181818	0.0181818	0.218182	0.0181818	0.618182	


Matrix B :

0.0909091	0.0909091	0.0909091	0.0909091	0.0909091	0.0909091	0.0909091	0.0909091	0.0909091	0.0909091	0.0909091	
0.000170561	0.476718	0.264711	0.154017	0.0620843	0.0283132	0.00204673	0.00955142	0.00204673	0.000170561	0.000170561	
0.000257533	0.0909091	0.595158	0.192892	0.0455833	0.0455833	0.00875612	0.00875612	0.011589	0.000257533	0.000257533	
0.000468604	0.000468604	0.33552	0.423149	0.139644	0.0365511	0.0468604	0.000468604	0.0159325	0.000468604	0.000468604	
0.000988142	0.000988142	0.0118577	0.403162	0.327075	0.055336	0.0988142	0.0662055	0.0335968	0.000988142	0.000988142	
0.00185529	0.00185529	0.00185529	0.0222635	0.328386	0.226345	0.205937	0.0834879	0.124304	0.00185529	0.00185529	
0.00454545	0.00454545	0.00454545	0.00454545	0.154545	0.354545	0.204545	0.204545	0.0545455	0.00454545	0.00454545	
0.0227273	0.0227273	0.0227273	0.0227273	0.0227273	0.0227273	0.522727	0.0227273	0.272727	0.0227273	0.0227273	
0.0181818	0.0181818	0.0181818	0.0181818	0.0181818	0.0181818	0.0181818	0.418182	0.218182	0.218182	0.0181818	
0.0227273	0.0227273	0.0227273	0.0227273	0.0227273	0.0227273	0.0227273	0.522727	0.0227273	0.272727	0.0227273	
0.0181818	0.0181818	0.0181818	0.0181818	0.0181818	0.0181818	0.0181818	0.0181818	0.0181818	0.0181818	0.818182	


Vector Pi :

0.00149031	0.345753	0.362146	0.198212	0.0342772	0.0506706	0.00149031	0.00149031	0.00149031	0.00149031	0.00149031	


Vector Phi :

0.000841347	0.422612	0.27572	0.15365	0.0762034	0.0389096	0.0168984	0.00337472	0.00421273	0.00336866	0.00420896	
