
Parameters: 11 states AND 11 symbols

Matrix A :

0.0909091	0.0909091	0.0909091	0.0909091	0.0909091	0.0909091	0.0909091	0.0909091	0.0909091	0.0909091	0.0909091	
0.000115513	0.928959	0.0674599	0.000115513	0.000115513	0.00138616	0.00138616	0.000115513	0.000115513	0.000115513	0.000115513	
0.000396983	0.223104	0.651052	0.0964669	0.022231	0.000396983	0.000396983	0.0047638	0.000396983	0.000396983	0.000396983	
0.0012987	0.0155844	0.358442	0.401299	0.144156	0.0441558	0.0155844	0.0155844	0.0012987	0.0012987	0.0012987	
0.00221729	0.0266075	0.0266075	0.343681	0.368071	0.148559	0.0266075	0.0266075	0.0266075	0.00221729	0.00221729	
0.003367	0.040404	0.003367	0.114478	0.299663	0.3367	0.114478	0.0774411	0.003367	0.003367	0.003367	
0.010101	0.010101	0.121212	0.010101	0.010101	0.454545	0.010101	0.121212	0.121212	0.010101	0.121212	
0.00699301	0.00699301	0.00699301	0.0839161	0.00699301	0.0839161	0.0839161	0.391608	0.237762	0.0839161	0.00699301	
0.00649351	0.00649351	0.00649351	0.00649351	0.149351	0.0779221	0.0779221	0.0779221	0.363636	0.220779	0.00649351	
0.010101	0.010101	0.010101	0.121212	0.010101	0.010101	0.010101	0.010101	0.343434	0.454545	0.010101	
0.0181818	0.0181818	0.0181818	0.0181818	0.0181818	0.218182	0.0181818	0.0181818	0.0181818	0.0181818	0.618182	


Matrix B :

0.0909091	0.0909091	0.0909091	0.0909091	0.0909091	0.0909091	0.0909091	0.0909091	0.0909091	0.0909091	0.0909091	
0.000109926	0.267341	0.387051	0.22381	0.108937	0.00736507	0.0037375	0.00131912	0.000109926	0.000109926	0.000109926	
0.000378788	0.0587121	0.167045	0.412879	0.229545	0.0878788	0.0295455	0.00871212	0.000378788	0.00454545	0.000378788	
0.00124533	0.0560399	0.124533	0.179328	0.261519	0.220423	0.110834	0.00124533	0.014944	0.00124533	0.0286426	
0.00211416	0.02537	0.188161	0.211416	0.188161	0.118393	0.164905	0.0951374	0.00211416	0.00211416	0.00211416	
0.00324675	0.00324675	0.253247	0.181818	0.146104	0.324675	0.0746753	0.00324675	0.00324675	0.00324675	0.00324675	
0.00909091	0.109091	0.309091	0.209091	0.109091	0.00909091	0.109091	0.109091	0.00909091	0.00909091	0.00909091	
0.00649351	0.00649351	0.220779	0.577922	0.00649351	0.00649351	0.00649351	0.149351	0.00649351	0.00649351	0.00649351	
0.00649351	0.00649351	0.292208	0.0779221	0.00649351	0.149351	0.220779	0.00649351	0.149351	0.0779221	0.00649351	
0.00909091	0.00909091	0.00909091	0.709091	0.109091	0.109091	0.00909091	0.00909091	0.00909091	0.00909091	0.00909091	
0.0181818	0.0181818	0.218182	0.618182	0.0181818	0.0181818	0.0181818	0.0181818	0.0181818	0.0181818	0.0181818	


Vector Pi :

0.00149031	0.673621	0.165425	0.0506706	0.0342772	0.0178838	0.0178838	0.0178838	0.00149031	0.0178838	0.00149031	


Vector Phi :

0.000836366	0.649222	0.192387	0.058736	0.0343729	0.022596	0.0075243	0.0108891	0.0117213	0.00753432	0.00418103	
