
Parameters: 11 states AND 11 symbols

Matrix A :

0.045455	0.045455	0.045455	0.045455	0.045455	0.045455	0.045455	0.045455	0.045455	0.545455	0.045455	
0.000321	0.795374	0.184067	0.014456	0.003855	0.000321	0.000321	0.000321	0.000321	0.000321	0.000321	
0.000484	0.287718	0.558994	0.138781	0.005803	0.000484	0.000484	0.005803	0.000484	0.000484	0.000484	
0.001136	0.026136	0.351136	0.513636	0.088636	0.013636	0.001136	0.001136	0.001136	0.001136	0.001136	
0.004132	0.004132	0.095041	0.367769	0.367769	0.095041	0.049587	0.004132	0.004132	0.004132	0.004132	
0.009091	0.009091	0.009091	0.009091	0.309091	0.509091	0.109091	0.009091	0.009091	0.009091	0.009091	
0.011364	0.011364	0.011364	0.136364	0.011364	0.136364	0.386364	0.136364	0.011364	0.136364	0.011364	
0.018182	0.018182	0.018182	0.018182	0.018182	0.018182	0.218182	0.418182	0.018182	0.018182	0.218182	
0.090909	0.090909	0.090909	0.090909	0.090909	0.090909	0.090909	0.090909	0.090909	0.090909	0.090909	
0.272727	0.022727	0.022727	0.022727	0.272727	0.022727	0.272727	0.022727	0.022727	0.022727	0.022727	
0.045455	0.045455	0.045455	0.045455	0.045455	0.045455	0.045455	0.045455	0.045455	0.545455	0.045455	


Matrix B :

0.045455	0.045455	0.045455	0.045455	0.045455	0.045455	0.045455	0.045455	0.045455	0.045455	0.545455	
0.000310	0.283587	0.290413	0.201675	0.112938	0.037853	0.031027	0.024201	0.010549	0.000310	0.007136	
0.000466	0.128671	0.395338	0.195338	0.144056	0.041492	0.056876	0.026107	0.005594	0.005594	0.000466	
0.001095	0.001095	0.290252	0.266156	0.302300	0.073384	0.049288	0.001095	0.001095	0.013143	0.001095	
0.003788	0.003788	0.045455	0.420455	0.212121	0.087121	0.087121	0.045455	0.045455	0.045455	0.003788	
0.009091	0.009091	0.009091	0.209091	0.309091	0.109091	0.009091	0.109091	0.109091	0.109091	0.009091	
0.010101	0.010101	0.010101	0.343434	0.121212	0.010101	0.232323	0.010101	0.121212	0.121212	0.010101	
0.015152	0.015152	0.015152	0.015152	0.181818	0.181818	0.015152	0.348485	0.181818	0.015152	0.015152	
0.090909	0.090909	0.090909	0.090909	0.090909	0.090909	0.090909	0.090909	0.090909	0.090909	0.090909	
0.022727	0.022727	0.022727	0.022727	0.022727	0.022727	0.022727	0.022727	0.272727	0.272727	0.272727	
0.045455	0.045455	0.045455	0.045455	0.045455	0.045455	0.045455	0.045455	0.045455	0.045455	0.545455	


Vector Pi :

0.003636	0.443636	0.283636	0.083636	0.083636	0.003636	0.043636	0.043636	0.003636	0.003636	0.003636	


Vector Phi :

0.003347	0.461381	0.311517	0.136307	0.037114	0.016857	0.013422	0.008346	0.001673	0.006695	0.003342	
