
Parameters: 11 states AND 11 symbols

Matrix A :

0.0909091	0.0909091	0.0909091	0.0909091	0.0909091	0.0909091	0.0909091	0.0909091	0.0909091	0.0909091	0.0909091	
0.000237982	0.780343	0.180866	0.0290338	0.000237982	0.00285578	0.00285578	0.000237982	0.000237982	0.000237982	0.00285578	
0.000293255	0.235777	0.600293	0.139003	0.00997067	0.00674487	0.00674487	0.000293255	0.000293255	0.000293255	0.000293255	
0.000488759	0.0434995	0.231672	0.511241	0.156403	0.0381232	0.0058651	0.0112414	0.000488759	0.000488759	0.000488759	
0.0010101	0.0121212	0.0787879	0.312121	0.40101	0.167677	0.0121212	0.0121212	0.0010101	0.0010101	0.0010101	
0.00142045	0.0170455	0.0326705	0.110795	0.204545	0.329545	0.204545	0.0795455	0.00142045	0.0170455	0.00142045	
0.00181818	0.0218182	0.00181818	0.00181818	0.121818	0.321818	0.301818	0.161818	0.0618182	0.00181818	0.00181818	
0.00174825	0.00174825	0.020979	0.00174825	0.020979	0.020979	0.213287	0.501748	0.155594	0.0594406	0.00174825	
0.00378788	0.00378788	0.00378788	0.00378788	0.00378788	0.00378788	0.170455	0.253788	0.337121	0.128788	0.0871212	
0.00363636	0.00363636	0.00363636	0.00363636	0.0436364	0.00363636	0.0436364	0.123636	0.123636	0.483636	0.163636	
0.00568182	0.00568182	0.00568182	0.0681818	0.00568182	0.00568182	0.00568182	0.00568182	0.0681818	0.318182	0.505682	


Matrix B :

0.0909091	0.0909091	0.0909091	0.0909091	0.0909091	0.0909091	0.0909091	0.0909091	0.0909091	0.0909091	0.0909091	
0.000224467	0.368126	0.422447	0.173064	0.0150393	0.010101	0.010101	0.000224467	0.000224467	0.000224467	0.000224467	
0.000277162	0.0703991	0.485033	0.26857	0.128326	0.0246674	0.0155211	0.00637472	0.000277162	0.000277162	0.000277162	
0.000471032	0.0108337	0.254357	0.285445	0.218088	0.15073	0.0419218	0.0108337	0.0160151	0.0108337	0.000471032	
0.000988142	0.000988142	0.142292	0.174901	0.174901	0.19664	0.153162	0.055336	0.0227273	0.055336	0.0227273	
0.00135685	0.00135685	0.12076	0.255088	0.165536	0.135685	0.180461	0.0759837	0.0312076	0.0312076	0.00135685	
0.00174825	0.00174825	0.136364	0.136364	0.194056	0.29021	0.0786713	0.020979	0.0402098	0.0402098	0.0594406	
0.00171527	0.00171527	0.0394511	0.341338	0.133791	0.246998	0.152659	0.077187	0.00171527	0.00171527	0.00171527	
0.003367	0.003367	0.114478	0.0774411	0.373737	0.410774	0.003367	0.003367	0.003367	0.003367	0.003367	
0.0034965	0.0034965	0.0034965	0.157343	0.503497	0.0804196	0.195804	0.041958	0.0034965	0.0034965	0.0034965	
0.00568182	0.00568182	0.193182	0.00568182	0.130682	0.255682	0.318182	0.0681818	0.00568182	0.00568182	0.00568182	


Vector Pi :

0.00149031	0.362146	0.312966	0.116244	0.0342772	0.0506706	0.0342772	0.0178838	0.0506706	0.0178838	0.00149031	


Vector Phi :

0.000832396	0.320569	0.256982	0.154607	0.0748189	0.0532237	0.0415931	0.0432591	0.019971	0.0208122	0.0133317	
