
Parameters: 11 states AND 11 symbols

Matrix A :

0.0909091	0.0909091	0.0909091	0.0909091	0.0909091	0.0909091	0.0909091	0.0909091	0.0909091	0.0909091	0.0909091	
8.4488e-05	0.956404	0.0354005	0.0056607	0.00101386	0.00101386	8.4488e-05	8.4488e-05	8.4488e-05	8.4488e-05	8.4488e-05	
0.00115075	0.444189	0.355581	0.115075	0.0264672	0.0391254	0.00115075	0.00115075	0.00115075	0.00115075	0.013809	
0.00378788	0.253788	0.295455	0.128788	0.0454545	0.128788	0.0871212	0.0454545	0.00378788	0.00378788	0.00378788	
0.010101	0.232323	0.343434	0.232323	0.010101	0.010101	0.121212	0.010101	0.010101	0.010101	0.010101	
0.010101	0.121212	0.121212	0.343434	0.232323	0.121212	0.010101	0.010101	0.010101	0.010101	0.010101	
0.0181818	0.218182	0.218182	0.0181818	0.418182	0.0181818	0.0181818	0.0181818	0.0181818	0.0181818	0.0181818	
0.0454545	0.0454545	0.0454545	0.0454545	0.0454545	0.0454545	0.545455	0.0454545	0.0454545	0.0454545	0.0454545	
0.0909091	0.0909091	0.0909091	0.0909091	0.0909091	0.0909091	0.0909091	0.0909091	0.0909091	0.0909091	0.0909091	
0.0909091	0.0909091	0.0909091	0.0909091	0.0909091	0.0909091	0.0909091	0.0909091	0.0909091	0.0909091	0.0909091	
0.0454545	0.545455	0.0454545	0.0454545	0.0454545	0.0454545	0.0454545	0.0454545	0.0454545	0.0454545	0.0454545	


Matrix B :

0.0909091	0.0909091	0.0909091	0.0909091	0.0909091	0.0909091	0.0909091	0.0909091	0.0909091	0.0909091	0.0909091	
8.07363e-05	0.151946	0.329566	0.241644	0.132408	0.0720168	0.0364928	0.0213951	0.0107379	0.000968836	0.00274503	
0.00104493	0.0125392	0.115987	0.23093	0.23093	0.161964	0.15047	0.0240334	0.0240334	0.0470219	0.00104493	
0.00378788	0.00378788	0.0871212	0.253788	0.170455	0.128788	0.0454545	0.0871212	0.128788	0.0454545	0.0454545	
0.00826446	0.00826446	0.00826446	0.0991736	0.190083	0.280992	0.190083	0.00826446	0.190083	0.00826446	0.00826446	
0.010101	0.010101	0.010101	0.121212	0.232323	0.232323	0.121212	0.010101	0.010101	0.121212	0.121212	
0.0181818	0.0181818	0.0181818	0.418182	0.0181818	0.218182	0.218182	0.0181818	0.0181818	0.0181818	0.0181818	
0.0454545	0.0454545	0.0454545	0.545455	0.0454545	0.0454545	0.0454545	0.0454545	0.0454545	0.0454545	0.0454545	
0.0909091	0.0909091	0.0909091	0.0909091	0.0909091	0.0909091	0.0909091	0.0909091	0.0909091	0.0909091	0.0909091	
0.0909091	0.0909091	0.0909091	0.0909091	0.0909091	0.0909091	0.0909091	0.0909091	0.0909091	0.0909091	0.0909091	
0.0454545	0.0454545	0.0454545	0.0454545	0.0454545	0.545455	0.0454545	0.0454545	0.0454545	0.0454545	0.0454545	


Vector Pi :

0.00149031	0.821162	0.132638	0.00149031	0.0342772	0.00149031	0.00149031	0.00149031	0.00149031	0.00149031	0.00149031	


Vector Phi :

0.00082713	0.889992	0.0653433	0.0198511	0.00744417	0.00744417	0.00413565	0.00165426	0.00082713	0.00082713	0.00165426	
