
Parameters: 11 states AND 11 symbols

Matrix A :

0.0909091	0.0909091	0.0909091	0.0909091	0.0909091	0.0909091	0.0909091	0.0909091	0.0909091	0.0909091	0.0909091	
0.000181094	0.735241	0.213329	0.0400217	0.00615719	0.00217313	0.00217313	0.000181094	0.000181094	0.000181094	0.000181094	
0.000328192	0.368559	0.372169	0.195274	0.0508697	0.0111585	0.000328192	0.000328192	0.000328192	0.000328192	0.000328192	
0.000510725	0.14096	0.28141	0.309499	0.236466	0.0117467	0.000510725	0.0173647	0.000510725	0.000510725	0.000510725	
0.000733138	0.00879765	0.121701	0.266862	0.355572	0.145894	0.0652493	0.0168622	0.0168622	0.000733138	0.000733138	
0.00142045	0.0482955	0.0170455	0.204545	0.235795	0.298295	0.15767	0.0326705	0.00142045	0.00142045	0.00142045	
0.0025974	0.0025974	0.0311688	0.0311688	0.0597403	0.402597	0.25974	0.145455	0.0597403	0.0025974	0.0025974	
0.00606061	0.00606061	0.00606061	0.00606061	0.206061	0.272727	0.206061	0.0727273	0.139394	0.00606061	0.0727273	
0.010101	0.121212	0.010101	0.010101	0.010101	0.232323	0.343434	0.121212	0.010101	0.121212	0.010101	
0.0454545	0.0454545	0.0454545	0.0454545	0.0454545	0.0454545	0.0454545	0.0454545	0.545455	0.0454545	0.0454545	
0.0454545	0.0454545	0.0454545	0.0454545	0.0454545	0.0454545	0.0454545	0.0454545	0.545455	0.0454545	0.0454545	


Matrix B :

0.0909091	0.0909091	0.0909091	0.0909091	0.0909091	0.0909091	0.0909091	0.0909091	0.0909091	0.0909091	0.0909091	
0.000172176	0.541839	0.26343	0.121384	0.038051	0.0191116	0.00964187	0.00585399	0.000172176	0.000172176	0.000172176	
0.00031348	0.217555	0.489969	0.183072	0.0589342	0.0210031	0.0210031	0.00376176	0.00376176	0.00031348	0.00031348	
0.000486145	0.000486145	0.615459	0.230433	0.0967428	0.0379193	0.0165289	0.000486145	0.000486145	0.000486145	0.000486145	
0.000693963	0.000693963	0.199167	0.58848	0.138099	0.0464955	0.000693963	0.0159611	0.00832755	0.000693963	0.000693963	
0.00137741	0.00137741	0.00137741	0.592287	0.258953	0.107438	0.0316804	0.00137741	0.00137741	0.00137741	0.00137741	
0.002457	0.002457	0.002457	0.137592	0.624079	0.191646	0.002457	0.002457	0.002457	0.002457	0.029484	
0.00606061	0.00606061	0.00606061	0.00606061	0.672727	0.272727	0.00606061	0.00606061	0.00606061	0.00606061	0.00606061	
0.00909091	0.00909091	0.00909091	0.00909091	0.509091	0.409091	0.00909091	0.00909091	0.00909091	0.00909091	0.00909091	
0.0454545	0.0454545	0.0454545	0.0454545	0.0454545	0.545455	0.0454545	0.0454545	0.0454545	0.0454545	0.0454545	
0.0454545	0.0454545	0.0454545	0.0454545	0.0454545	0.0454545	0.545455	0.0454545	0.0454545	0.0454545	0.0454545	


Vector Pi :

0.00149031	0.42772	0.198212	0.165425	0.116244	0.0342772	0.0342772	0.00149031	0.0178838	0.00149031	0.00149031	


Vector Phi :

0.00082506	0.416009	0.230134	0.146159	0.102173	0.0527719	0.0288549	0.0123556	0.00741831	0.00164932	0.00164877	
