
Parameters: 11 states AND 11 symbols

Matrix A :

0.090909	0.090909	0.090909	0.090909	0.090909	0.090909	0.090909	0.090909	0.090909	0.090909	0.090909	
0.000230	0.932048	0.040634	0.010331	0.002755	0.000230	0.000230	0.002755	0.005280	0.005280	0.000230	
0.001684	0.353535	0.353535	0.112795	0.094276	0.038721	0.001684	0.001684	0.001684	0.020202	0.020202	
0.003247	0.146104	0.324675	0.110390	0.217532	0.110390	0.003247	0.003247	0.038961	0.038961	0.003247	
0.004132	0.004132	0.095041	0.413223	0.185950	0.004132	0.095041	0.004132	0.095041	0.049587	0.049587	
0.007576	0.090909	0.090909	0.174242	0.174242	0.007576	0.257576	0.090909	0.090909	0.007576	0.007576	
0.008264	0.008264	0.190083	0.099174	0.008264	0.190083	0.190083	0.190083	0.099174	0.008264	0.008264	
0.009091	0.009091	0.109091	0.009091	0.109091	0.309091	0.109091	0.009091	0.309091	0.009091	0.009091	
0.005348	0.005348	0.005348	0.122995	0.064171	0.064171	0.005348	0.181818	0.122995	0.358289	0.064171	
0.003636	0.043636	0.043636	0.003636	0.003636	0.003636	0.083636	0.083636	0.083636	0.443636	0.203636	
0.003135	0.037618	0.072100	0.003135	0.037618	0.003135	0.003135	0.003135	0.072100	0.072100	0.692790	


Matrix B :

0.090909	0.090909	0.090909	0.090909	0.090909	0.090909	0.090909	0.090909	0.090909	0.090909	0.090909	
0.000219	0.192990	0.180942	0.241183	0.127930	0.103834	0.067689	0.043593	0.029135	0.007448	0.005038	
0.001595	0.036683	0.141946	0.159490	0.141946	0.282297	0.106858	0.054226	0.036683	0.036683	0.001595	
0.003135	0.003135	0.382445	0.141066	0.072100	0.210031	0.072100	0.037618	0.072100	0.003135	0.003135	
0.003788	0.045455	0.170455	0.087121	0.295455	0.045455	0.170455	0.087121	0.087121	0.003788	0.003788	
0.007576	0.007576	0.090909	0.340909	0.090909	0.090909	0.090909	0.174242	0.090909	0.007576	0.007576	
0.007576	0.007576	0.090909	0.340909	0.174242	0.174242	0.007576	0.007576	0.090909	0.090909	0.007576	
0.008264	0.008264	0.008264	0.099174	0.190083	0.280992	0.190083	0.099174	0.099174	0.008264	0.008264	
0.005348	0.005348	0.005348	0.122995	0.181818	0.181818	0.181818	0.122995	0.122995	0.064171	0.005348	
0.003497	0.003497	0.041958	0.118881	0.080420	0.157343	0.195804	0.080420	0.118881	0.080420	0.118881	
0.002933	0.002933	0.067449	0.099707	0.131965	0.196481	0.035191	0.164223	0.035191	0.228739	0.035191	


Vector Pi :

0.002933	0.615836	0.099707	0.035191	0.067449	0.002933	0.035191	0.035191	0.002933	0.035191	0.067449	


Vector Phi :

0.001653	0.654545	0.089256	0.046281	0.036364	0.019835	0.018182	0.016529	0.028099	0.041322	0.047934	
