
Parameters: 11 states AND 11 symbols

Matrix A :

0.090909	0.090909	0.090909	0.090909	0.090909	0.090909	0.090909	0.090909	0.090909	0.090909	0.090909	
0.000238	0.921704	0.060447	0.008091	0.005474	0.002856	0.000238	0.000238	0.000238	0.000238	0.000238	
0.001541	0.374422	0.238829	0.187982	0.052388	0.103236	0.001541	0.018490	0.001541	0.001541	0.018490	
0.002755	0.123967	0.245179	0.275482	0.123967	0.093664	0.033058	0.033058	0.002755	0.033058	0.033058	
0.002933	0.035191	0.260997	0.164223	0.325513	0.164223	0.002933	0.002933	0.002933	0.002933	0.035191	
0.003247	0.003247	0.110390	0.110390	0.110390	0.253247	0.146104	0.146104	0.074675	0.003247	0.038961	
0.006993	0.083916	0.006993	0.006993	0.391608	0.160839	0.237762	0.083916	0.006993	0.006993	0.006993	
0.005051	0.005051	0.060606	0.060606	0.060606	0.116162	0.171717	0.338384	0.116162	0.060606	0.005051	
0.008264	0.099174	0.008264	0.008264	0.190083	0.099174	0.008264	0.190083	0.099174	0.280992	0.008264	
0.009091	0.009091	0.009091	0.009091	0.009091	0.009091	0.009091	0.109091	0.409091	0.309091	0.109091	
0.004785	0.004785	0.057416	0.004785	0.004785	0.004785	0.057416	0.057416	0.057416	0.057416	0.688995	


Matrix B :

0.090909	0.090909	0.090909	0.090909	0.090909	0.090909	0.090909	0.090909	0.090909	0.090909	0.090909	
0.000226	0.384841	0.255809	0.146628	0.139183	0.037446	0.017595	0.010151	0.002707	0.002707	0.002707	
0.001420	0.423295	0.204545	0.188920	0.110795	0.032670	0.017045	0.017045	0.001420	0.001420	0.001420	
0.002755	0.184573	0.396694	0.245179	0.123967	0.002755	0.002755	0.033058	0.002755	0.002755	0.002755	
0.002933	0.099707	0.486804	0.228739	0.035191	0.067449	0.035191	0.002933	0.002933	0.002933	0.035191	
0.003030	0.069697	0.469697	0.369697	0.069697	0.003030	0.003030	0.003030	0.003030	0.003030	0.003030	
0.006494	0.006494	0.149351	0.435065	0.292208	0.077922	0.006494	0.006494	0.006494	0.006494	0.006494	
0.004785	0.057416	0.057416	0.110048	0.531100	0.110048	0.004785	0.110048	0.004785	0.004785	0.004785	
0.008264	0.008264	0.099174	0.280992	0.190083	0.280992	0.099174	0.008264	0.008264	0.008264	0.008264	
0.009091	0.009091	0.209091	0.209091	0.109091	0.109091	0.109091	0.209091	0.009091	0.009091	0.009091	
0.004785	0.004785	0.320574	0.110048	0.267943	0.057416	0.004785	0.004785	0.057416	0.057416	0.110048	


Vector Pi :

0.002933	0.680352	0.164223	0.002933	0.002933	0.067449	0.035191	0.035191	0.002933	0.002933	0.002933	


Vector Phi :

0.001653	0.631405	0.097521	0.054545	0.051240	0.046281	0.021488	0.029752	0.018182	0.016529	0.031405	
