
Parameters: 11 states AND 11 symbols

Matrix A :

0.0454545	0.0454545	0.0454545	0.0454545	0.0454545	0.0454545	0.0454545	0.0454545	0.0454545	0.0454545	0.545455	
0.000422833	0.665539	0.237632	0.0515856	0.0190275	0.00972516	0.005074	0.005074	0.005074	0.000422833	0.000422833	
0.000441306	0.262577	0.471315	0.209179	0.0295675	0.0150044	0.01015	0.000441306	0.000441306	0.000441306	0.000441306	
0.000507872	0.0507872	0.240731	0.441849	0.173692	0.067547	0.0172676	0.000507872	0.000507872	0.00609446	0.000507872	
0.000688705	0.023416	0.0309917	0.258264	0.447658	0.174931	0.0309917	0.00826446	0.023416	0.000688705	0.000688705	
0.000811688	0.0275974	0.0543831	0.0454545	0.188312	0.420455	0.179383	0.0543831	0.0186688	0.00974026	0.000811688	
0.000937207	0.0215558	0.0215558	0.031865	0.0731022	0.196813	0.433927	0.186504	0.0112465	0.0215558	0.000937207	
0.000797448	0.000797448	0.00956938	0.0271132	0.00956938	0.0358852	0.176236	0.562201	0.141148	0.0183413	0.0183413	
0.0016835	0.0016835	0.0016835	0.020202	0.0016835	0.020202	0.0016835	0.316498	0.427609	0.186869	0.020202	
0.00178253	0.00178253	0.00178253	0.00178253	0.0409982	0.00178253	0.0409982	0.0998217	0.139037	0.511586	0.158645	
0.0287081	0.00239234	0.00239234	0.00239234	0.00239234	0.00239234	0.0550239	0.0287081	0.00239234	0.212919	0.660287	


Matrix B :

0.0454545	0.0454545	0.0454545	0.0454545	0.0454545	0.545455	0.0454545	0.0454545	0.0454545	0.0454545	0.0454545	
0.000402253	0.336685	0.389783	0.159694	0.0623492	0.0358005	0.0136766	0.000402253	0.000402253	0.000402253	0.000402253	
0.000426803	0.05207	0.385403	0.418267	0.122493	0.0145113	0.00512164	0.000426803	0.000426803	0.000426803	0.000426803	
0.000486145	0.00583374	0.273213	0.412251	0.219737	0.0646573	0.0165289	0.00583374	0.000486145	0.000486145	0.000486145	
0.000644745	0.0219213	0.121212	0.362347	0.234687	0.170858	0.0786589	0.00773694	0.000644745	0.000644745	0.000644745	
0.000777001	0.000777001	0.00932401	0.222999	0.325563	0.222999	0.111888	0.0862471	0.017871	0.000777001	0.000777001	
0.00090009	0.00090009	0.050405	0.139514	0.189019	0.248425	0.228623	0.0306031	0.060306	0.0405041	0.0108011	
0.000745156	0.000745156	0.0253353	0.0499255	0.16468	0.328614	0.254844	0.123696	0.00894188	0.0171386	0.0253353	
0.0015949	0.0191388	0.0542265	0.0191388	0.0893142	0.299841	0.299841	0.194577	0.0015949	0.0015949	0.0191388	
0.00174825	0.00174825	0.020979	0.0979021	0.155594	0.213287	0.213287	0.136364	0.0402098	0.0594406	0.0594406	
0.0021645	0.0021645	0.0497835	0.121212	0.24026	0.168831	0.145022	0.168831	0.025974	0.0021645	0.0735931	


Vector Pi :

0.00149031	0.181818	0.132638	0.116244	0.149031	0.0834575	0.0670641	0.132638	0.0506706	0.0178838	0.0670641	


Vector Phi :

0.00166931	0.178271	0.17024	0.150251	0.110356	0.0935907	0.0810084	0.0951948	0.0450902	0.0425958	0.0317323	
