
Parameters: 11 states AND 11 symbols

Matrix A :

0.0909091	0.0909091	0.0909091	0.0909091	0.0909091	0.0909091	0.0909091	0.0909091	0.0909091	0.0909091	0.0909091	
0.000106326	0.953323	0.0445508	0.000106326	0.000106326	0.00127592	0.000106326	0.000106326	0.000106326	0.000106326	0.000106326	
0.000468604	0.19119	0.722118	0.0777882	0.000468604	0.000468604	0.00562324	0.000468604	0.000468604	0.000468604	0.000468604	
0.0012987	0.0155844	0.215584	0.672727	0.087013	0.0012987	0.0012987	0.0012987	0.0012987	0.0012987	0.0012987	
0.00293255	0.00293255	0.00293255	0.228739	0.648094	0.0674487	0.00293255	0.0351906	0.00293255	0.00293255	0.00293255	
0.00909091	0.109091	0.00909091	0.00909091	0.309091	0.209091	0.209091	0.109091	0.00909091	0.00909091	0.00909091	
0.00826446	0.00826446	0.00826446	0.00826446	0.0991736	0.280992	0.371901	0.190083	0.00826446	0.00826446	0.00826446	
0.00909091	0.00909091	0.00909091	0.00909091	0.00909091	0.109091	0.209091	0.409091	0.109091	0.00909091	0.109091	
0.030303	0.030303	0.030303	0.030303	0.030303	0.030303	0.030303	0.363636	0.030303	0.363636	0.030303	
0.0151515	0.0151515	0.0151515	0.0151515	0.0151515	0.0151515	0.181818	0.0151515	0.181818	0.515152	0.0151515	
0.010101	0.010101	0.010101	0.010101	0.010101	0.010101	0.010101	0.010101	0.010101	0.121212	0.787879	


Matrix B :

0.0909091	0.0909091	0.0909091	0.0909091	0.0909091	0.0909091	0.0909091	0.0909091	0.0909091	0.0909091	0.0909091	
0.000101348	0.159522	0.336779	0.223067	0.110469	0.085943	0.0424648	0.0268572	0.00901997	0.002331	0.00344583	
0.000441306	0.0344219	0.204325	0.311121	0.126655	0.112092	0.0829656	0.0781112	0.0344219	0.01015	0.00529568	
0.00126263	0.00126263	0.15404	0.376263	0.126263	0.265152	0.0707071	0.00126263	0.00126263	0.00126263	0.00126263	
0.00275482	0.00275482	0.0330579	0.15427	0.245179	0.184573	0.305785	0.0633609	0.00275482	0.00275482	0.00275482	
0.00909091	0.00909091	0.209091	0.309091	0.109091	0.00909091	0.209091	0.109091	0.00909091	0.00909091	0.00909091	
0.00699301	0.00699301	0.00699301	0.314685	0.160839	0.00699301	0.468531	0.00699301	0.00699301	0.00699301	0.00699301	
0.00909091	0.00909091	0.209091	0.209091	0.109091	0.00909091	0.109091	0.309091	0.00909091	0.00909091	0.00909091	
0.030303	0.030303	0.030303	0.363636	0.363636	0.030303	0.030303	0.030303	0.030303	0.030303	0.030303	
0.0151515	0.0151515	0.0151515	0.348485	0.348485	0.0151515	0.181818	0.0151515	0.0151515	0.0151515	0.0151515	
0.010101	0.010101	0.010101	0.121212	0.454545	0.343434	0.010101	0.010101	0.010101	0.010101	0.010101	


Vector Pi :

0.00149031	0.690015	0.198212	0.0342772	0.0342772	0.00149031	0.0342772	0.00149031	0.00149031	0.00149031	0.00149031	


Vector Phi :

0.000835188	0.712254	0.161683	0.0583921	0.0258853	0.00835184	0.00918981	0.00835616	0.00250744	0.00501719	0.00752763	
