
Parameters: 11 states AND 11 symbols

Matrix A :

0.0909091	0.0909091	0.0909091	0.0909091	0.0909091	0.0909091	0.0909091	0.0909091	0.0909091	0.0909091	0.0909091	
9.70214e-05	0.951004	0.0449209	0.00116426	0.00223149	9.70214e-05	9.70214e-05	9.70214e-05	9.70214e-05	9.70214e-05	9.70214e-05	
0.000579039	0.274464	0.592936	0.10249	0.0133179	0.00694847	0.000579039	0.00694847	0.000579039	0.000579039	0.000579039	
0.00252525	0.030303	0.363636	0.308081	0.252525	0.00252525	0.00252525	0.030303	0.00252525	0.00252525	0.00252525	
0.0031348	0.0376176	0.210031	0.244514	0.244514	0.210031	0.0376176	0.0031348	0.0031348	0.0031348	0.0031348	
0.00649351	0.00649351	0.00649351	0.00649351	0.292208	0.363636	0.149351	0.0779221	0.00649351	0.0779221	0.00649351	
0.0113636	0.0113636	0.136364	0.0113636	0.261364	0.136364	0.136364	0.261364	0.0113636	0.0113636	0.0113636	
0.010101	0.010101	0.010101	0.010101	0.010101	0.010101	0.232323	0.343434	0.232323	0.121212	0.010101	
0.030303	0.030303	0.030303	0.030303	0.363636	0.030303	0.363636	0.030303	0.030303	0.030303	0.030303	
0.0151515	0.0151515	0.0151515	0.0151515	0.181818	0.0151515	0.0151515	0.0151515	0.0151515	0.348485	0.348485	
0.0181818	0.0181818	0.218182	0.0181818	0.0181818	0.0181818	0.0181818	0.0181818	0.0181818	0.218182	0.418182	


Matrix B :

0.0909091	0.0909091	0.0909091	0.0909091	0.0909091	0.0909091	0.0909091	0.0909091	0.0909091	0.0909091	0.0909091	
9.27644e-05	0.180705	0.294991	0.259276	0.160297	0.0562152	0.0235622	0.0123377	0.00927644	0.00111317	0.00213358	
0.000544366	0.00653239	0.0724007	0.192161	0.258029	0.198149	0.132281	0.0903647	0.0364725	0.0125204	0.000544366	
0.002331	0.002331	0.027972	0.104895	0.104895	0.181818	0.181818	0.258741	0.0536131	0.0792541	0.002331	
0.00284091	0.00284091	0.0965909	0.0965909	0.190341	0.0653409	0.190341	0.0653409	0.127841	0.0653409	0.0965909	
0.00649351	0.00649351	0.00649351	0.00649351	0.0779221	0.220779	0.149351	0.00649351	0.149351	0.220779	0.149351	
0.010101	0.010101	0.010101	0.010101	0.121212	0.121212	0.232323	0.010101	0.232323	0.121212	0.121212	
0.010101	0.010101	0.010101	0.010101	0.232323	0.121212	0.010101	0.232323	0.121212	0.232323	0.010101	
0.030303	0.030303	0.030303	0.030303	0.030303	0.363636	0.030303	0.030303	0.363636	0.030303	0.030303	
0.0151515	0.0151515	0.0151515	0.0151515	0.181818	0.348485	0.181818	0.0151515	0.181818	0.0151515	0.0151515	
0.0181818	0.0181818	0.0181818	0.0181818	0.0181818	0.218182	0.0181818	0.0181818	0.0181818	0.218182	0.418182	


Vector Pi :

0.00149031	0.706408	0.165425	0.0506706	0.0506706	0.00149031	0.0178838	0.00149031	0.00149031	0.00149031	0.00149031	


Vector Phi :

0.000829878	0.777593	0.130291	0.0298756	0.0240664	0.0116183	0.00663903	0.0074689	0.00248963	0.00497927	0.0041494	
