
Parameters: 11 states AND 11 symbols

Matrix A :

0.090909	0.090909	0.090909	0.090909	0.090909	0.090909	0.090909	0.090909	0.090909	0.090909	0.090909	
0.000649	0.579221	0.222078	0.064935	0.050649	0.029221	0.029221	0.014935	0.000649	0.000649	0.007792	
0.000797	0.299043	0.404306	0.149920	0.070973	0.018341	0.009569	0.018341	0.009569	0.018341	0.000797	
0.001443	0.160173	0.239538	0.207792	0.128427	0.049062	0.033189	0.080808	0.033189	0.017316	0.049062	
0.001894	0.064394	0.251894	0.168561	0.147727	0.106061	0.043561	0.085227	0.022727	0.064394	0.043561	
0.002755	0.002755	0.093664	0.184573	0.154270	0.093664	0.063361	0.063361	0.275482	0.063361	0.002755	
0.003247	0.110390	0.003247	0.110390	0.003247	0.110390	0.181818	0.146104	0.146104	0.146104	0.038961	
0.001976	0.045455	0.045455	0.045455	0.110672	0.197628	0.154150	0.088933	0.110672	0.154150	0.045455	
0.002273	0.052273	0.052273	0.052273	0.052273	0.052273	0.052273	0.277273	0.127273	0.202273	0.077273	
0.002020	0.046465	0.068687	0.024242	0.046465	0.024242	0.024242	0.135354	0.224242	0.135354	0.268687	
0.002165	0.025974	0.002165	0.025974	0.073593	0.002165	0.025974	0.121212	0.049784	0.264069	0.406926	


Matrix B :

0.090909	0.090909	0.090909	0.090909	0.090909	0.090909	0.090909	0.090909	0.090909	0.090909	0.090909	
0.000618	0.313544	0.374768	0.136673	0.089054	0.061843	0.021027	0.000618	0.000618	0.000618	0.000618	
0.000777	0.274281	0.411033	0.154623	0.103341	0.034965	0.000777	0.017871	0.000777	0.000777	0.000777	
0.001337	0.104278	0.339572	0.324866	0.016043	0.148396	0.045455	0.016043	0.001337	0.001337	0.001337	
0.001855	0.042672	0.267161	0.328386	0.287570	0.063080	0.001855	0.001855	0.001855	0.001855	0.001855	
0.002525	0.058081	0.196970	0.446970	0.224747	0.030303	0.002525	0.030303	0.002525	0.002525	0.002525	
0.003247	0.074675	0.181818	0.181818	0.146104	0.181818	0.110390	0.074675	0.003247	0.003247	0.038961	
0.001818	0.021818	0.181818	0.261818	0.281818	0.061818	0.121818	0.021818	0.041818	0.001818	0.001818	
0.002217	0.026608	0.026608	0.197339	0.148559	0.099778	0.246120	0.099778	0.099778	0.026608	0.026608	
0.001783	0.040998	0.060606	0.158645	0.099822	0.119430	0.237077	0.099822	0.080214	0.021390	0.080214	
0.002165	0.002165	0.049784	0.145022	0.311688	0.168831	0.049784	0.073593	0.049784	0.049784	0.097403	


Vector Pi :

0.002933	0.260997	0.067449	0.164223	0.035191	0.099707	0.002933	0.131965	0.035191	0.196481	0.002933	


Vector Phi :

0.001667	0.230900	0.192014	0.105198	0.080067	0.054991	0.046629	0.076714	0.066714	0.075072	0.070032	
