
Parameters: 11 states AND 11 symbols

Matrix A :

0.0909091	0.0909091	0.0909091	0.0909091	0.0909091	0.0909091	0.0909091	0.0909091	0.0909091	0.0909091	0.0909091	
0.000181818	0.558182	0.302182	0.102182	0.0281818	0.00618182	0.00218182	0.000181818	0.000181818	0.000181818	0.000181818	
0.000265041	0.431752	0.306387	0.198516	0.0410814	0.0090114	0.0119268	0.000265041	0.000265041	0.000265041	0.000265041	
0.000452284	0.264134	0.303935	0.254184	0.10493	0.030303	0.0203528	0.0153777	0.00542741	0.000452284	0.000452284	
0.00118064	0.208973	0.234947	0.260921	0.144038	0.0920897	0.0401417	0.0141677	0.00118064	0.00118064	0.00118064	
0.00275482	0.0936639	0.184573	0.15427	0.214876	0.0936639	0.15427	0.0330579	0.00275482	0.0330579	0.0330579	
0.00363636	0.0436364	0.0436364	0.163636	0.203636	0.163636	0.203636	0.0836364	0.0436364	0.0436364	0.00363636	
0.00699301	0.00699301	0.00699301	0.00699301	0.00699301	0.391608	0.00699301	0.237762	0.237762	0.00699301	0.0839161	
0.012987	0.012987	0.012987	0.012987	0.441558	0.012987	0.298701	0.012987	0.012987	0.012987	0.155844	
0.0227273	0.0227273	0.0227273	0.0227273	0.272727	0.0227273	0.0227273	0.272727	0.0227273	0.0227273	0.272727	
0.0181818	0.0181818	0.0181818	0.218182	0.0181818	0.0181818	0.0181818	0.218182	0.218182	0.218182	0.0181818	


Matrix B :

0.0909091	0.0909091	0.0909091	0.0909091	0.0909091	0.0909091	0.0909091	0.0909091	0.0909091	0.0909091	0.0909091	
0.000172176	0.303202	0.337293	0.170627	0.0929752	0.0550964	0.0210055	0.00774793	0.00585399	0.00585399	0.000172176	
0.000253229	0.00860977	0.404153	0.278805	0.161813	0.0754621	0.042036	0.0197518	0.00582426	0.00303874	0.000253229	
0.000430849	0.000430849	0.0952176	0.483843	0.251616	0.0762602	0.0525636	0.0336062	0.000430849	0.000430849	0.00517019	
0.0011655	0.0011655	0.0011655	0.129371	0.411422	0.296037	0.0780886	0.039627	0.039627	0.0011655	0.0011655	
0.0026738	0.0026738	0.0026738	0.0026738	0.149733	0.473262	0.26738	0.0614973	0.0320856	0.0026738	0.0026738	
0.0034965	0.0034965	0.0034965	0.041958	0.0034965	0.234266	0.157343	0.272727	0.118881	0.157343	0.0034965	
0.00649351	0.00649351	0.00649351	0.00649351	0.00649351	0.00649351	0.220779	0.577922	0.149351	0.00649351	0.00649351	
0.012987	0.012987	0.012987	0.012987	0.012987	0.012987	0.012987	0.727273	0.012987	0.155844	0.012987	
0.0181818	0.0181818	0.0181818	0.0181818	0.0181818	0.0181818	0.0181818	0.218182	0.0181818	0.0181818	0.618182	
0.0151515	0.0151515	0.0151515	0.0151515	0.0151515	0.0151515	0.0151515	0.0151515	0.181818	0.0151515	0.681818	


Vector Pi :

0.00149031	0.444113	0.263785	0.165425	0.0178838	0.0342772	0.0178838	0.0178838	0.00149031	0.0178838	0.0178838	


Vector Phi :

0.000818019	0.415276	0.284008	0.166164	0.0633755	0.0262604	0.0204395	0.0106275	0.00572684	0.00324342	0.00406026	
