
Parameters: 11 states AND 11 symbols

Matrix A :

0.090909	0.090909	0.090909	0.090909	0.090909	0.090909	0.090909	0.090909	0.090909	0.090909	0.090909	
0.000705	0.752643	0.155743	0.047216	0.016209	0.023961	0.000705	0.000705	0.000705	0.000705	0.000705	
0.001082	0.286797	0.489177	0.143939	0.048701	0.012987	0.012987	0.001082	0.001082	0.001082	0.001082	
0.001299	0.029870	0.287013	0.387013	0.144156	0.101299	0.015584	0.001299	0.001299	0.001299	0.029870	
0.001653	0.019835	0.038017	0.292562	0.365289	0.128926	0.074380	0.038017	0.019835	0.019835	0.001653	
0.002020	0.002020	0.002020	0.157576	0.202020	0.246465	0.224242	0.068687	0.024242	0.046465	0.024242	
0.002165	0.025974	0.002165	0.025974	0.121212	0.168831	0.240260	0.216450	0.145022	0.025974	0.025974	
0.002392	0.002392	0.002392	0.002392	0.055024	0.133971	0.239234	0.265550	0.160287	0.081340	0.055024	
0.001855	0.042672	0.001855	0.001855	0.042672	0.022263	0.124304	0.205937	0.369202	0.144712	0.042672	
0.002273	0.027273	0.002273	0.002273	0.002273	0.002273	0.027273	0.077273	0.327273	0.377273	0.152273	
0.001934	0.001934	0.001934	0.001934	0.001934	0.023211	0.001934	0.001934	0.065764	0.214700	0.682785	


Matrix B :

0.090909	0.090909	0.090909	0.090909	0.090909	0.090909	0.090909	0.090909	0.090909	0.090909	0.090909	
0.000668	0.419786	0.324198	0.110963	0.110963	0.022727	0.008021	0.000668	0.000668	0.000668	0.000668	
0.001045	0.161964	0.345873	0.242424	0.161964	0.070010	0.001045	0.012539	0.001045	0.001045	0.001045	
0.001245	0.042341	0.357410	0.316314	0.193026	0.028643	0.056040	0.001245	0.001245	0.001245	0.001245	
0.001567	0.036050	0.173981	0.363636	0.346395	0.036050	0.001567	0.036050	0.001567	0.001567	0.001567	
0.001855	0.022263	0.205937	0.307978	0.267161	0.103896	0.001855	0.022263	0.063080	0.001855	0.001855	
0.002020	0.024242	0.135354	0.179798	0.335354	0.157576	0.090909	0.024242	0.046465	0.002020	0.002020	
0.002273	0.002273	0.202273	0.152273	0.277273	0.127273	0.077273	0.102273	0.027273	0.027273	0.002273	
0.001783	0.021390	0.099822	0.178253	0.237077	0.256684	0.099822	0.021390	0.021390	0.021390	0.040998	
0.002165	0.002165	0.073593	0.216450	0.287879	0.240260	0.049784	0.002165	0.025974	0.025974	0.073593	
0.001894	0.001894	0.106061	0.210227	0.147727	0.272727	0.085227	0.085227	0.085227	0.001894	0.001894	


Vector Pi :

0.002933	0.228739	0.099707	0.099707	0.099707	0.164223	0.067449	0.067449	0.067449	0.067449	0.035191	


Vector Phi :

0.001669	0.214643	0.139495	0.115989	0.091348	0.073183	0.071907	0.063920	0.082331	0.066920	0.078596	
