
Parameters: 11 states AND 11 symbols

Matrix A :

0.090909	0.090909	0.090909	0.090909	0.090909	0.090909	0.090909	0.090909	0.090909	0.090909	0.090909	
0.000222	0.929490	0.061197	0.005100	0.000222	0.002661	0.000222	0.000222	0.000222	0.000222	0.000222	
0.000988	0.283597	0.555336	0.109684	0.022727	0.000988	0.000988	0.011858	0.000988	0.011858	0.000988	
0.002392	0.028708	0.265550	0.555024	0.081340	0.028708	0.028708	0.002392	0.002392	0.002392	0.002392	
0.006993	0.006993	0.083916	0.160839	0.237762	0.391608	0.083916	0.006993	0.006993	0.006993	0.006993	
0.006061	0.006061	0.072727	0.139394	0.206061	0.206061	0.206061	0.006061	0.072727	0.006061	0.072727	
0.009091	0.109091	0.009091	0.009091	0.109091	0.309091	0.209091	0.209091	0.009091	0.009091	0.009091	
0.012987	0.012987	0.155844	0.012987	0.012987	0.155844	0.155844	0.298701	0.155844	0.012987	0.012987	
0.015152	0.015152	0.181818	0.015152	0.015152	0.015152	0.015152	0.181818	0.348485	0.181818	0.015152	
0.018182	0.018182	0.218182	0.018182	0.018182	0.018182	0.018182	0.018182	0.018182	0.218182	0.418182	
0.011364	0.011364	0.011364	0.011364	0.011364	0.011364	0.136364	0.011364	0.136364	0.136364	0.511364	


Matrix B :

0.090909	0.090909	0.090909	0.090909	0.090909	0.090909	0.090909	0.090909	0.090909	0.090909	0.090909	
0.000210	0.264099	0.352062	0.208544	0.060396	0.058081	0.021044	0.016414	0.014099	0.004840	0.000210	
0.000928	0.000928	0.102968	0.347866	0.245826	0.072356	0.092764	0.051948	0.011132	0.011132	0.062152	
0.002392	0.055024	0.081340	0.133971	0.344498	0.186603	0.081340	0.028708	0.028708	0.055024	0.002392	
0.006993	0.083916	0.083916	0.006993	0.160839	0.083916	0.160839	0.083916	0.083916	0.160839	0.083916	
0.005682	0.005682	0.193182	0.193182	0.005682	0.193182	0.068182	0.068182	0.005682	0.255682	0.005682	
0.009091	0.009091	0.409091	0.009091	0.209091	0.109091	0.009091	0.009091	0.109091	0.109091	0.009091	
0.012987	0.012987	0.155844	0.012987	0.155844	0.155844	0.298701	0.155844	0.012987	0.012987	0.012987	
0.015152	0.015152	0.181818	0.015152	0.015152	0.348485	0.348485	0.015152	0.015152	0.015152	0.015152	
0.015152	0.015152	0.015152	0.348485	0.348485	0.181818	0.015152	0.015152	0.015152	0.015152	0.015152	
0.011364	0.011364	0.011364	0.011364	0.136364	0.261364	0.011364	0.011364	0.011364	0.386364	0.136364	


Vector Pi :

0.002933	0.712610	0.196481	0.002933	0.002933	0.035191	0.002933	0.002933	0.002933	0.035191	0.002933	


Vector Phi :

0.001653	0.677686	0.152066	0.062810	0.021488	0.024793	0.016529	0.011570	0.009917	0.008264	0.013223	
