
Parameters: 11 states AND 11 symbols

Matrix A :

0.0909091	0.0909091	0.0909091	0.0909091	0.0909091	0.0909091	0.0909091	0.0909091	0.0909091	0.0909091	0.0909091	
8.78349e-05	0.937286	0.0541941	0.00685112	8.78349e-05	8.78349e-05	8.78349e-05	0.00105402	8.78349e-05	8.78349e-05	8.78349e-05	
0.000770416	0.441448	0.416025	0.102465	0.00924499	0.00924499	0.000770416	0.000770416	0.00924499	0.00924499	0.000770416	
0.0030303	0.20303	0.269697	0.269697	0.069697	0.0030303	0.069697	0.10303	0.0030303	0.0030303	0.0030303	
0.0151515	0.348485	0.181818	0.181818	0.181818	0.0151515	0.0151515	0.0151515	0.0151515	0.0151515	0.0151515	
0.0454545	0.0454545	0.545455	0.0454545	0.0454545	0.0454545	0.0454545	0.0454545	0.0454545	0.0454545	0.0454545	
0.0227273	0.272727	0.272727	0.272727	0.0227273	0.0227273	0.0227273	0.0227273	0.0227273	0.0227273	0.0227273	
0.0151515	0.348485	0.0151515	0.0151515	0.181818	0.0151515	0.181818	0.0151515	0.0151515	0.0151515	0.181818	
0.0454545	0.0454545	0.0454545	0.0454545	0.0454545	0.0454545	0.0454545	0.0454545	0.0454545	0.0454545	0.545455	
0.0454545	0.0454545	0.0454545	0.0454545	0.0454545	0.0454545	0.0454545	0.545455	0.0454545	0.0454545	0.0454545	
0.030303	0.363636	0.363636	0.030303	0.030303	0.030303	0.030303	0.030303	0.030303	0.030303	0.030303	


Matrix B :

0.0909091	0.0909091	0.0909091	0.0909091	0.0909091	0.0909091	0.0909091	0.0909091	0.0909091	0.0909091	0.0909091	
8.38645e-05	0.588645	0.323885	0.063737	0.0157665	0.00561892	0.00100637	8.38645e-05	8.38645e-05	0.00100637	8.38645e-05	
0.000710227	0.0866477	0.31321	0.391335	0.133523	0.0475852	0.000710227	0.000710227	0.00852273	0.00852273	0.00852273	
0.00293255	0.0351906	0.196481	0.325513	0.164223	0.131965	0.0674487	0.0674487	0.00293255	0.00293255	0.00293255	
0.0151515	0.0151515	0.348485	0.348485	0.181818	0.0151515	0.0151515	0.0151515	0.0151515	0.0151515	0.0151515	
0.0454545	0.0454545	0.0454545	0.545455	0.0454545	0.0454545	0.0454545	0.0454545	0.0454545	0.0454545	0.0454545	
0.0227273	0.0227273	0.0227273	0.272727	0.0227273	0.522727	0.0227273	0.0227273	0.0227273	0.0227273	0.0227273	
0.0151515	0.0151515	0.348485	0.515152	0.0151515	0.0151515	0.0151515	0.0151515	0.0151515	0.0151515	0.0151515	
0.0454545	0.545455	0.0454545	0.0454545	0.0454545	0.0454545	0.0454545	0.0454545	0.0454545	0.0454545	0.0454545	
0.0454545	0.0454545	0.0454545	0.545455	0.0454545	0.0454545	0.0454545	0.0454545	0.0454545	0.0454545	0.0454545	
0.030303	0.030303	0.363636	0.030303	0.030303	0.030303	0.363636	0.030303	0.030303	0.030303	0.030303	


Vector Pi :

0.00149031	0.804769	0.165425	0.0178838	0.00149031	0.00149031	0.00149031	0.00149031	0.00149031	0.00149031	0.00149031	


Vector Phi :

0.00082713	0.856079	0.0976013	0.0248139	0.00496278	0.00165426	0.00330852	0.00496278	0.00165426	0.00165426	0.00248139	
