
Parameters: 11 states AND 11 symbols

Matrix A :

0.0909091	0.0909091	0.0909091	0.0909091	0.0909091	0.0909091	0.0909091	0.0909091	0.0909091	0.0909091	0.0909091	
0.000155135	0.85681	0.129848	0.0121005	0.000155135	0.000155135	0.000155135	0.000155135	0.000155135	0.000155135	0.000155135	
0.000316756	0.261641	0.57523	0.13969	0.0212227	0.000316756	0.000316756	0.000316756	0.000316756	0.000316756	0.000316756	
0.000635728	0.0565798	0.26637	0.47616	0.161475	0.0286078	0.00762873	0.000635728	0.000635728	0.000635728	0.000635728	
0.00105708	0.012685	0.0708245	0.233615	0.501057	0.128964	0.0359408	0.012685	0.00105708	0.00105708	0.00105708	
0.002331	0.002331	0.027972	0.181818	0.284382	0.284382	0.181818	0.027972	0.002331	0.002331	0.002331	
0.00378788	0.00378788	0.00378788	0.00378788	0.0871212	0.337121	0.337121	0.170455	0.0454545	0.00378788	0.00378788	
0.00534759	0.00534759	0.00534759	0.00534759	0.00534759	0.240642	0.181818	0.299465	0.181818	0.0641711	0.00534759	
0.0113636	0.0113636	0.0113636	0.0113636	0.0113636	0.0113636	0.136364	0.261364	0.386364	0.0113636	0.136364	
0.0227273	0.0227273	0.0227273	0.0227273	0.0227273	0.0227273	0.0227273	0.522727	0.0227273	0.0227273	0.272727	
0.0181818	0.0181818	0.0181818	0.0181818	0.0181818	0.0181818	0.0181818	0.0181818	0.0181818	0.418182	0.418182	


Matrix B :

0.0909091	0.0909091	0.0909091	0.0909091	0.0909091	0.0909091	0.0909091	0.0909091	0.0909091	0.0909091	0.0909091	
0.000146864	0.349097	0.281245	0.156851	0.116464	0.0550742	0.032457	0.00499339	0.00337788	0.000146864	0.000146864	
0.000301023	0.0201686	0.457255	0.271824	0.132751	0.0565924	0.0400361	0.0168573	0.00361228	0.000301023	0.000301023	
0.000618429	0.000618429	0.102659	0.395176	0.286333	0.102659	0.0686456	0.0210266	0.00742115	0.0142239	0.000618429	
0.0010101	0.0010101	0.0010101	0.312121	0.256566	0.223232	0.0676768	0.0565657	0.0343434	0.0454545	0.0010101	
0.00221729	0.00221729	0.00221729	0.0997783	0.368071	0.075388	0.148559	0.148559	0.075388	0.0266075	0.0509978	
0.00378788	0.00378788	0.00378788	0.00378788	0.420455	0.295455	0.212121	0.00378788	0.0454545	0.00378788	0.00378788	
0.00505051	0.00505051	0.00505051	0.00505051	0.00505051	0.560606	0.227273	0.0606061	0.00505051	0.00505051	0.116162	
0.010101	0.010101	0.010101	0.010101	0.010101	0.010101	0.232323	0.232323	0.121212	0.232323	0.121212	
0.0227273	0.0227273	0.0227273	0.0227273	0.0227273	0.0227273	0.272727	0.522727	0.0227273	0.0227273	0.0227273	
0.0181818	0.0181818	0.0181818	0.0181818	0.0181818	0.0181818	0.0181818	0.418182	0.418182	0.0181818	0.0181818	


Vector Pi :

0.00149031	0.52608	0.247392	0.0670641	0.0670641	0.0342772	0.00149031	0.0342772	0.0178838	0.00149031	0.00149031	


Vector Phi :

0.000785097	0.495869	0.240528	0.118391	0.070213	0.0308259	0.018679	0.0120172	0.00589452	0.00300793	0.00378984	
