
Parameters: 11 states AND 11 symbols

Matrix A :

0.0909091	0.0909091	0.0909091	0.0909091	0.0909091	0.0909091	0.0909091	0.0909091	0.0909091	0.0909091	0.0909091	
0.000245038	0.795393	0.194315	0.00833129	0.000245038	0.000245038	0.000245038	0.000245038	0.000245038	0.000245038	0.000245038	
0.000259	0.211085	0.59855	0.171199	0.014504	0.003108	0.000259	0.000259	0.000259	0.000259	0.000259	
0.000407664	0.00937627	0.291887	0.53404	0.14839	0.00937627	0.00489197	0.000407664	0.000407664	0.000407664	0.000407664	
0.000699301	0.000699301	0.0237762	0.277622	0.546853	0.131469	0.0160839	0.000699301	0.000699301	0.000699301	0.000699301	
0.00171527	0.00171527	0.00171527	0.058319	0.341338	0.360206	0.22813	0.00171527	0.00171527	0.00171527	0.00171527	
0.00275482	0.00275482	0.00275482	0.0330579	0.0330579	0.396694	0.305785	0.184573	0.0330579	0.00275482	0.00275482	
0.00534759	0.00534759	0.00534759	0.00534759	0.00534759	0.00534759	0.417112	0.417112	0.0641711	0.0641711	0.00534759	
0.0181818	0.0181818	0.0181818	0.0181818	0.0181818	0.0181818	0.0181818	0.618182	0.0181818	0.0181818	0.218182	
0.012987	0.012987	0.012987	0.012987	0.012987	0.012987	0.012987	0.012987	0.298701	0.441558	0.155844	
0.010101	0.010101	0.010101	0.010101	0.010101	0.010101	0.010101	0.010101	0.010101	0.232323	0.676768	


Matrix B :

0.0909091	0.0909091	0.0909091	0.0909091	0.0909091	0.0909091	0.0909091	0.0909091	0.0909091	0.0909091	0.0909091	
0.000231321	0.267407	0.247051	0.16817	0.0943789	0.0969234	0.0842008	0.0231321	0.012954	0.00532038	0.000231321	
0.000246366	0.146588	0.3932	0.225179	0.0896773	0.0571569	0.0490269	0.0246366	0.00837645	0.00566642	0.000246366	
0.000396983	0.000396983	0.349742	0.223104	0.144502	0.0877332	0.127035	0.0396983	0.0134974	0.0134974	0.000396983	
0.000658762	0.000658762	0.116601	0.348485	0.210804	0.160079	0.0586298	0.0586298	0.0296443	0.0151515	0.000658762	
0.00162338	0.00162338	0.00162338	0.323052	0.305195	0.162338	0.0551948	0.0551948	0.0373377	0.00162338	0.0551948	
0.0025974	0.0025974	0.0025974	0.0311688	0.374026	0.174026	0.0597403	0.145455	0.145455	0.0311688	0.0311688	
0.00505051	0.00505051	0.00505051	0.00505051	0.227273	0.227273	0.171717	0.0606061	0.171717	0.116162	0.00505051	
0.0181818	0.0181818	0.0181818	0.0181818	0.0181818	0.418182	0.0181818	0.218182	0.218182	0.0181818	0.0181818	
0.012987	0.012987	0.012987	0.012987	0.012987	0.012987	0.155844	0.441558	0.012987	0.298701	0.012987	
0.010101	0.010101	0.010101	0.010101	0.010101	0.010101	0.454545	0.454545	0.010101	0.010101	0.010101	


Vector Pi :

0.00149031	0.345753	0.296572	0.099851	0.149031	0.0506706	0.0342772	0.0178838	0.00149031	0.00149031	0.00149031	


Vector Phi :

0.000823118	0.31448	0.293824	0.184401	0.105255	0.0431555	0.0269236	0.013902	0.00409858	0.00574623	0.00739159	
