
Parameters: 11 states AND 11 symbols

Matrix A :

0.090909	0.090909	0.090909	0.090909	0.090909	0.090909	0.090909	0.090909	0.090909	0.090909	0.090909	
0.000171	0.949324	0.032186	0.005821	0.003938	0.000171	0.002054	0.000171	0.000171	0.002054	0.003938	
0.001934	0.427466	0.448743	0.065764	0.023211	0.023211	0.001934	0.001934	0.001934	0.001934	0.001934	
0.008264	0.099174	0.462810	0.280992	0.008264	0.008264	0.008264	0.099174	0.008264	0.008264	0.008264	
0.015152	0.181818	0.181818	0.181818	0.181818	0.181818	0.015152	0.015152	0.015152	0.015152	0.015152	
0.030303	0.030303	0.696970	0.030303	0.030303	0.030303	0.030303	0.030303	0.030303	0.030303	0.030303	
0.045455	0.045455	0.045455	0.045455	0.545455	0.045455	0.045455	0.045455	0.045455	0.045455	0.045455	
0.045455	0.045455	0.545455	0.045455	0.045455	0.045455	0.045455	0.045455	0.045455	0.045455	0.045455	
0.090909	0.090909	0.090909	0.090909	0.090909	0.090909	0.090909	0.090909	0.090909	0.090909	0.090909	
0.045455	0.545455	0.045455	0.045455	0.045455	0.045455	0.045455	0.045455	0.045455	0.045455	0.045455	
0.030303	0.696970	0.030303	0.030303	0.030303	0.030303	0.030303	0.030303	0.030303	0.030303	0.030303	


Matrix B :

0.090909	0.090909	0.090909	0.090909	0.090909	0.090909	0.090909	0.090909	0.090909	0.090909	0.090909	
0.000162	0.251948	0.368019	0.194805	0.094805	0.055519	0.023377	0.005519	0.000162	0.001948	0.003734	
0.001894	0.001894	0.314394	0.210227	0.126894	0.106061	0.126894	0.064394	0.043561	0.001894	0.001894	
0.008264	0.008264	0.280992	0.280992	0.099174	0.099174	0.190083	0.008264	0.008264	0.008264	0.008264	
0.015152	0.015152	0.181818	0.015152	0.348485	0.181818	0.181818	0.015152	0.015152	0.015152	0.015152	
0.030303	0.030303	0.030303	0.363636	0.030303	0.363636	0.030303	0.030303	0.030303	0.030303	0.030303	
0.045455	0.045455	0.545455	0.045455	0.045455	0.045455	0.045455	0.045455	0.045455	0.045455	0.045455	
0.045455	0.045455	0.545455	0.045455	0.045455	0.045455	0.045455	0.045455	0.045455	0.045455	0.045455	
0.090909	0.090909	0.090909	0.090909	0.090909	0.090909	0.090909	0.090909	0.090909	0.090909	0.090909	
0.045455	0.045455	0.045455	0.545455	0.045455	0.045455	0.045455	0.045455	0.045455	0.045455	0.045455	
0.030303	0.030303	0.030303	0.030303	0.030303	0.030303	0.363636	0.030303	0.363636	0.030303	0.030303	


Vector Pi :

0.002933	0.970674	0.002933	0.002933	0.002933	0.002933	0.002933	0.002933	0.002933	0.002933	0.002933	


Vector Phi :

0.001662	0.868074	0.080403	0.018365	0.009948	0.005031	0.003297	0.003331	0.001662	0.003297	0.004931	
