
Parameters: 11 states AND 11 symbols

Matrix A :

0.0909091	0.0909091	0.0909091	0.0909091	0.0909091	0.0909091	0.0909091	0.0909091	0.0909091	0.0909091	0.0909091	
0.000237982	0.594479	0.298667	0.0866254	0.013327	0.00547358	0.000237982	0.000237982	0.000237982	0.000237982	0.000237982	
0.000280584	0.34596	0.370651	0.203984	0.0681818	0.00953984	0.000280584	0.000280584	0.000280584	0.000280584	0.000280584	
0.0004329	0.1671	0.305195	0.286147	0.129004	0.0909091	0.0147186	0.00519481	0.0004329	0.0004329	0.0004329	
0.000770416	0.0516179	0.136364	0.305855	0.255008	0.187211	0.0346687	0.0261941	0.000770416	0.000770416	0.000770416	
0.0012285	0.014742	0.0823096	0.12285	0.257985	0.257985	0.176904	0.0687961	0.014742	0.0012285	0.0012285	
0.0021645	0.025974	0.0497835	0.121212	0.21645	0.0497835	0.264069	0.168831	0.0974026	0.0021645	0.0021645	
0.0026738	0.0026738	0.0026738	0.0026738	0.149733	0.149733	0.208556	0.296791	0.120321	0.0320856	0.0320856	
0.00699301	0.00699301	0.00699301	0.00699301	0.00699301	0.0839161	0.160839	0.314685	0.237762	0.160839	0.00699301	
0.012987	0.012987	0.012987	0.012987	0.012987	0.012987	0.012987	0.441558	0.012987	0.155844	0.298701	
0.0227273	0.0227273	0.0227273	0.0227273	0.0227273	0.0227273	0.272727	0.0227273	0.0227273	0.522727	0.0227273	


Matrix B :

0.0909091	0.0909091	0.0909091	0.0909091	0.0909091	0.0909091	0.0909091	0.0909091	0.0909091	0.0909091	0.0909091	
0.000225581	0.451838	0.345139	0.126776	0.0523348	0.0200767	0.000225581	0.00270697	0.000225581	0.000225581	0.000225581	
0.00026738	0.176738	0.517914	0.203209	0.0708556	0.0179144	0.0120321	0.00026738	0.00026738	0.00026738	0.00026738	
0.000411353	0.000411353	0.421226	0.385027	0.109009	0.0366104	0.0366104	0.00946113	0.000411353	0.000411353	0.000411353	
0.000733138	0.000733138	0.0975073	0.444282	0.242669	0.0975073	0.0571848	0.0410557	0.000733138	0.00879765	0.00879765	
0.00119617	0.00119617	0.00119617	0.185407	0.435407	0.145933	0.0933014	0.027512	0.0669856	0.027512	0.0143541	
0.00206612	0.00206612	0.00206612	0.0475207	0.183884	0.297521	0.183884	0.13843	0.0929752	0.0247934	0.0247934	
0.0026738	0.0026738	0.0026738	0.0320856	0.0614973	0.296791	0.237968	0.149733	0.0909091	0.0909091	0.0320856	
0.0839161	0.00699301	0.00699301	0.00699301	0.00699301	0.0839161	0.0839161	0.391608	0.314685	0.00699301	0.00699301	
0.010101	0.010101	0.010101	0.232323	0.121212	0.010101	0.010101	0.010101	0.121212	0.343434	0.121212	
0.0227273	0.0227273	0.0227273	0.0227273	0.272727	0.0227273	0.0227273	0.272727	0.0227273	0.0227273	0.272727	


Vector Pi :

0.00149031	0.329359	0.280179	0.181818	0.099851	0.0342772	0.0342772	0.00149031	0.00149031	0.0342772	0.00149031	


Vector Phi :

0.000826566	0.317208	0.267155	0.173543	0.0974845	0.0611486	0.0347057	0.0280953	0.0107426	0.00578487	0.00330572	
