
Parameters: 11 states AND 11 symbols

Matrix A :

0.0909091	0.0909091	0.0909091	0.0909091	0.0909091	0.0909091	0.0909091	0.0909091	0.0909091	0.0909091	0.0909091	
8.86918e-05	0.919113	0.0556984	0.00789357	0.00301552	0.00594235	0.00203991	0.00301552	8.86918e-05	0.0010643	0.00203991	
0.000874126	0.548951	0.231643	0.097028	0.0585664	0.0297203	0.000874126	0.0201049	0.0104895	0.000874126	0.000874126	
0.0030303	0.469697	0.20303	0.10303	0.10303	0.0363636	0.0363636	0.0363636	0.0030303	0.0030303	0.0030303	
0.00534759	0.181818	0.358289	0.240642	0.0641711	0.00534759	0.0641711	0.00534759	0.00534759	0.00534759	0.0641711	
0.00826446	0.371901	0.280992	0.190083	0.0991736	0.00826446	0.00826446	0.00826446	0.00826446	0.00826446	0.00826446	
0.0151515	0.348485	0.348485	0.0151515	0.181818	0.0151515	0.0151515	0.0151515	0.0151515	0.0151515	0.0151515	
0.012987	0.155844	0.298701	0.155844	0.155844	0.012987	0.155844	0.012987	0.012987	0.012987	0.012987	
0.0454545	0.0454545	0.545455	0.0454545	0.0454545	0.0454545	0.0454545	0.0454545	0.0454545	0.0454545	0.0454545	
0.0454545	0.0454545	0.545455	0.0454545	0.0454545	0.0454545	0.0454545	0.0454545	0.0454545	0.0454545	0.0454545	
0.0227273	0.522727	0.0227273	0.272727	0.0227273	0.0227273	0.0227273	0.0227273	0.0227273	0.0227273	0.0227273	


Matrix B :

0.0909091	0.0909091	0.0909091	0.0909091	0.0909091	0.0909091	0.0909091	0.0909091	0.0909091	0.0909091	0.0909091	
8.48033e-05	0.292995	0.365756	0.184786	0.0859057	0.0429953	0.0122117	0.00848033	0.00474898	0.00101764	0.00101764	
0.000797448	0.0271132	0.123604	0.202552	0.220096	0.176236	0.14992	0.0358852	0.0358852	0.0183413	0.00956938	
0.00293255	0.00293255	0.0674487	0.260997	0.0997067	0.325513	0.0997067	0.131965	0.00293255	0.00293255	0.00293255	
0.00505051	0.0606061	0.171717	0.282828	0.282828	0.116162	0.00505051	0.00505051	0.0606061	0.00505051	0.00505051	
0.00826446	0.00826446	0.280992	0.0991736	0.190083	0.0991736	0.00826446	0.00826446	0.00826446	0.0991736	0.190083	
0.0151515	0.0151515	0.0151515	0.181818	0.348485	0.348485	0.0151515	0.0151515	0.0151515	0.0151515	0.0151515	
0.0113636	0.0113636	0.0113636	0.386364	0.136364	0.136364	0.0113636	0.0113636	0.261364	0.0113636	0.0113636	
0.0454545	0.0454545	0.0454545	0.0454545	0.545455	0.0454545	0.0454545	0.0454545	0.0454545	0.0454545	0.0454545	
0.0454545	0.0454545	0.0454545	0.0454545	0.545455	0.0454545	0.0454545	0.0454545	0.0454545	0.0454545	0.0454545	
0.0227273	0.0227273	0.272727	0.0227273	0.0227273	0.272727	0.0227273	0.272727	0.0227273	0.0227273	0.0227273	


Vector Pi :

0.00149031	0.755589	0.181818	0.0178838	0.0178838	0.00149031	0.00149031	0.0178838	0.00149031	0.00149031	0.00149031	


Vector Phi :

0.000823288	0.849239	0.0849267	0.0246688	0.0139694	0.00906655	0.00494785	0.00576436	0.00163989	0.00165181	0.00330207	
