
Parameters: 11 states AND 11 symbols

Matrix A :

0.0909091	0.0909091	0.0909091	0.0909091	0.0909091	0.0909091	0.0909091	0.0909091	0.0909091	0.0909091	0.0909091	
0.000157011	0.886167	0.105511	0.00361124	0.000157011	0.000157011	0.000157011	0.00361124	0.000157011	0.000157011	0.000157011	
0.000278862	0.190463	0.7058	0.0953709	0.00334635	0.00334635	0.000278862	0.000278862	0.000278862	0.000278862	0.000278862	
0.000571755	0.0131504	0.208119	0.679817	0.0886221	0.000571755	0.00686106	0.000571755	0.000571755	0.000571755	0.000571755	
0.0021645	0.0021645	0.0021645	0.335498	0.430736	0.168831	0.0497835	0.0021645	0.0021645	0.0021645	0.0021645	
0.00363636	0.00363636	0.0436364	0.0836364	0.243636	0.443636	0.123636	0.0436364	0.00363636	0.00363636	0.00363636	
0.00699301	0.00699301	0.00699301	0.00699301	0.00699301	0.314685	0.160839	0.314685	0.0839161	0.0839161	0.00699301	
0.00378788	0.00378788	0.00378788	0.0454545	0.00378788	0.0454545	0.170455	0.462121	0.253788	0.00378788	0.00378788	
0.00757576	0.00757576	0.00757576	0.00757576	0.00757576	0.00757576	0.00757576	0.340909	0.257576	0.257576	0.0909091	
0.010101	0.010101	0.010101	0.010101	0.121212	0.010101	0.010101	0.121212	0.121212	0.121212	0.454545	
0.00909091	0.209091	0.00909091	0.00909091	0.00909091	0.00909091	0.00909091	0.00909091	0.00909091	0.309091	0.409091	


Matrix B :

0.0909091	0.0909091	0.0909091	0.0909091	0.0909091	0.0909091	0.0909091	0.0909091	0.0909091	0.0909091	0.0909091	
0.000149031	0.19687	0.409985	0.269001	0.0755589	0.0378539	0.00834575	0.000149031	0.00178838	0.000149031	0.000149031	
0.000265041	0.00609594	0.192685	0.364697	0.280148	0.116883	0.0235887	0.00609594	0.0090114	0.000265041	0.000265041	
0.000557724	0.000557724	0.0619074	0.258226	0.190742	0.203012	0.184607	0.0435025	0.0435025	0.0128277	0.000557724	
0.0020202	0.0020202	0.0242424	0.224242	0.357576	0.20202	0.0464646	0.0242424	0.0242424	0.0686869	0.0242424	
0.00363636	0.00363636	0.00363636	0.0436364	0.323636	0.443636	0.0836364	0.00363636	0.00363636	0.0436364	0.0436364	
0.00649351	0.00649351	0.00649351	0.149351	0.149351	0.149351	0.0779221	0.149351	0.00649351	0.00649351	0.292208	
0.00363636	0.00363636	0.0436364	0.243636	0.0836364	0.0836364	0.00363636	0.123636	0.0836364	0.0436364	0.283636	
0.00649351	0.00649351	0.0779221	0.363636	0.220779	0.0779221	0.00649351	0.00649351	0.220779	0.00649351	0.00649351	
0.00909091	0.00909091	0.00909091	0.109091	0.509091	0.209091	0.00909091	0.00909091	0.00909091	0.109091	0.00909091	
0.00909091	0.00909091	0.00909091	0.00909091	0.309091	0.309091	0.109091	0.00909091	0.109091	0.109091	0.00909091	


Vector Pi :

0.00149031	0.493294	0.280179	0.0670641	0.0670641	0.00149031	0.0178838	0.0178838	0.0342772	0.0178838	0.00149031	


Vector Phi :

0.000810369	0.489759	0.272193	0.12987	0.0326257	0.0198112	0.0104015	0.0194587	0.00971099	0.00727218	0.00808627	
