
Parameters: 11 states AND 11 symbols

Matrix A :

0.0909091	0.0909091	0.0909091	0.0909091	0.0909091	0.0909091	0.0909091	0.0909091	0.0909091	0.0909091	0.0909091	
0.000212902	0.829253	0.147754	0.0212902	0.000212902	0.000212902	0.000212902	0.000212902	0.000212902	0.000212902	0.000212902	
0.000304044	0.217695	0.612344	0.150806	0.00699301	0.00699301	0.00364853	0.000304044	0.000304044	0.000304044	0.000304044	
0.000422833	0.0236786	0.223679	0.609725	0.112051	0.0236786	0.005074	0.000422833	0.000422833	0.000422833	0.000422833	
0.00112233	0.0258137	0.0381594	0.260382	0.457912	0.186308	0.013468	0.013468	0.00112233	0.00112233	0.00112233	
0.00151515	0.00151515	0.0348485	0.118182	0.234848	0.318182	0.234848	0.0515152	0.00151515	0.00151515	0.00151515	
0.0020202	0.0020202	0.0020202	0.0020202	0.0464646	0.357576	0.379798	0.135354	0.0242424	0.0464646	0.0020202	
0.00284091	0.00284091	0.00284091	0.00284091	0.0340909	0.0340909	0.252841	0.471591	0.190341	0.00284091	0.00284091	
0.004329	0.004329	0.004329	0.004329	0.004329	0.0519481	0.0995671	0.242424	0.4329	0.147186	0.004329	
0.00757576	0.00757576	0.00757576	0.00757576	0.00757576	0.00757576	0.00757576	0.0909091	0.257576	0.424242	0.174242	
0.012987	0.012987	0.012987	0.012987	0.012987	0.012987	0.012987	0.012987	0.155844	0.155844	0.584416	


Matrix B :

0.0909091	0.0909091	0.0909091	0.0909091	0.0909091	0.0909091	0.0909091	0.0909091	0.0909091	0.0909091	0.0909091	
0.000205212	0.363636	0.361379	0.17402	0.0701826	0.0114919	0.00471989	0.00246255	0.0114919	0.000205212	0.000205212	
0.000286779	0.0476054	0.505019	0.322053	0.0696874	0.0286779	0.0129051	0.0097505	0.00344135	0.000286779	0.000286779	
0.000393546	0.0133806	0.19087	0.502558	0.186541	0.0869736	0.0133806	0.00472255	0.000393546	0.000393546	0.000393546	
0.00108225	0.00108225	0.0844156	0.203463	0.34632	0.239177	0.108225	0.012987	0.00108225	0.00108225	0.00108225	
0.00142045	0.00142045	0.0795455	0.18892	0.298295	0.18892	0.18892	0.0326705	0.0170455	0.00142045	0.00142045	
0.0020202	0.0020202	0.0242424	0.113131	0.246465	0.335354	0.135354	0.0909091	0.0020202	0.0464646	0.0020202	
0.00275482	0.00275482	0.00275482	0.123967	0.0330579	0.426997	0.275482	0.0330579	0.00275482	0.00275482	0.0936639	
0.00413223	0.00413223	0.00413223	0.231405	0.18595	0.0950413	0.322314	0.140496	0.00413223	0.00413223	0.00413223	
0.00699301	0.00699301	0.00699301	0.237762	0.314685	0.00699301	0.0839161	0.314685	0.00699301	0.00699301	0.00699301	
0.012987	0.012987	0.012987	0.012987	0.155844	0.441558	0.298701	0.012987	0.012987	0.012987	0.012987	


Vector Pi :

0.00149031	0.263785	0.280179	0.280179	0.0506706	0.0670641	0.00149031	0.0178838	0.0178838	0.0178838	0.00149031	


Vector Phi :

0.000830002	0.35751	0.250777	0.177282	0.0669619	0.0496762	0.0372837	0.0265155	0.0174082	0.00994927	0.00580628	
