
Parameters: 11 states AND 11 symbols

Matrix A :

0.0909091	0.0909091	0.0909091	0.0909091	0.0909091	0.0909091	0.0909091	0.0909091	0.0909091	0.0909091	0.0909091	
0.000135685	0.900136	0.0941655	0.0046133	0.000135685	0.000135685	0.000135685	0.000135685	0.000135685	0.000135685	0.000135685	
0.000318979	0.221372	0.666986	0.0950558	0.00382775	0.00382775	0.00382775	0.000318979	0.000318979	0.00382775	0.000318979	
0.000745156	0.0171386	0.23845	0.607303	0.115499	0.0171386	0.000745156	0.000745156	0.000745156	0.000745156	0.000745156	
0.00185529	0.00185529	0.0426716	0.28757	0.471243	0.124304	0.00185529	0.00185529	0.0222635	0.00185529	0.0426716	
0.0034965	0.0034965	0.0034965	0.041958	0.311189	0.465035	0.118881	0.0034965	0.041958	0.0034965	0.0034965	
0.010101	0.010101	0.010101	0.121212	0.121212	0.232323	0.232323	0.232323	0.010101	0.010101	0.010101	
0.0113636	0.136364	0.0113636	0.136364	0.0113636	0.136364	0.261364	0.136364	0.136364	0.0113636	0.0113636	
0.0113636	0.0113636	0.0113636	0.0113636	0.136364	0.0113636	0.0113636	0.261364	0.261364	0.261364	0.0113636	
0.00699301	0.00699301	0.00699301	0.00699301	0.00699301	0.0839161	0.00699301	0.160839	0.160839	0.314685	0.237762	
0.010101	0.010101	0.010101	0.010101	0.010101	0.010101	0.010101	0.010101	0.010101	0.565657	0.343434	


Matrix B :

0.0909091	0.0909091	0.0909091	0.0909091	0.0909091	0.0909091	0.0909091	0.0909091	0.0909091	0.0909091	0.0909091	
0.000129685	0.0928544	0.225522	0.278304	0.162755	0.118532	0.0514849	0.0286604	0.0215277	0.0172481	0.00298275	
0.000305064	0.00366077	0.134533	0.194936	0.231849	0.228493	0.127822	0.0405735	0.0137279	0.0204393	0.00366077	
0.000699301	0.0160839	0.0237762	0.0853147	0.216084	0.16993	0.185315	0.154545	0.093007	0.0468531	0.00839161	
0.00174825	0.020979	0.020979	0.020979	0.174825	0.174825	0.213287	0.174825	0.0786713	0.020979	0.0979021	
0.0031348	0.0376176	0.0031348	0.0031348	0.106583	0.106583	0.210031	0.244514	0.175549	0.0721003	0.0376176	
0.010101	0.010101	0.121212	0.121212	0.121212	0.010101	0.010101	0.010101	0.232323	0.121212	0.232323	
0.0113636	0.136364	0.0113636	0.136364	0.386364	0.136364	0.0113636	0.0113636	0.0113636	0.0113636	0.136364	
0.0113636	0.0113636	0.0113636	0.0113636	0.136364	0.136364	0.136364	0.136364	0.136364	0.136364	0.136364	
0.00649351	0.00649351	0.292208	0.00649351	0.0779221	0.363636	0.0779221	0.0779221	0.0779221	0.00649351	0.00649351	
0.00909091	0.00909091	0.609091	0.00909091	0.109091	0.109091	0.109091	0.00909091	0.00909091	0.00909091	0.00909091	


Vector Pi :

0.00149031	0.509687	0.214605	0.132638	0.0506706	0.0506706	0.00149031	0.00149031	0.00149031	0.0178838	0.0178838	


Vector Phi :

0.000833366	0.558327	0.2375	0.101668	0.0408348	0.0216676	0.00750034	0.00666704	0.00666703	0.0108339	0.0075004	
