
Parameters: 11 states AND 11 symbols

Matrix A :

0.0909091	0.0909091	0.0909091	0.0909091	0.0909091	0.0909091	0.0909091	0.0909091	0.0909091	0.0909091	0.0909091	
0.000264271	0.805497	0.165962	0.0264271	0.000264271	0.000264271	0.000264271	0.000264271	0.000264271	0.000264271	0.000264271	
0.000335458	0.225428	0.572291	0.184837	0.00771553	0.00771553	0.000335458	0.000335458	0.000335458	0.000335458	0.000335458	
0.000430849	0.0241275	0.251616	0.50754	0.194744	0.0193882	0.000430849	0.000430849	0.000430849	0.000430849	0.000430849	
0.000590319	0.00708383	0.0265643	0.266824	0.533058	0.136954	0.0265643	0.000590319	0.000590319	0.000590319	0.000590319	
0.0010101	0.0010101	0.0010101	0.0343434	0.256566	0.523232	0.156566	0.0232323	0.0010101	0.0010101	0.0010101	
0.0013369	0.0013369	0.0160428	0.0013369	0.0748663	0.221925	0.56016	0.118984	0.0013369	0.0013369	0.0013369	
0.003367	0.003367	0.003367	0.003367	0.003367	0.003367	0.3367	0.484848	0.151515	0.003367	0.003367	
0.00826446	0.00826446	0.00826446	0.00826446	0.00826446	0.00826446	0.0991736	0.280992	0.190083	0.371901	0.00826446	
0.00649351	0.00649351	0.00649351	0.00649351	0.00649351	0.00649351	0.00649351	0.00649351	0.292208	0.577922	0.0779221	
0.010101	0.010101	0.010101	0.010101	0.010101	0.010101	0.010101	0.010101	0.010101	0.121212	0.787879	


Matrix B :

0.0909091	0.0909091	0.0909091	0.0909091	0.0909091	0.0909091	0.0909091	0.0909091	0.0909091	0.0909091	0.0909091	
0.00024975	0.305195	0.277722	0.118382	0.0936563	0.0771728	0.0497003	0.024975	0.0194805	0.024975	0.00849151	
0.000322373	0.145712	0.471954	0.149259	0.117344	0.0499678	0.0428756	0.00386847	0.00386847	0.00386847	0.0109607	
0.000405844	0.0361201	0.393263	0.312906	0.0941558	0.0584416	0.0405844	0.0227273	0.0137987	0.0227273	0.00487013	
0.000568182	0.00681818	0.163068	0.450568	0.175568	0.0755682	0.0505682	0.0255682	0.0380682	0.0130682	0.000568182	
0.000967118	0.000967118	0.0754352	0.330754	0.23501	0.149903	0.0860735	0.0222437	0.0647969	0.032882	0.000967118	
0.00126263	0.00126263	0.0429293	0.181818	0.223485	0.237374	0.0707071	0.0707071	0.084596	0.084596	0.00126263	
0.00324675	0.00324675	0.038961	0.146104	0.146104	0.324675	0.146104	0.146104	0.038961	0.00324675	0.00324675	
0.00757576	0.00757576	0.0909091	0.257576	0.257576	0.0909091	0.00757576	0.0909091	0.174242	0.00757576	0.00757576	
0.00649351	0.00649351	0.00649351	0.363636	0.0779221	0.292208	0.00649351	0.00649351	0.149351	0.0779221	0.00649351	
0.010101	0.010101	0.010101	0.010101	0.010101	0.232323	0.232323	0.121212	0.010101	0.121212	0.232323	


Vector Pi :

0.00149031	0.312966	0.181818	0.214605	0.099851	0.0670641	0.0834575	0.0178838	0.0178838	0.00149031	0.00149031	


Vector Phi :

0.000813634	0.29384	0.228468	0.176079	0.126613	0.0727609	0.0528547	0.0212954	0.00877232	0.0112292	0.00727328	
