
Parameters: 11 states AND 11 symbols

Matrix A :

0.0909091	0.0909091	0.0909091	0.0909091	0.0909091	0.0909091	0.0909091	0.0909091	0.0909091	0.0909091	0.0909091	
0.000111	0.921967	0.0733711	0.002553	0.001332	0.000111	0.000111	0.000111	0.000111	0.000111	0.000111	
0.000365097	0.241329	0.650968	0.0967506	0.00839723	0.000365097	0.000365097	0.000365097	0.000365097	0.000365097	0.000365097	
0.00112233	0.0381594	0.285073	0.544332	0.112233	0.013468	0.00112233	0.00112233	0.00112233	0.00112233	0.00112233	
0.00293255	0.00293255	0.0674487	0.325513	0.422287	0.131965	0.00293255	0.00293255	0.0351906	0.00293255	0.00293255	
0.00649351	0.00649351	0.0779221	0.00649351	0.363636	0.506494	0.00649351	0.00649351	0.00649351	0.00649351	0.00649351	
0.0909091	0.0909091	0.0909091	0.0909091	0.0909091	0.0909091	0.0909091	0.0909091	0.0909091	0.0909091	0.0909091	
0.0454545	0.0454545	0.0454545	0.0454545	0.0454545	0.545455	0.0454545	0.0454545	0.0454545	0.0454545	0.0454545	
0.0454545	0.0454545	0.0454545	0.0454545	0.0454545	0.0454545	0.0454545	0.0454545	0.0454545	0.0454545	0.545455	
0.0909091	0.0909091	0.0909091	0.0909091	0.0909091	0.0909091	0.0909091	0.0909091	0.0909091	0.0909091	0.0909091	
0.0227273	0.0227273	0.0227273	0.0227273	0.0227273	0.0227273	0.0227273	0.272727	0.0227273	0.0227273	0.522727	


Matrix B :

0.0909091	0.0909091	0.0909091	0.0909091	0.0909091	0.0909091	0.0909091	0.0909091	0.0909091	0.0909091	0.0909091	
0.000105097	0.407042	0.42207	0.120336	0.0347872	0.00819758	0.00357331	0.00357331	0.000105097	0.000105097	0.000105097	
0.000351	0.019656	0.510004	0.340119	0.116181	0.011934	0.000351	0.000351	0.000351	0.000351	0.000351	
0.00110865	0.00110865	0.0864745	0.464523	0.293792	0.0864745	0.037694	0.0254989	0.00110865	0.00110865	0.00110865	
0.00275482	0.00275482	0.00275482	0.0633609	0.730028	0.123967	0.0330579	0.0330579	0.00275482	0.00275482	0.00275482	
0.00649351	0.00649351	0.00649351	0.00649351	0.149351	0.577922	0.00649351	0.149351	0.0779221	0.00649351	0.00649351	
0.0909091	0.0909091	0.0909091	0.0909091	0.0909091	0.0909091	0.0909091	0.0909091	0.0909091	0.0909091	0.0909091	
0.0454545	0.0454545	0.0454545	0.0454545	0.0454545	0.0454545	0.0454545	0.545455	0.0454545	0.0454545	0.0454545	
0.0454545	0.0454545	0.0454545	0.0454545	0.0454545	0.0454545	0.0454545	0.0454545	0.545455	0.0454545	0.0454545	
0.0909091	0.0909091	0.0909091	0.0909091	0.0909091	0.0909091	0.0909091	0.0909091	0.0909091	0.0909091	0.0909091	
0.0181818	0.0181818	0.0181818	0.0181818	0.0181818	0.0181818	0.0181818	0.0181818	0.0181818	0.418182	0.418182	


Vector Pi :

0.00149031	0.755589	0.165425	0.0178838	0.0342772	0.00149031	0.00149031	0.00149031	0.00149031	0.00149031	0.0178838	


Vector Phi :

0.000829876	0.679668	0.206639	0.0672199	0.0257262	0.0116183	0.000829876	0.00165975	0.00165975	0.000829876	0.0033195	
