
Parameters: 11 states AND 11 symbols

Matrix A :

0.0909091	0.0909091	0.0909091	0.0909091	0.0909091	0.0909091	0.0909091	0.0909091	0.0909091	0.0909091	0.0909091	
9.20132e-05	0.964667	0.0314685	0.0021163	0.00110416	9.20132e-05	9.20132e-05	9.20132e-05	9.20132e-05	9.20132e-05	9.20132e-05	
0.000594177	0.196673	0.745692	0.0528818	0.000594177	0.000594177	0.000594177	0.000594177	0.000594177	0.000594177	0.000594177	
0.0031348	0.0721003	0.210031	0.485893	0.141066	0.0721003	0.0031348	0.0031348	0.0031348	0.0031348	0.0031348	
0.00606061	0.0727273	0.0727273	0.206061	0.472727	0.0727273	0.00606061	0.00606061	0.0727273	0.00606061	0.00606061	
0.0113636	0.0113636	0.0113636	0.0113636	0.261364	0.511364	0.136364	0.0113636	0.0113636	0.0113636	0.0113636	
0.0454545	0.0454545	0.0454545	0.0454545	0.0454545	0.545455	0.0454545	0.0454545	0.0454545	0.0454545	0.0454545	
0.0454545	0.0454545	0.0454545	0.545455	0.0454545	0.0454545	0.0454545	0.0454545	0.0454545	0.0454545	0.0454545	
0.0454545	0.0454545	0.0454545	0.0454545	0.0454545	0.0454545	0.0454545	0.0454545	0.0454545	0.0454545	0.545455	
0.0909091	0.0909091	0.0909091	0.0909091	0.0909091	0.0909091	0.0909091	0.0909091	0.0909091	0.0909091	0.0909091	
0.0227273	0.0227273	0.0227273	0.0227273	0.0227273	0.0227273	0.0227273	0.272727	0.0227273	0.0227273	0.522727	


Matrix B :

0.0909091	0.0909091	0.0909091	0.0909091	0.0909091	0.0909091	0.0909091	0.0909091	0.0909091	0.0909091	0.0909091	
8.76655e-05	0.218988	0.359779	0.214167	0.112913	0.0540896	0.0174454	0.0116595	0.00394495	0.00394495	0.00298063	
0.000564653	0.0440429	0.174478	0.304912	0.242801	0.106155	0.0502541	0.0316206	0.012987	0.0254094	0.00677583	
0.0030303	0.0030303	0.136364	0.436364	0.336364	0.069697	0.0030303	0.0030303	0.0030303	0.0030303	0.0030303	
0.00568182	0.00568182	0.00568182	0.193182	0.568182	0.193182	0.00568182	0.00568182	0.00568182	0.00568182	0.00568182	
0.010101	0.010101	0.010101	0.343434	0.343434	0.232323	0.010101	0.010101	0.010101	0.010101	0.010101	
0.0454545	0.0454545	0.0454545	0.0454545	0.0454545	0.545455	0.0454545	0.0454545	0.0454545	0.0454545	0.0454545	
0.0454545	0.0454545	0.0454545	0.0454545	0.545455	0.0454545	0.0454545	0.0454545	0.0454545	0.0454545	0.0454545	
0.0454545	0.0454545	0.0454545	0.0454545	0.0454545	0.545455	0.0454545	0.0454545	0.0454545	0.0454545	0.0454545	
0.0909091	0.0909091	0.0909091	0.0909091	0.0909091	0.0909091	0.0909091	0.0909091	0.0909091	0.0909091	0.0909091	
0.0227273	0.0227273	0.0227273	0.0227273	0.0227273	0.772727	0.0227273	0.0227273	0.0227273	0.0227273	0.0227273	


Vector Pi :

0.00149031	0.821162	0.132638	0.0178838	0.0178838	0.00149031	0.00149031	0.00149031	0.00149031	0.00149031	0.00149031	


Vector Phi :

0.000955691	0.811284	0.127921	0.0253367	0.0143148	0.00945196	0.00213719	0.00191105	0.00191001	0.000955691	0.00382141	
