
Parameters: 11 states AND 11 symbols

Matrix A :

0.045455	0.045455	0.045455	0.045455	0.045455	0.045455	0.045455	0.045455	0.045455	0.045455	0.545455	
0.000522	0.787879	0.190178	0.017764	0.000522	0.000522	0.000522	0.000522	0.000522	0.000522	0.000522	
0.000678	0.254410	0.530529	0.202171	0.008141	0.000678	0.000678	0.000678	0.000678	0.000678	0.000678	
0.000947	0.021780	0.271780	0.480114	0.209280	0.011364	0.000947	0.000947	0.000947	0.000947	0.000947	
0.001515	0.001515	0.051515	0.284848	0.351515	0.268182	0.018182	0.018182	0.001515	0.001515	0.001515	
0.001337	0.001337	0.001337	0.030749	0.236631	0.545455	0.148396	0.030749	0.001337	0.001337	0.001337	
0.002674	0.002674	0.002674	0.002674	0.032086	0.355615	0.414439	0.149733	0.032086	0.002674	0.002674	
0.003788	0.003788	0.003788	0.003788	0.003788	0.045455	0.337121	0.378788	0.045455	0.170455	0.003788	
0.006993	0.006993	0.006993	0.006993	0.006993	0.006993	0.006993	0.468531	0.468531	0.006993	0.006993	
0.007576	0.007576	0.007576	0.007576	0.007576	0.007576	0.007576	0.007576	0.340909	0.340909	0.257576	
0.136364	0.011364	0.011364	0.011364	0.011364	0.011364	0.011364	0.011364	0.011364	0.386364	0.386364	


Matrix B :

0.045455	0.045455	0.045455	0.045455	0.045455	0.045455	0.045455	0.045455	0.045455	0.045455	0.545455	
0.000505	0.278283	0.233838	0.156061	0.100505	0.139394	0.022727	0.044949	0.006061	0.006061	0.011616	
0.000654	0.295618	0.338784	0.187704	0.108568	0.022237	0.029431	0.007848	0.000654	0.000654	0.007848	
0.000909	0.110909	0.440909	0.190909	0.070909	0.140909	0.020909	0.010909	0.000909	0.000909	0.010909	
0.001443	0.017316	0.493506	0.160173	0.128427	0.064935	0.049062	0.064935	0.001443	0.017316	0.001443	
0.001280	0.001280	0.254802	0.367478	0.113956	0.085787	0.057618	0.015365	0.057618	0.029449	0.015365	
0.002597	0.002597	0.231169	0.288312	0.174026	0.145455	0.031169	0.031169	0.031169	0.031169	0.031169	
0.003497	0.003497	0.080420	0.195804	0.272727	0.118881	0.041958	0.118881	0.157343	0.003497	0.003497	
0.006993	0.006993	0.006993	0.160839	0.391608	0.006993	0.006993	0.083916	0.314685	0.006993	0.006993	
0.006993	0.006993	0.006993	0.391608	0.083916	0.083916	0.006993	0.083916	0.237762	0.083916	0.006993	
0.011364	0.011364	0.011364	0.011364	0.011364	0.136364	0.386364	0.136364	0.011364	0.136364	0.136364	


Vector Pi :

0.003497	0.234266	0.195804	0.157343	0.118881	0.118881	0.041958	0.080420	0.003497	0.041958	0.003497	


Vector Phi :

0.003202	0.278293	0.214342	0.153586	0.096018	0.108850	0.054435	0.038429	0.020818	0.019216	0.012811	
