
Parameters: 11 states AND 11 symbols

Matrix A :

0.090909	0.090909	0.090909	0.090909	0.090909	0.090909	0.090909	0.090909	0.090909	0.090909	0.090909	
0.000374	0.872802	0.099140	0.004489	0.012720	0.004489	0.000374	0.000374	0.004489	0.000374	0.000374	
0.000850	0.234494	0.589635	0.103653	0.056924	0.000850	0.000850	0.000850	0.010195	0.000850	0.000850	
0.002165	0.073593	0.311688	0.359307	0.121212	0.073593	0.002165	0.002165	0.049784	0.002165	0.002165	
0.002597	0.002597	0.088312	0.145455	0.316883	0.231169	0.116883	0.059740	0.031169	0.002597	0.002597	
0.002217	0.026608	0.050998	0.148559	0.099778	0.392461	0.172949	0.026608	0.075388	0.002217	0.002217	
0.002933	0.002933	0.035191	0.067449	0.035191	0.164223	0.357771	0.196481	0.099707	0.035191	0.002933	
0.003788	0.003788	0.003788	0.003788	0.170455	0.087121	0.128788	0.378788	0.170455	0.045455	0.003788	
0.002933	0.035191	0.002933	0.002933	0.002933	0.099707	0.067449	0.131965	0.325513	0.196481	0.131965	
0.003636	0.043636	0.003636	0.043636	0.003636	0.083636	0.083636	0.003636	0.163636	0.443636	0.123636	
0.004545	0.004545	0.004545	0.004545	0.004545	0.004545	0.004545	0.054545	0.054545	0.254545	0.604545	


Matrix B :

0.090909	0.090909	0.090909	0.090909	0.090909	0.090909	0.090909	0.090909	0.090909	0.090909	0.090909	
0.000352	0.155391	0.314306	0.306554	0.155391	0.046864	0.015856	0.004228	0.000352	0.000352	0.000352	
0.000819	0.027846	0.235053	0.262080	0.226044	0.199017	0.018837	0.018837	0.000819	0.009828	0.000819	
0.002114	0.002114	0.211416	0.095137	0.257928	0.164905	0.048626	0.188161	0.002114	0.002114	0.025370	
0.002457	0.002457	0.083538	0.380835	0.299754	0.164619	0.002457	0.029484	0.029484	0.002457	0.002457	
0.025370	0.025370	0.025370	0.397463	0.164905	0.211416	0.095137	0.002114	0.002114	0.025370	0.025370	
0.002841	0.002841	0.002841	0.127841	0.221591	0.127841	0.159091	0.065341	0.096591	0.127841	0.065341	
0.003497	0.003497	0.003497	0.041958	0.349650	0.388112	0.080420	0.041958	0.080420	0.003497	0.003497	
0.002841	0.002841	0.034091	0.096591	0.221591	0.346591	0.096591	0.065341	0.034091	0.096591	0.002841	
0.003497	0.003497	0.003497	0.003497	0.234266	0.272727	0.157343	0.195804	0.118881	0.003497	0.003497	
0.004329	0.004329	0.004329	0.051948	0.099567	0.194805	0.147186	0.290043	0.194805	0.004329	0.004329	


Vector Pi :

0.002933	0.454545	0.131965	0.035191	0.067449	0.067449	0.067449	0.067449	0.035191	0.035191	0.035191	


Vector Phi :

0.001622	0.418735	0.179991	0.069021	0.057449	0.065981	0.047436	0.037950	0.049747	0.039974	0.032094	
