
Parameters: 11 states AND 11 symbols

Matrix A :

0.0909091	0.0909091	0.0909091	0.0909091	0.0909091	0.0909091	0.0909091	0.0909091	0.0909091	0.0909091	0.0909091	
0.000257533	0.320371	0.283544	0.170229	0.147566	0.0257533	0.0342519	0.011589	0.00592326	0.000257533	0.000257533	
0.000329381	0.3083	0.23946	0.174242	0.130764	0.0909091	0.0293149	0.0111989	0.0111989	0.00395257	0.000329381	
0.000443459	0.341907	0.224834	0.180931	0.132151	0.0687361	0.0345898	0.0101996	0.00532151	0.000443459	0.000443459	
0.0004914	0.270762	0.184275	0.195086	0.216708	0.0653563	0.0329238	0.0167076	0.0113022	0.00589681	0.0004914	
0.00113636	0.226136	0.163636	0.151136	0.188636	0.101136	0.0511364	0.0511364	0.0261364	0.0386364	0.00113636	
0.0016835	0.131313	0.223906	0.0942761	0.16835	0.112795	0.112795	0.112795	0.0387205	0.0016835	0.0016835	
0.0034965	0.234266	0.041958	0.0804196	0.157343	0.195804	0.118881	0.041958	0.0034965	0.118881	0.0034965	
0.00649351	0.149351	0.149351	0.220779	0.00649351	0.00649351	0.149351	0.00649351	0.0779221	0.149351	0.0779221	
0.00757576	0.00757576	0.0909091	0.0909091	0.0909091	0.00757576	0.340909	0.174242	0.00757576	0.0909091	0.0909091	
0.030303	0.030303	0.030303	0.030303	0.363636	0.030303	0.363636	0.030303	0.030303	0.030303	0.030303	


Matrix B :

0.0909091	0.0909091	0.0909091	0.0909091	0.0909091	0.0909091	0.0909091	0.0909091	0.0909091	0.0909091	0.0909091	
0.000247036	0.315464	0.288291	0.179595	0.125247	0.0518775	0.0219862	0.0111166	0.00296443	0.000247036	0.00296443	
0.000309215	0.2282	0.337044	0.194187	0.132962	0.0683364	0.0105133	0.017316	0.00711194	0.00371058	0.000309215	
0.000426803	0.0285958	0.446436	0.239863	0.178831	0.0332907	0.0192061	0.0285958	0.00512164	0.0192061	0.000426803	
0.0004662	0.0004662	0.282517	0.313287	0.205594	0.0876457	0.0517483	0.0261072	0.0261072	0.00559441	0.0004662	
0.00106952	0.00106952	0.059893	0.412834	0.224599	0.154011	0.0951872	0.0363636	0.00106952	0.00106952	0.0128342	
0.00165289	0.00165289	0.00165289	0.347107	0.310744	0.147107	0.0561983	0.0561983	0.0561983	0.0198347	0.00165289	
0.003367	0.003367	0.003367	0.040404	0.410774	0.188552	0.114478	0.114478	0.040404	0.0774411	0.003367	
0.00568182	0.00568182	0.00568182	0.00568182	0.505682	0.193182	0.0681818	0.193182	0.00568182	0.00568182	0.00568182	
0.00757576	0.00757576	0.00757576	0.00757576	0.00757576	0.590909	0.0909091	0.0909091	0.0909091	0.0909091	0.00757576	
0.030303	0.030303	0.030303	0.030303	0.030303	0.030303	0.363636	0.030303	0.363636	0.030303	0.030303	


Vector Pi :

0.00149031	0.263785	0.296572	0.132638	0.149031	0.0834575	0.0178838	0.0178838	0.0342772	0.00149031	0.00149031	


Vector Phi :

0.000827585	0.291098	0.228193	0.169581	0.15391	0.0662045	0.0446698	0.0215135	0.0115854	0.00993422	0.00248297	
