
Parameters: 11 states AND 11 symbols

Matrix A :

0.0909091	0.0909091	0.0909091	0.0909091	0.0909091	0.0909091	0.0909091	0.0909091	0.0909091	0.0909091	0.0909091	
0.000199362	0.767743	0.212919	0.0177432	0.000199362	0.000199362	0.000199362	0.000199362	0.000199362	0.000199362	0.000199362	
0.000249066	0.263263	0.559153	0.159153	0.0166874	0.000249066	0.000249066	0.000249066	0.000249066	0.000249066	0.000249066	
0.00041511	0.0323786	0.269822	0.54836	0.128269	0.01868	0.00041511	0.00041511	0.00041511	0.00041511	0.00041511	
0.00102145	0.0122574	0.0572012	0.326864	0.439224	0.147089	0.0122574	0.00102145	0.00102145	0.00102145	0.00102145	
0.00221729	0.00221729	0.00221729	0.075388	0.2949	0.416851	0.172949	0.0266075	0.00221729	0.00221729	0.00221729	
0.00568182	0.00568182	0.00568182	0.00568182	0.130682	0.380682	0.255682	0.0681818	0.130682	0.00568182	0.00568182	
0.012987	0.012987	0.012987	0.012987	0.155844	0.012987	0.298701	0.298701	0.155844	0.012987	0.012987	
0.0151515	0.0151515	0.0151515	0.0151515	0.0151515	0.0151515	0.181818	0.181818	0.348485	0.0151515	0.181818	
0.0454545	0.0454545	0.0454545	0.0454545	0.0454545	0.0454545	0.0454545	0.545455	0.0454545	0.0454545	0.0454545	
0.030303	0.030303	0.030303	0.030303	0.030303	0.030303	0.030303	0.030303	0.030303	0.363636	0.363636	


Matrix B :

0.0909091	0.0909091	0.0909091	0.0909091	0.0909091	0.0909091	0.0909091	0.0909091	0.0909091	0.0909091	0.0909091	
0.000186289	0.635432	0.326006	0.0370715	0.000186289	0.000186289	0.000186289	0.000186289	0.000186289	0.000186289	0.000186289	
0.000241138	0.0612491	0.724379	0.19918	0.0135037	0.000241138	0.000241138	0.000241138	0.000241138	0.000241138	0.000241138	
0.000398724	0.000398724	0.14075	0.653907	0.184609	0.0179426	0.000398724	0.000398724	0.000398724	0.000398724	0.000398724	
0.000988142	0.000988142	0.000988142	0.305336	0.544466	0.120553	0.0227273	0.000988142	0.000988142	0.000988142	0.000988142	
0.00206612	0.00206612	0.00206612	0.00206612	0.342975	0.456612	0.115702	0.0702479	0.00206612	0.00206612	0.00206612	
0.00534759	0.00534759	0.00534759	0.00534759	0.00534759	0.475936	0.358289	0.00534759	0.122995	0.00534759	0.00534759	
0.012987	0.012987	0.012987	0.012987	0.012987	0.012987	0.155844	0.441558	0.298701	0.012987	0.012987	
0.0151515	0.0151515	0.0151515	0.0151515	0.0151515	0.0151515	0.0151515	0.181818	0.0151515	0.681818	0.0151515	
0.0454545	0.0454545	0.0454545	0.0454545	0.0454545	0.0454545	0.0454545	0.0454545	0.0454545	0.0454545	0.545455	
0.363636	0.030303	0.030303	0.030303	0.030303	0.030303	0.030303	0.030303	0.030303	0.363636	0.030303	


Vector Pi :

0.00149031	0.542474	0.181818	0.149031	0.0506706	0.0506706	0.0178838	0.00149031	0.00149031	0.00149031	0.00149031	


Vector Phi :

0.000831393	0.376312	0.304116	0.182262	0.0740758	0.03412	0.0133126	0.00582251	0.00499089	0.001663	0.00249481	
