
Parameters: 11 states AND 11 symbols

Matrix A :

0.0909091	0.0909091	0.0909091	0.0909091	0.0909091	0.0909091	0.0909091	0.0909091	0.0909091	0.0909091	0.0909091	
0.000201572	0.758516	0.217496	0.0223745	0.000201572	0.000201572	0.000201572	0.000201572	0.000201572	0.000201572	0.000201572	
0.00027137	0.283853	0.516689	0.167436	0.0301221	0.00027137	0.00027137	0.00027137	0.00027137	0.00027137	0.00027137	
0.000447828	0.0497089	0.27631	0.497985	0.143305	0.0250784	0.00537394	0.000447828	0.000447828	0.000447828	0.000447828	
0.000891266	0.0204991	0.0499109	0.324421	0.383244	0.19697	0.0204991	0.000891266	0.000891266	0.000891266	0.000891266	
0.001443	0.001443	0.033189	0.049062	0.287157	0.46176	0.1443	0.017316	0.001443	0.001443	0.001443	
0.00363636	0.00363636	0.00363636	0.00363636	0.163636	0.243636	0.363636	0.163636	0.0436364	0.00363636	0.00363636	
0.00606061	0.00606061	0.00606061	0.00606061	0.0727273	0.139394	0.206061	0.406061	0.139394	0.00606061	0.00606061	
0.0227273	0.0227273	0.0227273	0.0227273	0.0227273	0.0227273	0.0227273	0.272727	0.0227273	0.272727	0.272727	
0.030303	0.030303	0.030303	0.030303	0.030303	0.030303	0.030303	0.69697	0.030303	0.030303	0.030303	
0.030303	0.030303	0.030303	0.030303	0.030303	0.030303	0.030303	0.030303	0.030303	0.363636	0.363636	


Matrix B :

0.0909091	0.0909091	0.0909091	0.0909091	0.0909091	0.0909091	0.0909091	0.0909091	0.0909091	0.0909091	0.0909091	
0.000190985	0.67246	0.254393	0.0569137	0.00439267	0.00229183	0.00229183	0.00439267	0.00229183	0.000190985	0.000190985	
0.000256082	0.284763	0.577721	0.107298	0.0227913	0.000256082	0.000256082	0.00588988	0.000256082	0.000256082	0.000256082	
0.000426803	0.000426803	0.61545	0.268032	0.0943235	0.0145113	0.00512164	0.000426803	0.000426803	0.000426803	0.000426803	
0.000882613	0.000882613	0.214475	0.573698	0.165931	0.0397176	0.000882613	0.000882613	0.000882613	0.000882613	0.000882613	
0.00137741	0.00137741	0.0165289	0.349862	0.471074	0.0922865	0.046832	0.0165289	0.00137741	0.00137741	0.00137741	
0.0034965	0.0034965	0.0034965	0.195804	0.388112	0.041958	0.234266	0.041958	0.0804196	0.0034965	0.0034965	
0.00606061	0.00606061	0.00606061	0.00606061	0.0727273	0.672727	0.0727273	0.0727273	0.0727273	0.00606061	0.00606061	
0.0227273	0.0227273	0.0227273	0.0227273	0.0227273	0.272727	0.0227273	0.0227273	0.522727	0.0227273	0.0227273	
0.030303	0.030303	0.030303	0.030303	0.030303	0.030303	0.030303	0.030303	0.363636	0.030303	0.363636	
0.030303	0.030303	0.030303	0.030303	0.030303	0.030303	0.030303	0.030303	0.030303	0.363636	0.363636	


Vector Pi :

0.00149031	0.42772	0.329359	0.149031	0.0178838	0.0506706	0.0178838	0.00149031	0.00149031	0.00149031	0.00149031	


Vector Phi :

0.000834495	0.371048	0.277781	0.170412	0.0853623	0.0527411	0.0209231	0.0125429	0.00334381	0.00250567	0.00250567	
