
Parameters: 11 states AND 11 symbols

Matrix A :

0.0909091	0.0909091	0.0909091	0.0909091	0.0909091	0.0909091	0.0909091	0.0909091	0.0909091	0.0909091	0.0909091	
0.000167112	0.843917	0.139873	0.0111965	0.000167112	0.000167112	0.000167112	0.000167112	0.00200535	0.00200535	0.000167112	
0.000289519	0.239143	0.614939	0.121309	0.0193978	0.000289519	0.00347423	0.000289519	0.000289519	0.000289519	0.000289519	
0.000590319	0.0590319	0.260331	0.526564	0.13046	0.0200708	0.000590319	0.000590319	0.000590319	0.000590319	0.000590319	
0.0013369	0.0013369	0.0454545	0.31016	0.38369	0.221925	0.0160428	0.0160428	0.0013369	0.0013369	0.0013369	
0.00154083	0.00154083	0.01849	0.0693374	0.22188	0.560863	0.103236	0.01849	0.00154083	0.00154083	0.00154083	
0.00363636	0.0436364	0.00363636	0.0836364	0.0836364	0.283636	0.403636	0.0436364	0.0436364	0.00363636	0.00363636	
0.00649351	0.00649351	0.00649351	0.00649351	0.00649351	0.00649351	0.292208	0.435065	0.149351	0.0779221	0.00649351	
0.010101	0.010101	0.010101	0.010101	0.010101	0.010101	0.121212	0.454545	0.232323	0.121212	0.010101	
0.0113636	0.0113636	0.0113636	0.0113636	0.0113636	0.0113636	0.0113636	0.0113636	0.261364	0.261364	0.386364	
0.0227273	0.0227273	0.0227273	0.0227273	0.0227273	0.0227273	0.272727	0.0227273	0.0227273	0.522727	0.0227273	


Matrix B :

0.0909091	0.0909091	0.0909091	0.0909091	0.0909091	0.0909091	0.0909091	0.0909091	0.0909091	0.0909091	0.0909091	
0.000160333	0.25942	0.382876	0.211801	0.113035	0.0248517	0.00721501	0.000160333	0.000160333	0.000160333	0.000160333	
0.000272183	0.0272183	0.272727	0.392488	0.221829	0.0661404	0.00626021	0.000272183	0.00626021	0.00626021	0.000272183	
0.000568182	0.00681818	0.113068	0.231818	0.406818	0.175568	0.0318182	0.0318182	0.000568182	0.000568182	0.000568182	
0.0012987	0.0012987	0.0727273	0.144156	0.172727	0.344156	0.172727	0.0727273	0.0155844	0.0012987	0.0012987	
0.00142045	0.00142045	0.00142045	0.0639205	0.12642	0.31392	0.34517	0.0639205	0.0326705	0.00142045	0.0482955	
0.0034965	0.0034965	0.0034965	0.0804196	0.426573	0.118881	0.041958	0.195804	0.0804196	0.041958	0.0034965	
0.00568182	0.00568182	0.00568182	0.00568182	0.318182	0.193182	0.130682	0.130682	0.193182	0.00568182	0.00568182	
0.010101	0.010101	0.010101	0.010101	0.232323	0.343434	0.121212	0.232323	0.010101	0.010101	0.010101	
0.010101	0.010101	0.010101	0.121212	0.010101	0.343434	0.454545	0.010101	0.010101	0.010101	0.010101	
0.0227273	0.0227273	0.0227273	0.0227273	0.272727	0.522727	0.0227273	0.0227273	0.0227273	0.0227273	0.0227273	


Vector Pi :

0.00149031	0.362146	0.329359	0.116244	0.0342772	0.0834575	0.0178838	0.0342772	0.00149031	0.0178838	0.00149031	


Vector Phi :

0.000828594	0.45744	0.261478	0.126025	0.0559368	0.0485808	0.0206637	0.0115925	0.00747704	0.0066535	0.00332366	
