
Parameters: 11 states AND 11 symbols

Matrix A :

0.0909091	0.0909091	0.0909091	0.0909091	0.0909091	0.0909091	0.0909091	0.0909091	0.0909091	0.0909091	0.0909091	
0.000146391	0.879373	0.108037	0.0114185	0.000146391	0.000146391	0.000146391	0.000146391	0.000146391	0.000146391	0.000146391	
0.000294204	0.217123	0.647543	0.110327	0.0100029	0.0100029	0.000294204	0.000294204	0.000294204	0.000294204	0.00353045	
0.000649351	0.0435065	0.229221	0.622078	0.0506494	0.0363636	0.00779221	0.000649351	0.000649351	0.00779221	0.000649351	
0.00206612	0.0475207	0.161157	0.183884	0.502066	0.0929752	0.00206612	0.00206612	0.00206612	0.00206612	0.00206612	
0.00378788	0.00378788	0.0454545	0.128788	0.212121	0.170455	0.253788	0.170455	0.00378788	0.00378788	0.00378788	
0.00454545	0.00454545	0.0545455	0.00454545	0.154545	0.304545	0.204545	0.254545	0.00454545	0.00454545	0.00454545	
0.00505051	0.00505051	0.00505051	0.00505051	0.00505051	0.0606061	0.393939	0.282828	0.227273	0.00505051	0.00505051	
0.0113636	0.0113636	0.0113636	0.0113636	0.261364	0.0113636	0.0113636	0.386364	0.261364	0.0113636	0.0113636	
0.0227273	0.0227273	0.0227273	0.0227273	0.0227273	0.0227273	0.0227273	0.0227273	0.0227273	0.272727	0.522727	
0.00826446	0.00826446	0.00826446	0.00826446	0.00826446	0.00826446	0.0991736	0.00826446	0.0991736	0.0991736	0.644628	


Matrix B :

0.0909091	0.0909091	0.0909091	0.0909091	0.0909091	0.0909091	0.0909091	0.0909091	0.0909091	0.0909091	0.0909091	
0.000140292	0.486251	0.433782	0.0726712	0.00322671	0.00322671	0.000140292	0.000140292	0.000140292	0.000140292	0.000140292	
0.000278862	0.0616286	0.432794	0.386782	0.104573	0.0125488	0.000278862	0.000278862	0.000278862	0.000278862	0.000278862	
0.000614251	0.0411548	0.101966	0.412776	0.338452	0.0749386	0.0276413	0.000614251	0.000614251	0.000614251	0.000614251	
0.00185529	0.00185529	0.103896	0.328386	0.246753	0.307978	0.00185529	0.00185529	0.00185529	0.00185529	0.00185529	
0.00378788	0.00378788	0.128788	0.337121	0.253788	0.0454545	0.128788	0.0871212	0.00378788	0.00378788	0.00378788	
0.004329	0.004329	0.004329	0.0995671	0.147186	0.337662	0.194805	0.147186	0.0519481	0.004329	0.004329	
0.00505051	0.00505051	0.00505051	0.0606061	0.0606061	0.0606061	0.449495	0.116162	0.116162	0.116162	0.00505051	
0.00909091	0.00909091	0.109091	0.209091	0.00909091	0.00909091	0.309091	0.209091	0.00909091	0.00909091	0.109091	
0.0227273	0.0227273	0.0227273	0.0227273	0.772727	0.0227273	0.0227273	0.0227273	0.0227273	0.0227273	0.0227273	
0.00826446	0.00826446	0.00826446	0.00826446	0.190083	0.735537	0.00826446	0.00826446	0.00826446	0.00826446	0.00826446	


Vector Pi :

0.00149031	0.42772	0.280179	0.132638	0.099851	0.00149031	0.0178838	0.00149031	0.0342772	0.00149031	0.00149031	


Vector Phi :

0.00082002	0.522455	0.257158	0.115503	0.0345173	0.0195636	0.0163529	0.0147129	0.00655232	0.00329297	0.00907152	
