
Parameters: 11 states AND 11 symbols

Matrix A :

0.0909091	0.0909091	0.0909091	0.0909091	0.0909091	0.0909091	0.0909091	0.0909091	0.0909091	0.0909091	0.0909091	
0.000123183	0.884947	0.101749	0.0109633	0.000123183	0.000123183	0.000123183	0.000123183	0.000123183	0.000123183	0.0014782	
0.000304044	0.25114	0.649133	0.0839161	0.0103375	0.00364853	0.000304044	0.000304044	0.000304044	0.000304044	0.000304044	
0.00103306	0.0805785	0.285124	0.466942	0.137397	0.0237603	0.00103306	0.00103306	0.00103306	0.00103306	0.00103306	
0.002331	0.0536131	0.0792541	0.284382	0.361305	0.207459	0.002331	0.002331	0.002331	0.002331	0.002331	
0.00395257	0.00395257	0.0474308	0.0909091	0.351779	0.351779	0.0909091	0.0474308	0.00395257	0.00395257	0.00395257	
0.0227273	0.0227273	0.0227273	0.0227273	0.0227273	0.522727	0.272727	0.0227273	0.0227273	0.0227273	0.0227273	
0.0454545	0.0454545	0.0454545	0.0454545	0.0454545	0.0454545	0.0454545	0.0454545	0.0454545	0.545455	0.0454545	
0.0151515	0.0151515	0.0151515	0.0151515	0.181818	0.181818	0.0151515	0.0151515	0.515152	0.0151515	0.0151515	
0.030303	0.030303	0.030303	0.030303	0.030303	0.030303	0.030303	0.030303	0.363636	0.363636	0.030303	
0.0454545	0.0454545	0.0454545	0.0454545	0.0454545	0.0454545	0.0454545	0.0454545	0.545455	0.0454545	0.0454545	


Matrix B :

0.0909091	0.0909091	0.0909091	0.0909091	0.0909091	0.0909091	0.0909091	0.0909091	0.0909091	0.0909091	0.0909091	
0.00011655	0.137296	0.293706	0.243706	0.164219	0.0757576	0.0449883	0.0231935	0.011655	0.0013986	0.0039627	
0.000291375	0.00990676	0.0772145	0.221445	0.314394	0.195804	0.0868298	0.0611888	0.016317	0.00990676	0.00670163	
0.0010101	0.0010101	0.0232323	0.10101	0.30101	0.167677	0.178788	0.134343	0.0787879	0.0010101	0.0121212	
0.00227273	0.00227273	0.0272727	0.0522727	0.277273	0.252273	0.0522727	0.127273	0.152273	0.0272727	0.0272727	
0.00378788	0.00378788	0.00378788	0.0454545	0.295455	0.170455	0.212121	0.128788	0.0871212	0.0454545	0.00378788	
0.0227273	0.0227273	0.0227273	0.0227273	0.0227273	0.0227273	0.522727	0.272727	0.0227273	0.0227273	0.0227273	
0.0454545	0.0454545	0.0454545	0.0454545	0.545455	0.0454545	0.0454545	0.0454545	0.0454545	0.0454545	0.0454545	
0.0151515	0.0151515	0.181818	0.181818	0.0151515	0.181818	0.348485	0.0151515	0.0151515	0.0151515	0.0151515	
0.0227273	0.0227273	0.0227273	0.0227273	0.0227273	0.522727	0.272727	0.0227273	0.0227273	0.0227273	0.0227273	
0.0454545	0.0454545	0.0454545	0.0454545	0.0454545	0.0454545	0.545455	0.0454545	0.0454545	0.0454545	0.0454545	


Vector Pi :

0.00149031	0.690015	0.214605	0.0342772	0.0178838	0.0178838	0.00149031	0.00149031	0.00149031	0.0178838	0.00149031	


Vector Phi :

0.000829876	0.612448	0.248133	0.073029	0.0323651	0.0190871	0.0033195	0.00165975	0.00497925	0.00248963	0.00165975	
