
Parameters: 11 states AND 11 symbols

Matrix A :

0.0909091	0.0909091	0.0909091	0.0909091	0.0909091	0.0909091	0.0909091	0.0909091	0.0909091	0.0909091	0.0909091	
0.000128766	0.906644	0.0893639	0.00296163	0.000128766	0.000128766	0.000128766	0.000128766	0.000128766	0.000128766	0.000128766	
0.00031348	0.214107	0.683072	0.0865204	0.0106583	0.00031348	0.00031348	0.00031348	0.00031348	0.00376176	0.00031348	
0.000804505	0.0273532	0.239743	0.611424	0.106999	0.000804505	0.000804505	0.00965406	0.000804505	0.000804505	0.000804505	
0.00206612	0.0247934	0.0247934	0.342975	0.456612	0.13843	0.00206612	0.00206612	0.00206612	0.00206612	0.00206612	
0.00505051	0.00505051	0.00505051	0.00505051	0.282828	0.449495	0.227273	0.00505051	0.00505051	0.00505051	0.00505051	
0.00699301	0.00699301	0.00699301	0.0839161	0.0839161	0.237762	0.545455	0.00699301	0.00699301	0.00699301	0.00699301	
0.0454545	0.0454545	0.0454545	0.0454545	0.0454545	0.0454545	0.0454545	0.0454545	0.0454545	0.545455	0.0454545	
0.030303	0.030303	0.030303	0.030303	0.363636	0.030303	0.363636	0.030303	0.030303	0.030303	0.030303	
0.012987	0.012987	0.012987	0.012987	0.012987	0.012987	0.012987	0.012987	0.298701	0.441558	0.155844	
0.030303	0.030303	0.030303	0.030303	0.363636	0.030303	0.030303	0.030303	0.030303	0.030303	0.363636	


Matrix B :

0.0909091	0.0909091	0.0909091	0.0909091	0.0909091	0.0909091	0.0909091	0.0909091	0.0909091	0.0909091	0.0909091	
0.00012285	0.375799	0.428501	0.151474	0.0339066	0.00958231	0.00012285	0.00012285	0.00012285	0.00012285	0.00012285	
0.000302024	0.0401691	0.43884	0.405618	0.0999698	0.0102688	0.00362428	0.000302024	0.000302024	0.000302024	0.000302024	
0.000745156	0.000745156	0.28763	0.443368	0.18927	0.0417288	0.033532	0.000745156	0.000745156	0.000745156	0.000745156	
0.00197628	0.0237154	0.0889328	0.371542	0.175889	0.15415	0.175889	0.00197628	0.00197628	0.00197628	0.00197628	
0.00413223	0.00413223	0.0950413	0.0950413	0.413223	0.231405	0.0950413	0.00413223	0.0495868	0.00413223	0.00413223	
0.00699301	0.00699301	0.00699301	0.00699301	0.622378	0.0839161	0.00699301	0.0839161	0.160839	0.00699301	0.00699301	
0.0454545	0.0454545	0.0454545	0.0454545	0.545455	0.0454545	0.0454545	0.0454545	0.0454545	0.0454545	0.0454545	
0.030303	0.030303	0.030303	0.030303	0.363636	0.030303	0.030303	0.363636	0.030303	0.030303	0.030303	
0.012987	0.012987	0.155844	0.012987	0.298701	0.012987	0.012987	0.012987	0.012987	0.155844	0.298701	
0.030303	0.030303	0.363636	0.363636	0.030303	0.030303	0.030303	0.030303	0.030303	0.030303	0.030303	


Vector Pi :

0.00149031	0.542474	0.181818	0.149031	0.0342772	0.0670641	0.00149031	0.00149031	0.00149031	0.0178838	0.00149031	


Vector Phi :

0.000750471	0.596582	0.242191	0.0923038	0.0348279	0.0139444	0.00973762	0.00156732	0.00193511	0.00414623	0.00201419	
