
Parameters: 11 states AND 11 symbols

Matrix A :

0.0909091	0.0909091	0.0909091	0.0909091	0.0909091	0.0909091	0.0909091	0.0909091	0.0909091	0.0909091	0.0909091	
0.00013986	0.893986	0.093986	0.0109091	0.00013986	0.00013986	0.00013986	0.00013986	0.00013986	0.00013986	0.00013986	
0.000343053	0.241852	0.622985	0.117324	0.00411664	0.00789022	0.00411664	0.000343053	0.000343053	0.000343053	0.000343053	
0.000763942	0.0343774	0.286478	0.496562	0.152024	0.025974	0.000763942	0.000763942	0.000763942	0.000763942	0.000763942	
0.0015949	0.0191388	0.0366826	0.334928	0.457735	0.141946	0.0015949	0.0015949	0.0015949	0.0015949	0.0015949	
0.00284091	0.00284091	0.0340909	0.0340909	0.221591	0.440341	0.159091	0.0340909	0.0340909	0.0340909	0.00284091	
0.0031348	0.0031348	0.0031348	0.0376176	0.106583	0.0721003	0.623824	0.106583	0.0376176	0.0031348	0.0031348	
0.00826446	0.00826446	0.0991736	0.00826446	0.00826446	0.0991736	0.280992	0.371901	0.0991736	0.00826446	0.00826446	
0.00568182	0.00568182	0.00568182	0.00568182	0.0681818	0.00568182	0.0681818	0.130682	0.380682	0.255682	0.0681818	
0.00699301	0.00699301	0.00699301	0.00699301	0.00699301	0.00699301	0.00699301	0.00699301	0.237762	0.468531	0.237762	
0.012987	0.012987	0.012987	0.012987	0.012987	0.012987	0.012987	0.012987	0.441558	0.155844	0.298701	


Matrix B :

0.0909091	0.0909091	0.0909091	0.0909091	0.0909091	0.0909091	0.0909091	0.0909091	0.0909091	0.0909091	0.0909091	
0.000133298	0.208344	0.388696	0.290456	0.0939749	0.0177286	0.000133298	0.000133298	0.000133298	0.000133298	0.000133298	
0.000325839	0.0289997	0.297817	0.369501	0.21538	0.0827631	0.00391007	0.000325839	0.000325839	0.000325839	0.000325839	
0.000727273	0.000727273	0.152727	0.320727	0.264727	0.200727	0.0567273	0.000727273	0.000727273	0.000727273	0.000727273	
0.00154083	0.00154083	0.0354391	0.120185	0.357473	0.238829	0.171032	0.0693374	0.00154083	0.00154083	0.00154083	
0.0026738	0.0026738	0.0320856	0.179144	0.0909091	0.179144	0.414439	0.0614973	0.0320856	0.0026738	0.0026738	
0.0030303	0.0030303	0.0030303	0.10303	0.20303	0.20303	0.336364	0.0030303	0.10303	0.0363636	0.0030303	
0.00757576	0.00757576	0.00757576	0.0909091	0.174242	0.174242	0.424242	0.00757576	0.0909091	0.00757576	0.00757576	
0.00534759	0.00534759	0.0641711	0.0641711	0.122995	0.299465	0.181818	0.0641711	0.00534759	0.0641711	0.122995	
0.00649351	0.00649351	0.00649351	0.149351	0.220779	0.363636	0.00649351	0.0779221	0.0779221	0.00649351	0.0779221	
0.012987	0.012987	0.012987	0.155844	0.155844	0.012987	0.298701	0.155844	0.012987	0.012987	0.155844	


Vector Pi :

0.00149031	0.509687	0.230999	0.099851	0.0342772	0.0506706	0.0178838	0.0178838	0.0178838	0.0178838	0.00149031	


Vector Phi :

0.000798017	0.550079	0.221516	0.0980744	0.0458197	0.024375	0.0225817	0.00858039	0.0125131	0.0101656	0.00549676	
