
Parameters: 11 states AND 11 symbols

Matrix A :

0.090909	0.090909	0.090909	0.090909	0.090909	0.090909	0.090909	0.090909	0.090909	0.090909	0.090909	
0.000928	0.460111	0.215213	0.113173	0.113173	0.041744	0.000928	0.021336	0.011132	0.000928	0.021336	
0.001109	0.269401	0.281596	0.147450	0.098670	0.086475	0.037694	0.013304	0.025499	0.013304	0.025499	
0.001490	0.149031	0.230999	0.149031	0.149031	0.132638	0.050671	0.050671	0.034277	0.017884	0.034277	
0.001357	0.165536	0.090909	0.135685	0.195387	0.120760	0.180461	0.031208	0.046133	0.001357	0.031208	
0.001783	0.099822	0.119430	0.178253	0.197861	0.158645	0.060606	0.099822	0.021390	0.021390	0.040998	
0.001748	0.059441	0.078671	0.078671	0.155594	0.097902	0.232517	0.117133	0.040210	0.078671	0.059441	
0.002331	0.027972	0.027972	0.053613	0.053613	0.130536	0.181818	0.104895	0.130536	0.181818	0.104895	
0.001783	0.001783	0.099822	0.040998	0.060606	0.040998	0.040998	0.119430	0.374332	0.080214	0.139037	
0.002114	0.002114	0.025370	0.002114	0.025370	0.025370	0.118393	0.141649	0.211416	0.257928	0.188161	
0.001653	0.038017	0.001653	0.019835	0.019835	0.038017	0.074380	0.056198	0.110744	0.238017	0.401653	


Matrix B :

0.090909	0.090909	0.090909	0.090909	0.090909	0.090909	0.090909	0.090909	0.090909	0.090909	0.090909	
0.000909	0.350909	0.360909	0.160909	0.070909	0.040909	0.010909	0.000909	0.000909	0.000909	0.000909	
0.001045	0.184953	0.357367	0.265413	0.138976	0.012539	0.024033	0.012539	0.001045	0.001045	0.001045	
0.001420	0.157670	0.298295	0.407670	0.095170	0.017045	0.017045	0.001420	0.001420	0.001420	0.001420	
0.001318	0.088274	0.276680	0.305665	0.204216	0.015810	0.073781	0.001318	0.015810	0.015810	0.001318	
0.001653	0.092562	0.292562	0.292562	0.219835	0.092562	0.001653	0.001653	0.001653	0.001653	0.001653	
0.001715	0.058319	0.152659	0.341338	0.246998	0.133791	0.039451	0.020583	0.001715	0.001715	0.001715	
0.002114	0.025370	0.188161	0.350951	0.304440	0.048626	0.071882	0.002114	0.002114	0.002114	0.002114	
0.001715	0.001715	0.133791	0.341338	0.246998	0.171527	0.058319	0.039451	0.001715	0.001715	0.001715	
0.001934	0.023211	0.065764	0.342360	0.257253	0.108317	0.065764	0.108317	0.001934	0.023211	0.001934	
0.001567	0.036050	0.122257	0.191223	0.105016	0.087774	0.191223	0.070533	0.053292	0.087774	0.053292	


Vector Pi :

0.002933	0.035191	0.164223	0.131965	0.067449	0.131965	0.035191	0.131965	0.067449	0.131965	0.099707	


Vector Phi :

0.001665	0.165939	0.136812	0.099992	0.111621	0.084807	0.086458	0.064860	0.084826	0.071503	0.091517	
