
Parameters: 11 states AND 11 symbols

Matrix A :

0.0909091	0.0909091	0.0909091	0.0909091	0.0909091	0.0909091	0.0909091	0.0909091	0.0909091	0.0909091	0.0909091	
8.28706e-05	0.980028	0.019226	8.28706e-05	8.28706e-05	8.28706e-05	8.28706e-05	8.28706e-05	8.28706e-05	8.28706e-05	8.28706e-05	
0.00128041	0.282971	0.606914	0.0576184	0.0294494	0.00128041	0.00128041	0.00128041	0.00128041	0.0153649	0.00128041	
0.0151515	0.0151515	0.348485	0.0151515	0.0151515	0.181818	0.0151515	0.0151515	0.181818	0.0151515	0.181818	
0.0151515	0.0151515	0.515152	0.0151515	0.0151515	0.348485	0.0151515	0.0151515	0.0151515	0.0151515	0.0151515	
0.012987	0.155844	0.012987	0.012987	0.298701	0.298701	0.012987	0.155844	0.012987	0.012987	0.012987	
0.0454545	0.0454545	0.0454545	0.0454545	0.545455	0.0454545	0.0454545	0.0454545	0.0454545	0.0454545	0.0454545	
0.0181818	0.0181818	0.218182	0.0181818	0.0181818	0.0181818	0.218182	0.418182	0.0181818	0.0181818	0.0181818	
0.0454545	0.0454545	0.0454545	0.0454545	0.0454545	0.545455	0.0454545	0.0454545	0.0454545	0.0454545	0.0454545	
0.030303	0.030303	0.030303	0.363636	0.030303	0.030303	0.030303	0.363636	0.030303	0.030303	0.030303	
0.0181818	0.0181818	0.0181818	0.0181818	0.0181818	0.0181818	0.0181818	0.0181818	0.0181818	0.218182	0.618182	


Matrix B :

0.0909091	0.0909091	0.0909091	0.0909091	0.0909091	0.0909091	0.0909091	0.0909091	0.0909091	0.0909091	0.0909091	
7.89141e-05	0.140704	0.309107	0.255287	0.156329	0.0825442	0.0391414	0.0061553	0.00528725	0.00528725	7.89141e-05	
0.0143541	0.027512	0.0933014	0.172249	0.251196	0.198565	0.106459	0.027512	0.0801435	0.0143541	0.0143541	
0.0151515	0.0151515	0.515152	0.0151515	0.0151515	0.181818	0.0151515	0.0151515	0.181818	0.0151515	0.0151515	
0.0151515	0.0151515	0.515152	0.181818	0.181818	0.0151515	0.0151515	0.0151515	0.0151515	0.0151515	0.0151515	
0.012987	0.012987	0.155844	0.727273	0.012987	0.012987	0.012987	0.012987	0.012987	0.012987	0.012987	
0.0454545	0.0454545	0.0454545	0.0454545	0.0454545	0.545455	0.0454545	0.0454545	0.0454545	0.0454545	0.0454545	
0.0181818	0.0181818	0.0181818	0.218182	0.218182	0.418182	0.0181818	0.0181818	0.0181818	0.0181818	0.0181818	
0.0454545	0.0454545	0.0454545	0.545455	0.0454545	0.0454545	0.0454545	0.0454545	0.0454545	0.0454545	0.0454545	
0.030303	0.030303	0.030303	0.363636	0.363636	0.030303	0.030303	0.030303	0.030303	0.030303	0.030303	
0.0181818	0.0181818	0.0181818	0.0181818	0.0181818	0.0181818	0.218182	0.418182	0.218182	0.0181818	0.0181818	


Vector Pi :

0.00149031	0.90313	0.0834575	0.00149031	0.00149031	0.00149031	0.00149031	0.00149031	0.00149031	0.00149031	0.00149031	


Vector Phi :

0.000829876	0.910373	0.0589212	0.00497926	0.00497926	0.00580913	0.00165975	0.00414938	0.00165975	0.00248963	0.00414938	
