
Parameters: 11 states AND 11 symbols

Matrix A :

0.0909091	0.0909091	0.0909091	0.0909091	0.0909091	0.0909091	0.0909091	0.0909091	0.0909091	0.0909091	0.0909091	
0.000142491	0.829296	0.15845	0.00797948	0.00170989	0.00170989	0.000142491	0.000142491	0.000142491	0.000142491	0.000142491	
0.000294204	0.317446	0.534275	0.120035	0.0197117	0.000294204	0.000294204	0.000294204	0.000294204	0.00353045	0.00353045	
0.000727273	0.0807273	0.264727	0.448727	0.152727	0.0247273	0.00872727	0.00872727	0.000727273	0.000727273	0.00872727	
0.0013986	0.0167832	0.124476	0.355245	0.401399	0.0783217	0.0167832	0.0013986	0.0013986	0.0013986	0.0013986	
0.00454545	0.00454545	0.0545455	0.104545	0.354545	0.304545	0.154545	0.00454545	0.00454545	0.00454545	0.00454545	
0.00568182	0.00568182	0.00568182	0.00568182	0.130682	0.130682	0.443182	0.0681818	0.130682	0.0681818	0.00568182	
0.0151515	0.0151515	0.0151515	0.0151515	0.181818	0.0151515	0.515152	0.0151515	0.0151515	0.181818	0.0151515	
0.012987	0.012987	0.012987	0.012987	0.155844	0.298701	0.012987	0.155844	0.155844	0.155844	0.012987	
0.00909091	0.00909091	0.00909091	0.00909091	0.109091	0.00909091	0.00909091	0.109091	0.209091	0.309091	0.209091	
0.0113636	0.0113636	0.0113636	0.0113636	0.0113636	0.0113636	0.0113636	0.136364	0.136364	0.261364	0.386364	


Matrix B :

0.0909091	0.0909091	0.0909091	0.0909091	0.0909091	0.0909091	0.0909091	0.0909091	0.0909091	0.0909091	0.0909091	
0.000136295	0.189042	0.325474	0.25201	0.136568	0.0586071	0.010631	0.0136295	0.010631	0.0031348	0.000136295	
0.000278862	0.0156163	0.0800335	0.27942	0.30396	0.190463	0.076966	0.0248187	0.0217513	0.00334635	0.00334635	
0.000683527	0.000683527	0.0533151	0.0984279	0.233766	0.196172	0.181135	0.151059	0.0683527	0.0157211	0.000683527	
0.00137741	0.00137741	0.0316804	0.12259	0.107438	0.319559	0.152893	0.0619835	0.137741	0.0316804	0.0316804	
0.004329	0.004329	0.0519481	0.0995671	0.242424	0.242424	0.147186	0.004329	0.0995671	0.0519481	0.0519481	
0.00505051	0.00505051	0.00505051	0.282828	0.338384	0.171717	0.116162	0.00505051	0.00505051	0.0606061	0.00505051	
0.0151515	0.0151515	0.0151515	0.348485	0.181818	0.181818	0.181818	0.0151515	0.0151515	0.0151515	0.0151515	
0.0113636	0.0113636	0.261364	0.261364	0.261364	0.0113636	0.136364	0.0113636	0.0113636	0.0113636	0.0113636	
0.00909091	0.00909091	0.00909091	0.309091	0.309091	0.00909091	0.00909091	0.209091	0.109091	0.00909091	0.00909091	
0.010101	0.010101	0.010101	0.010101	0.232323	0.010101	0.232323	0.010101	0.010101	0.121212	0.343434	


Vector Pi :

0.00149031	0.460507	0.280179	0.149031	0.0178838	0.0178838	0.0342772	0.00149031	0.0178838	0.00149031	0.0178838	


Vector Phi :

0.000822265	0.532967	0.256266	0.101738	0.0532308	0.0163936	0.0131108	0.00492136	0.00574927	0.00822385	0.00657645	
