
Parameters: 11 states AND 11 symbols

Matrix A :

0.090909	0.090909	0.090909	0.090909	0.090909	0.090909	0.090909	0.090909	0.090909	0.090909	0.090909	
0.000193	0.877051	0.061764	0.012932	0.010809	0.002316	0.008686	0.000193	0.006562	0.008686	0.010809	
0.001443	0.525253	0.191919	0.112554	0.049062	0.033189	0.033189	0.017316	0.017316	0.017316	0.001443	
0.004785	0.215311	0.373206	0.110048	0.110048	0.162679	0.004785	0.004785	0.004785	0.004785	0.004785	
0.005051	0.505051	0.116162	0.060606	0.171717	0.005051	0.005051	0.116162	0.005051	0.005051	0.005051	
0.010101	0.232323	0.454545	0.121212	0.010101	0.121212	0.010101	0.010101	0.010101	0.010101	0.010101	
0.012987	0.155844	0.155844	0.155844	0.298701	0.155844	0.012987	0.012987	0.012987	0.012987	0.012987	
0.022727	0.522727	0.272727	0.022727	0.022727	0.022727	0.022727	0.022727	0.022727	0.022727	0.022727	
0.018182	0.018182	0.418182	0.018182	0.418182	0.018182	0.018182	0.018182	0.018182	0.018182	0.018182	
0.015152	0.181818	0.681818	0.015152	0.015152	0.015152	0.015152	0.015152	0.015152	0.015152	0.015152	
0.015152	0.848485	0.015152	0.015152	0.015152	0.015152	0.015152	0.015152	0.015152	0.015152	0.015152	


Matrix B :

0.090909	0.090909	0.090909	0.090909	0.090909	0.090909	0.090909	0.090909	0.090909	0.090909	0.090909	
0.000185	0.368071	0.250185	0.187177	0.099778	0.030673	0.026608	0.018477	0.012380	0.006282	0.000185	
0.001337	0.104278	0.251337	0.266043	0.192513	0.089572	0.060160	0.001337	0.030749	0.001337	0.001337	
0.004329	0.051948	0.147186	0.290043	0.194805	0.147186	0.147186	0.004329	0.004329	0.004329	0.004329	
0.004785	0.004785	0.215311	0.267943	0.215311	0.110048	0.057416	0.004785	0.004785	0.057416	0.057416	
0.010101	0.010101	0.121212	0.010101	0.454545	0.343434	0.010101	0.010101	0.010101	0.010101	0.010101	
0.012987	0.012987	0.298701	0.155844	0.298701	0.155844	0.012987	0.012987	0.012987	0.012987	0.012987	
0.022727	0.022727	0.022727	0.272727	0.022727	0.522727	0.022727	0.022727	0.022727	0.022727	0.022727	
0.018182	0.018182	0.018182	0.418182	0.218182	0.018182	0.218182	0.018182	0.018182	0.018182	0.018182	
0.012987	0.012987	0.012987	0.012987	0.155844	0.155844	0.584416	0.012987	0.012987	0.012987	0.012987	
0.015152	0.015152	0.015152	0.181818	0.015152	0.181818	0.181818	0.015152	0.181818	0.015152	0.181818	


Vector Pi :

0.002933	0.680352	0.164223	0.067449	0.035191	0.002933	0.002933	0.002933	0.002933	0.035191	0.002933	


Vector Phi :

0.001642	0.773399	0.103448	0.031199	0.029557	0.014778	0.011494	0.006568	0.008210	0.009852	0.009852	
