
Parameters: 11 states AND 11 symbols

Matrix A :

0.0909091	0.0909091	0.0909091	0.0909091	0.0909091	0.0909091	0.0909091	0.0909091	0.0909091	0.0909091	0.0909091	
0.0001295	0.832038	0.153976	0.01295	0.0001295	0.0001295	0.0001295	0.0001295	0.0001295	0.0001295	0.0001295	
0.000316756	0.362686	0.428888	0.174533	0.0212227	0.0107697	0.000316756	0.000316756	0.000316756	0.000316756	0.000316756	
0.00071582	0.079456	0.370795	0.355047	0.158196	0.0243379	0.00858984	0.00071582	0.00071582	0.00071582	0.00071582	
0.00162338	0.0730519	0.0909091	0.358766	0.305195	0.108766	0.0194805	0.0373377	0.00162338	0.00162338	0.00162338	
0.00534759	0.00534759	0.0641711	0.0641711	0.475936	0.181818	0.122995	0.0641711	0.00534759	0.00534759	0.00534759	
0.0113636	0.0113636	0.261364	0.136364	0.261364	0.136364	0.0113636	0.0113636	0.136364	0.0113636	0.0113636	
0.0181818	0.0181818	0.0181818	0.0181818	0.218182	0.0181818	0.218182	0.218182	0.0181818	0.218182	0.0181818	
0.0454545	0.0454545	0.0454545	0.0454545	0.0454545	0.0454545	0.545455	0.0454545	0.0454545	0.0454545	0.0454545	
0.0454545	0.0454545	0.0454545	0.0454545	0.0454545	0.0454545	0.0454545	0.0454545	0.0454545	0.0454545	0.545455	
0.0454545	0.0454545	0.0454545	0.0454545	0.0454545	0.0454545	0.545455	0.0454545	0.0454545	0.0454545	0.0454545	


Matrix B :

0.0909091	0.0909091	0.0909091	0.0909091	0.0909091	0.0909091	0.0909091	0.0909091	0.0909091	0.0909091	0.0909091	
0.00012335	0.365117	0.396324	0.145307	0.0557543	0.021833	0.012335	0.00283705	0.00012335	0.00012335	0.00012335	
0.000299043	0.0101675	0.237141	0.414773	0.18451	0.0825359	0.0595096	0.0101675	0.000299043	0.000299043	0.000299043	
0.000688705	0.000688705	0.023416	0.182507	0.356749	0.190083	0.129477	0.0991736	0.00826446	0.00826446	0.000688705	
0.00154083	0.00154083	0.00154083	0.01849	0.323575	0.204931	0.289676	0.0862866	0.0354391	0.0354391	0.00154083	
0.00534759	0.00534759	0.00534759	0.0641711	0.181818	0.181818	0.240642	0.0641711	0.181818	0.00534759	0.0641711	
0.0113636	0.0113636	0.0113636	0.0113636	0.0113636	0.386364	0.511364	0.0113636	0.0113636	0.0113636	0.0113636	
0.0181818	0.0181818	0.0181818	0.0181818	0.0181818	0.218182	0.418182	0.0181818	0.0181818	0.218182	0.0181818	
0.0454545	0.0454545	0.0454545	0.0454545	0.0454545	0.0454545	0.0454545	0.545455	0.0454545	0.0454545	0.0454545	
0.0454545	0.0454545	0.0454545	0.0454545	0.0454545	0.0454545	0.0454545	0.0454545	0.0454545	0.0454545	0.545455	
0.0454545	0.0454545	0.0454545	0.0454545	0.0454545	0.0454545	0.0454545	0.0454545	0.0454545	0.0454545	0.545455	


Vector Pi :

0.00149031	0.558867	0.280179	0.0834575	0.0670641	0.00149031	0.00149031	0.00149031	0.00149031	0.00149031	0.00149031	


Vector Phi :

0.000812807	0.584097	0.237295	0.104065	0.0446053	0.0137699	0.00647433	0.00401981	0.0016221	0.00161677	0.00162119	
