
Parameters: 11 states AND 11 symbols

Matrix A :

0.0909091	0.0909091	0.0909091	0.0909091	0.0909091	0.0909091	0.0909091	0.0909091	0.0909091	0.0909091	0.0909091	
0.000135888	0.896997	0.0972958	0.00462019	0.000135888	0.000135888	0.000135888	0.000135888	0.000135888	0.000135888	0.000135888	
0.000315657	0.198232	0.66351	0.114899	0.0142045	0.00378788	0.000315657	0.000315657	0.000315657	0.000315657	0.00378788	
0.000927644	0.0927644	0.245826	0.419295	0.143785	0.0723562	0.0111317	0.000927644	0.000927644	0.000927644	0.0111317	
0.00174825	0.0402098	0.0979021	0.270979	0.367133	0.136364	0.0594406	0.020979	0.00174825	0.00174825	0.00174825	
0.002331	0.002331	0.0536131	0.0792541	0.207459	0.361305	0.181818	0.0536131	0.027972	0.027972	0.002331	
0.0034965	0.0034965	0.0034965	0.041958	0.157343	0.311189	0.195804	0.272727	0.0034965	0.0034965	0.0034965	
0.00478469	0.00478469	0.00478469	0.00478469	0.0574163	0.0574163	0.478469	0.373206	0.00478469	0.00478469	0.00478469	
0.0227273	0.0227273	0.0227273	0.0227273	0.0227273	0.0227273	0.0227273	0.272727	0.522727	0.0227273	0.0227273	
0.0181818	0.0181818	0.0181818	0.218182	0.0181818	0.0181818	0.0181818	0.0181818	0.0181818	0.418182	0.218182	
0.0227273	0.0227273	0.0227273	0.272727	0.272727	0.0227273	0.0227273	0.0227273	0.0227273	0.272727	0.0227273	


Matrix B :

0.0909091	0.0909091	0.0909091	0.0909091	0.0909091	0.0909091	0.0909091	0.0909091	0.0909091	0.0909091	0.0909091	
0.000129685	0.298275	0.371028	0.205551	0.0686033	0.0457788	0.00868889	0.00155622	0.000129685	0.000129685	0.000129685	
0.000302024	0.0667472	0.23286	0.332528	0.222893	0.0833585	0.0501359	0.00362428	0.00362428	0.000302024	0.00362428	
0.000865801	0.0675325	0.115152	0.343723	0.28658	0.0675325	0.038961	0.0484848	0.0103896	0.000865801	0.0199134	
0.00174825	0.0786713	0.136364	0.213287	0.270979	0.0979021	0.0402098	0.136364	0.020979	0.00174825	0.00174825	
0.00211416	0.00211416	0.164905	0.234672	0.234672	0.164905	0.0718816	0.0486258	0.02537	0.0486258	0.00211416	
0.003367	0.003367	0.114478	0.151515	0.225589	0.262626	0.151515	0.040404	0.003367	0.040404	0.003367	
0.004329	0.004329	0.0995671	0.147186	0.0995671	0.147186	0.4329	0.0519481	0.004329	0.004329	0.004329	
0.0181818	0.0181818	0.0181818	0.0181818	0.0181818	0.0181818	0.0181818	0.618182	0.218182	0.0181818	0.0181818	
0.0181818	0.0181818	0.818182	0.0181818	0.0181818	0.0181818	0.0181818	0.0181818	0.0181818	0.0181818	0.0181818	
0.0227273	0.522727	0.272727	0.0227273	0.0227273	0.0227273	0.0227273	0.0227273	0.0227273	0.0227273	0.0227273	


Vector Pi :

0.00149031	0.52608	0.214605	0.116244	0.00149031	0.0670641	0.0178838	0.0342772	0.0178838	0.00149031	0.00149031	


Vector Phi :

0.000829881	0.555186	0.239004	0.081328	0.0431538	0.0323654	0.021577	0.0157678	0.00331953	0.00414941	0.00331952	
