
Parameters: 11 states AND 11 symbols

Matrix A :

0.090909	0.090909	0.090909	0.090909	0.090909	0.090909	0.090909	0.090909	0.090909	0.090909	0.090909	
0.000387	0.898259	0.068472	0.017408	0.008897	0.004642	0.000387	0.000387	0.000387	0.000387	0.000387	
0.001082	0.203463	0.572511	0.120130	0.048701	0.012987	0.001082	0.012987	0.012987	0.001082	0.012987	
0.001976	0.045455	0.262846	0.349802	0.110672	0.067194	0.045455	0.023715	0.023715	0.001976	0.067194	
0.003367	0.003367	0.114478	0.373737	0.151515	0.114478	0.114478	0.040404	0.003367	0.040404	0.040404	
0.005051	0.005051	0.005051	0.060606	0.338384	0.171717	0.116162	0.282828	0.005051	0.005051	0.005051	
0.002933	0.067449	0.067449	0.067449	0.164223	0.131965	0.357771	0.099707	0.035191	0.002933	0.002933	
0.002674	0.002674	0.002674	0.061497	0.002674	0.061497	0.179144	0.385027	0.237968	0.032086	0.032086	
0.002755	0.002755	0.002755	0.002755	0.002755	0.002755	0.123967	0.214876	0.457300	0.184573	0.002755	
0.002755	0.002755	0.033058	0.002755	0.002755	0.002755	0.033058	0.033058	0.184573	0.578512	0.123967	
0.001567	0.018809	0.018809	0.001567	0.001567	0.001567	0.036050	0.018809	0.001567	0.087774	0.811912	


Matrix B :

0.090909	0.090909	0.090909	0.090909	0.090909	0.090909	0.090909	0.090909	0.090909	0.090909	0.090909	
0.000371	0.330983	0.273840	0.184045	0.114657	0.073840	0.012616	0.008534	0.000371	0.000371	0.000371	
0.001045	0.127482	0.288401	0.311390	0.081505	0.104493	0.081505	0.001045	0.001045	0.001045	0.001045	
0.001894	0.064394	0.272727	0.189394	0.251894	0.064394	0.126894	0.022727	0.001894	0.001894	0.001894	
0.003247	0.038961	0.288961	0.253247	0.360390	0.038961	0.003247	0.003247	0.003247	0.003247	0.003247	
0.004545	0.004545	0.104545	0.504545	0.104545	0.154545	0.104545	0.004545	0.004545	0.004545	0.004545	
0.002674	0.002674	0.208556	0.237968	0.355615	0.149733	0.032086	0.002674	0.002674	0.002674	0.002674	
0.002525	0.002525	0.113636	0.224747	0.280303	0.141414	0.169192	0.030303	0.030303	0.002525	0.002525	
0.002674	0.002674	0.061497	0.179144	0.061497	0.208556	0.385027	0.090909	0.002674	0.002674	0.002674	
0.002457	0.002457	0.002457	0.029484	0.191646	0.137592	0.164619	0.353808	0.029484	0.083538	0.002457	
0.001515	0.001515	0.018182	0.018182	0.101515	0.051515	0.201515	0.151515	0.268182	0.084848	0.101515	


Vector Pi :

0.002933	0.357771	0.099707	0.067449	0.035191	0.067449	0.067449	0.067449	0.035191	0.131965	0.067449	


Vector Phi :

0.001703	0.378154	0.139587	0.077598	0.046145	0.030956	0.055720	0.058561	0.056617	0.056396	0.098564	
