
Parameters: 11 states AND 11 symbols

Matrix A :

0.0909091	0.0909091	0.0909091	0.0909091	0.0909091	0.0909091	0.0909091	0.0909091	0.0909091	0.0909091	0.0909091	
0.000167729	0.876551	0.118249	0.00385777	0.000167729	0.000167729	0.000167729	0.000167729	0.000167729	0.000167729	0.000167729	
0.00024975	0.173327	0.72003	0.101898	0.002997	0.00024975	0.00024975	0.00024975	0.00024975	0.00024975	0.00024975	
0.000528541	0.0237844	0.215645	0.663319	0.0819239	0.0121564	0.000528541	0.000528541	0.000528541	0.000528541	0.000528541	
0.0015674	0.0015674	0.0015674	0.277429	0.605016	0.105016	0.0015674	0.0015674	0.0015674	0.0015674	0.0015674	
0.00363636	0.00363636	0.00363636	0.0836364	0.283636	0.323636	0.243636	0.0436364	0.00363636	0.00363636	0.00363636	
0.00454545	0.00454545	0.00454545	0.00454545	0.00454545	0.404545	0.454545	0.104545	0.00454545	0.00454545	0.00454545	
0.0151515	0.0151515	0.0151515	0.0151515	0.0151515	0.0151515	0.181818	0.348485	0.348485	0.0151515	0.0151515	
0.0181818	0.0181818	0.0181818	0.0181818	0.0181818	0.0181818	0.418182	0.0181818	0.218182	0.0181818	0.218182	
0.0454545	0.0454545	0.0454545	0.0454545	0.0454545	0.0454545	0.0454545	0.0454545	0.545455	0.0454545	0.0454545	
0.0181818	0.0181818	0.0181818	0.0181818	0.0181818	0.0181818	0.0181818	0.0181818	0.0181818	0.218182	0.618182	


Matrix B :

0.0909091	0.0909091	0.0909091	0.0909091	0.0909091	0.0909091	0.0909091	0.0909091	0.0909091	0.0909091	0.0909091	
0.00015977	0.247963	0.365713	0.196996	0.11791	0.045854	0.0142195	0.0107046	0.00015977	0.00015977	0.00015977	
0.000238607	0.00811262	0.181341	0.370317	0.244333	0.0921021	0.0658554	0.0238607	0.0107373	0.00286328	0.000238607	
0.000505051	0.000505051	0.0282828	0.111616	0.417172	0.278283	0.106061	0.0282828	0.0171717	0.0116162	0.000505051	
0.00146628	0.00146628	0.00146628	0.162757	0.130499	0.372434	0.243402	0.0821114	0.00146628	0.00146628	0.00146628	
0.00324675	0.00324675	0.00324675	0.00324675	0.396104	0.181818	0.181818	0.146104	0.038961	0.038961	0.00324675	
0.004329	0.004329	0.004329	0.004329	0.004329	0.528139	0.004329	0.0519481	0.290043	0.0995671	0.004329	
0.0151515	0.0151515	0.0151515	0.0151515	0.0151515	0.0151515	0.181818	0.0151515	0.0151515	0.681818	0.0151515	
0.0181818	0.0181818	0.0181818	0.0181818	0.0181818	0.0181818	0.218182	0.218182	0.0181818	0.0181818	0.418182	
0.0454545	0.0454545	0.0454545	0.0454545	0.0454545	0.0454545	0.0454545	0.545455	0.0454545	0.0454545	0.0454545	
0.0181818	0.0181818	0.0181818	0.0181818	0.0181818	0.0181818	0.0181818	0.0181818	0.418182	0.418182	0.0181818	


Vector Pi :

0.00149031	0.42772	0.280179	0.132638	0.0670641	0.0506706	0.0342772	0.00149031	0.00149031	0.00149031	0.00149031	


Vector Phi :

0.000769047	0.46067	0.305564	0.141597	0.0461787	0.0184925	0.0134547	0.00428146	0.00369746	0.00152338	0.00377155	
