
Parameters: 11 states AND 11 symbols

Matrix A :

0.0909091	0.0909091	0.0909091	0.0909091	0.0909091	0.0909091	0.0909091	0.0909091	0.0909091	0.0909091	0.0909091	
8.67453e-05	0.934247	0.0554303	0.00581194	8.67453e-05	0.00199514	8.67453e-05	8.67453e-05	8.67453e-05	0.00104094	0.00104094	
0.000739098	0.496674	0.407243	0.0413895	0.0251293	0.0169993	0.000739098	0.000739098	0.00886918	0.000739098	0.000739098	
0.00534759	0.299465	0.417112	0.0641711	0.122995	0.0641711	0.00534759	0.00534759	0.00534759	0.00534759	0.00534759	
0.0151515	0.181818	0.515152	0.181818	0.0151515	0.0151515	0.0151515	0.0151515	0.0151515	0.0151515	0.0151515	
0.0151515	0.0151515	0.348485	0.515152	0.0151515	0.0151515	0.0151515	0.0151515	0.0151515	0.0151515	0.0151515	
0.0909091	0.0909091	0.0909091	0.0909091	0.0909091	0.0909091	0.0909091	0.0909091	0.0909091	0.0909091	0.0909091	
0.0909091	0.0909091	0.0909091	0.0909091	0.0909091	0.0909091	0.0909091	0.0909091	0.0909091	0.0909091	0.0909091	
0.0454545	0.545455	0.0454545	0.0454545	0.0454545	0.0454545	0.0454545	0.0454545	0.0454545	0.0454545	0.0454545	
0.0454545	0.0454545	0.545455	0.0454545	0.0454545	0.0454545	0.0454545	0.0454545	0.0454545	0.0454545	0.0454545	
0.0454545	0.0454545	0.545455	0.0454545	0.0454545	0.0454545	0.0454545	0.0454545	0.0454545	0.0454545	0.0454545	


Matrix B :

0.0909091	0.0909091	0.0909091	0.0909091	0.0909091	0.0909091	0.0909091	0.0909091	0.0909091	0.0909091	0.0909091	
8.27198e-05	0.237571	0.389528	0.178427	0.113822	0.0473985	0.0164612	0.0091819	0.00372239	0.00372239	8.27198e-05	
0.000693963	0.0159611	0.199167	0.237335	0.160999	0.1839	0.115198	0.0617627	0.000693963	0.00832755	0.0159611	
0.00534759	0.00534759	0.122995	0.181818	0.181818	0.0641711	0.240642	0.0641711	0.122995	0.00534759	0.00534759	
0.0151515	0.0151515	0.0151515	0.0151515	0.348485	0.0151515	0.181818	0.348485	0.0151515	0.0151515	0.0151515	
0.0151515	0.0151515	0.0151515	0.515152	0.181818	0.181818	0.0151515	0.0151515	0.0151515	0.0151515	0.0151515	
0.0909091	0.0909091	0.0909091	0.0909091	0.0909091	0.0909091	0.0909091	0.0909091	0.0909091	0.0909091	0.0909091	
0.0909091	0.0909091	0.0909091	0.0909091	0.0909091	0.0909091	0.0909091	0.0909091	0.0909091	0.0909091	0.0909091	
0.0454545	0.0454545	0.0454545	0.0454545	0.0454545	0.545455	0.0454545	0.0454545	0.0454545	0.0454545	0.0454545	
0.030303	0.030303	0.030303	0.030303	0.030303	0.030303	0.69697	0.030303	0.030303	0.030303	0.030303	
0.0454545	0.0454545	0.545455	0.0454545	0.0454545	0.0454545	0.0454545	0.0454545	0.0454545	0.0454545	0.0454545	


Vector Pi :

0.00149031	0.837556	0.132638	0.00149031	0.00149031	0.00149031	0.00149031	0.00149031	0.00149031	0.0178838	0.00149031	


Vector Phi :

0.00082713	0.866832	0.101737	0.0140612	0.00496278	0.00496278	0.00082713	0.00082713	0.00165426	0.00165426	0.00165426	
