
Parameters: 11 states AND 11 symbols

Matrix A :

0.0909091	0.0909091	0.0909091	0.0909091	0.0909091	0.0909091	0.0909091	0.0909091	0.0909091	0.0909091	0.0909091	
0.000164989	0.840455	0.130836	0.0273882	0.000164989	0.000164989	0.000164989	0.000164989	0.000164989	0.000164989	0.000164989	
0.000291375	0.253497	0.606061	0.118881	0.0131119	0.0034965	0.0034965	0.000291375	0.000291375	0.000291375	0.000291375	
0.000590319	0.0395514	0.253837	0.50059	0.156434	0.0395514	0.00708383	0.000590319	0.000590319	0.000590319	0.000590319	
0.00131752	0.00131752	0.102767	0.320158	0.320158	0.218709	0.030303	0.00131752	0.00131752	0.00131752	0.00131752	
0.0015949	0.0191388	0.0717703	0.0542265	0.282297	0.299841	0.212121	0.0366826	0.0191388	0.0015949	0.0015949	
0.00324675	0.00324675	0.00324675	0.00324675	0.038961	0.396104	0.36039	0.038961	0.11039	0.038961	0.00324675	
0.00826446	0.00826446	0.00826446	0.00826446	0.0991736	0.371901	0.0991736	0.280992	0.00826446	0.0991736	0.00826446	
0.00909091	0.00909091	0.00909091	0.00909091	0.00909091	0.209091	0.00909091	0.209091	0.309091	0.109091	0.109091	
0.0113636	0.0113636	0.0113636	0.0113636	0.0113636	0.0113636	0.0113636	0.261364	0.261364	0.261364	0.136364	
0.0227273	0.0227273	0.0227273	0.0227273	0.0227273	0.0227273	0.0227273	0.0227273	0.0227273	0.522727	0.272727	


Matrix B :

0.0909091	0.0909091	0.0909091	0.0909091	0.0909091	0.0909091	0.0909091	0.0909091	0.0909091	0.0909091	0.0909091	
0.000158103	0.299289	0.438419	0.160158	0.0540711	0.0297233	0.0105929	0.00537549	0.00189723	0.000158103	0.000158103	
0.000273	0.021294	0.366639	0.405678	0.114387	0.0543271	0.021294	0.00928201	0.00627901	0.000273	0.000273	
0.000557724	0.00669269	0.0803123	0.325711	0.362521	0.135527	0.0803123	0.00669269	0.000557724	0.000557724	0.000557724	
0.00128041	0.00128041	0.099872	0.142125	0.282971	0.254802	0.113956	0.0717029	0.0153649	0.0153649	0.00128041	
0.00154083	0.00154083	0.0354391	0.204931	0.171032	0.255778	0.187982	0.0523883	0.0693374	0.00154083	0.01849	
0.00324675	0.00324675	0.038961	0.038961	0.146104	0.288961	0.146104	0.181818	0.038961	0.038961	0.0746753	
0.00757576	0.00757576	0.00757576	0.0909091	0.340909	0.174242	0.257576	0.0909091	0.00757576	0.00757576	0.00757576	
0.00826446	0.00826446	0.00826446	0.190083	0.190083	0.00826446	0.190083	0.00826446	0.371901	0.00826446	0.00826446	
0.0113636	0.0113636	0.0113636	0.0113636	0.511364	0.136364	0.261364	0.0113636	0.0113636	0.0113636	0.0113636	
0.0227273	0.0227273	0.0227273	0.0227273	0.0227273	0.272727	0.522727	0.0227273	0.0227273	0.0227273	0.0227273	


Vector Pi :

0.00149031	0.411326	0.345753	0.132638	0.0342772	0.0342772	0.00149031	0.0178838	0.0178838	0.00149031	0.00149031	


Vector Phi :

0.000837209	0.45305	0.259158	0.129846	0.0580169	0.0478956	0.0235123	0.00923045	0.00839137	0.00670916	0.00335332	
