
Parameters: 11 states AND 11 symbols

Matrix A :

0.0909091	0.0909091	0.0909091	0.0909091	0.0909091	0.0909091	0.0909091	0.0909091	0.0909091	0.0909091	0.0909091	
0.000104855	0.92398	0.0681556	0.00356506	0.00241166	0.000104855	0.00125826	0.000104855	0.000104855	0.000104855	0.000104855	
0.000430849	0.299009	0.602327	0.0857389	0.000430849	0.000430849	0.00517019	0.000430849	0.000430849	0.00517019	0.000430849	
0.00165289	0.0198347	0.401653	0.383471	0.147107	0.0380165	0.00165289	0.00165289	0.00165289	0.00165289	0.00165289	
0.0034965	0.041958	0.0034965	0.388112	0.388112	0.118881	0.041958	0.0034965	0.0034965	0.0034965	0.0034965	
0.00757576	0.00757576	0.00757576	0.0909091	0.424242	0.0909091	0.257576	0.00757576	0.00757576	0.00757576	0.0909091	
0.00826446	0.0991736	0.00826446	0.00826446	0.00826446	0.280992	0.190083	0.190083	0.0991736	0.00826446	0.0991736	
0.0151515	0.0151515	0.0151515	0.181818	0.0151515	0.0151515	0.348485	0.348485	0.0151515	0.0151515	0.0151515	
0.0181818	0.0181818	0.218182	0.0181818	0.0181818	0.218182	0.0181818	0.0181818	0.418182	0.0181818	0.0181818	
0.0181818	0.0181818	0.0181818	0.0181818	0.0181818	0.218182	0.0181818	0.218182	0.218182	0.0181818	0.218182	
0.0151515	0.0151515	0.0151515	0.0151515	0.0151515	0.0151515	0.0151515	0.0151515	0.0151515	0.515152	0.348485	


Matrix B :

0.0909091	0.0909091	0.0909091	0.0909091	0.0909091	0.0909091	0.0909091	0.0909091	0.0909091	0.0909091	0.0909091	
0.000100341	0.195465	0.334537	0.256171	0.129239	0.0585992	0.0188641	0.00672286	0.000100341	0.000100341	0.000100341	
0.0004095	0.0364455	0.144554	0.275184	0.261671	0.162572	0.0814906	0.0274365	0.00941851	0.0004095	0.0004095	
0.00151515	0.0681818	0.0348485	0.234848	0.201515	0.218182	0.134848	0.0348485	0.0348485	0.0348485	0.00151515	
0.00324675	0.00324675	0.00324675	0.0746753	0.253247	0.288961	0.11039	0.146104	0.0746753	0.038961	0.00324675	
0.00699301	0.160839	0.00699301	0.0839161	0.237762	0.160839	0.0839161	0.00699301	0.0839161	0.00699301	0.160839	
0.00757576	0.00757576	0.174242	0.257576	0.0909091	0.340909	0.0909091	0.00757576	0.00757576	0.00757576	0.00757576	
0.012987	0.012987	0.155844	0.298701	0.298701	0.155844	0.012987	0.012987	0.012987	0.012987	0.012987	
0.0181818	0.218182	0.0181818	0.0181818	0.0181818	0.618182	0.0181818	0.0181818	0.0181818	0.0181818	0.0181818	
0.0181818	0.0181818	0.218182	0.0181818	0.418182	0.218182	0.0181818	0.0181818	0.0181818	0.0181818	0.0181818	
0.0151515	0.0151515	0.515152	0.181818	0.0151515	0.181818	0.0151515	0.0151515	0.0151515	0.0151515	0.0151515	


Vector Pi :

0.00149031	0.624441	0.198212	0.0834575	0.0342772	0.0178838	0.0178838	0.0178838	0.00149031	0.00149031	0.00149031	


Vector Phi :

0.000824919	0.722244	0.173094	0.0452771	0.0214494	0.00989483	0.00907688	0.00494863	0.0041232	0.00411914	0.00494773	
