
Parameters: 11 states AND 11 symbols

Matrix A :

0.0909091	0.0909091	0.0909091	0.0909091	0.0909091	0.0909091	0.0909091	0.0909091	0.0909091	0.0909091	0.0909091	
0.000170882	0.791524	0.186261	0.0170882	0.00393028	0.000170882	0.000170882	0.000170882	0.000170882	0.000170882	0.000170882	
0.000261986	0.29421	0.52764	0.153	0.0175531	0.00314383	0.00314383	0.000261986	0.000261986	0.000261986	0.000261986	
0.000519481	0.0462338	0.303377	0.463377	0.171948	0.00623377	0.000519481	0.000519481	0.00623377	0.000519481	0.000519481	
0.000977517	0.000977517	0.086999	0.2913	0.45259	0.119257	0.0224829	0.0224829	0.000977517	0.000977517	0.000977517	
0.003367	0.040404	0.114478	0.151515	0.299663	0.262626	0.0774411	0.003367	0.040404	0.003367	0.003367	
0.00757576	0.00757576	0.00757576	0.00757576	0.174242	0.174242	0.424242	0.0909091	0.0909091	0.00757576	0.00757576	
0.012987	0.012987	0.012987	0.012987	0.298701	0.298701	0.012987	0.298701	0.012987	0.012987	0.012987	
0.0151515	0.0151515	0.0151515	0.0151515	0.0151515	0.0151515	0.181818	0.181818	0.348485	0.181818	0.0151515	
0.030303	0.030303	0.030303	0.030303	0.030303	0.363636	0.030303	0.030303	0.030303	0.030303	0.363636	
0.0454545	0.0454545	0.0454545	0.0454545	0.0454545	0.0454545	0.0454545	0.0454545	0.0454545	0.545455	0.0454545	


Matrix B :

0.0909091	0.0909091	0.0909091	0.0909091	0.0909091	0.0909091	0.0909091	0.0909091	0.0909091	0.0909091	0.0909091	
0.000162048	0.675741	0.274672	0.0393777	0.0090747	0.000162048	0.000162048	0.000162048	0.000162048	0.000162048	0.000162048	
0.000249066	0.564633	0.28792	0.115318	0.0221669	0.00572852	0.00298879	0.000249066	0.000249066	0.000249066	0.000249066	
0.00050226	0.238071	0.403817	0.276745	0.0723255	0.00602712	0.00050226	0.00050226	0.00050226	0.00050226	0.00050226	
0.000937207	0.0937207	0.413308	0.196813	0.207123	0.0421743	0.0112465	0.0112465	0.0215558	0.000937207	0.000937207	
0.0031348	0.0031348	0.141066	0.347962	0.278997	0.0721003	0.141066	0.0031348	0.0031348	0.0031348	0.0031348	
0.00699301	0.00699301	0.00699301	0.468531	0.237762	0.0839161	0.160839	0.00699301	0.00699301	0.00699301	0.00699301	
0.012987	0.012987	0.012987	0.012987	0.012987	0.012987	0.155844	0.298701	0.155844	0.012987	0.298701	
0.0151515	0.0151515	0.0151515	0.0151515	0.181818	0.348485	0.0151515	0.181818	0.181818	0.0151515	0.0151515	
0.030303	0.030303	0.030303	0.030303	0.030303	0.030303	0.030303	0.363636	0.030303	0.030303	0.363636	
0.0454545	0.0454545	0.0454545	0.0454545	0.0454545	0.0454545	0.0454545	0.0454545	0.0454545	0.0454545	0.545455	


Vector Pi :

0.00149031	0.460507	0.296572	0.099851	0.0670641	0.0506706	0.0178838	0.00149031	0.00149031	0.00149031	0.00149031	


Vector Phi :

0.000812212	0.44546	0.288345	0.144343	0.0759353	0.0209088	0.00964952	0.00567454	0.00482333	0.00242665	0.00162109	
