
Parameters: 11 states AND 11 symbols

Matrix A :

0.0909091	0.0909091	0.0909091	0.0909091	0.0909091	0.0909091	0.0909091	0.0909091	0.0909091	0.0909091	0.0909091	
0.00021645	0.743074	0.221645	0.021645	0.00974026	0.00021645	0.0025974	0.00021645	0.00021645	0.00021645	0.00021645	
0.000294204	0.310974	0.476022	0.187996	0.0197117	0.00353045	0.000294204	0.000294204	0.000294204	0.000294204	0.000294204	
0.000437063	0.0533217	0.279283	0.490822	0.163899	0.0100524	0.000437063	0.000437063	0.000437063	0.000437063	0.000437063	
0.000733138	0.000733138	0.0571848	0.266862	0.460411	0.178152	0.0329912	0.000733138	0.000733138	0.000733138	0.000733138	
0.0013369	0.0013369	0.0307487	0.0748663	0.280749	0.413102	0.163102	0.0307487	0.0013369	0.0013369	0.0013369	
0.00252525	0.00252525	0.00252525	0.030303	0.0858586	0.308081	0.335859	0.19697	0.00252525	0.030303	0.00252525	
0.00568182	0.00568182	0.00568182	0.00568182	0.00568182	0.193182	0.318182	0.130682	0.193182	0.130682	0.00568182	
0.010101	0.010101	0.010101	0.010101	0.010101	0.010101	0.121212	0.343434	0.121212	0.343434	0.010101	
0.00826446	0.00826446	0.00826446	0.00826446	0.00826446	0.00826446	0.0991736	0.0991736	0.371901	0.280992	0.0991736	
0.030303	0.030303	0.030303	0.030303	0.030303	0.030303	0.030303	0.030303	0.030303	0.363636	0.363636	


Matrix B :

0.0909091	0.0909091	0.0909091	0.0909091	0.0909091	0.0909091	0.0909091	0.0909091	0.0909091	0.0909091	0.0909091	
0.000203832	0.240114	0.244598	0.201998	0.145944	0.0831635	0.0450469	0.0226254	0.0114146	0.00468814	0.000203832	
0.000284091	0.0346591	0.312784	0.253409	0.150284	0.150284	0.0690341	0.0221591	0.00340909	0.00340909	0.000284091	
0.000422833	0.000422833	0.172516	0.284144	0.214376	0.112051	0.112051	0.0608879	0.0143763	0.0190275	0.00972516	
0.000693963	0.000693963	0.000693963	0.37474	0.306037	0.168633	0.107564	0.0235947	0.0159611	0.000693963	0.000693963	
0.0012285	0.0012285	0.0012285	0.041769	0.35258	0.257985	0.136364	0.149877	0.0552826	0.0012285	0.0012285	
0.002457	0.002457	0.002457	0.002457	0.137592	0.407862	0.353808	0.029484	0.0565111	0.002457	0.002457	
0.00534759	0.00534759	0.00534759	0.00534759	0.00534759	0.181818	0.417112	0.240642	0.00534759	0.122995	0.00534759	
0.010101	0.010101	0.010101	0.010101	0.010101	0.010101	0.232323	0.232323	0.343434	0.121212	0.010101	
0.00757576	0.00757576	0.00757576	0.00757576	0.00757576	0.00757576	0.00757576	0.424242	0.0909091	0.424242	0.00757576	
0.030303	0.030303	0.030303	0.030303	0.030303	0.030303	0.030303	0.030303	0.030303	0.363636	0.363636	


Vector Pi :

0.00149031	0.42772	0.198212	0.099851	0.116244	0.099851	0.0178838	0.0178838	0.00149031	0.0178838	0.00149031	


Vector Phi :

0.000832194	0.347338	0.255178	0.174053	0.10343	0.0566895	0.0299959	0.0133297	0.00749575	0.00916126	0.00249756	
