
Parameters: 11 states AND 11 symbols

Matrix A :

0.0909091	0.0909091	0.0909091	0.0909091	0.0909091	0.0909091	0.0909091	0.0909091	0.0909091	0.0909091	0.0909091	
0.000248385	0.847243	0.117735	0.0221063	0.00571287	0.000248385	0.000248385	0.00298063	0.000248385	0.000248385	0.00298063	
0.0004095	0.18059	0.649058	0.135545	0.0184275	0.004914	0.004914	0.004914	0.0004095	0.0004095	0.0004095	
0.000575374	0.0701956	0.18412	0.500575	0.203107	0.0195627	0.00690449	0.000575374	0.00690449	0.00690449	0.000575374	
0.000745156	0.00894188	0.0253353	0.254844	0.451565	0.172876	0.033532	0.033532	0.00894188	0.00894188	0.000745156	
0.00109529	0.0131435	0.00109529	0.0733844	0.266156	0.483023	0.145674	0.00109529	0.00109529	0.00109529	0.0131435	
0.00154083	0.00154083	0.0354391	0.01849	0.103236	0.22188	0.323575	0.238829	0.01849	0.01849	0.01849	
0.00135685	0.0312076	0.00135685	0.00135685	0.00135685	0.046133	0.240163	0.449118	0.150611	0.0759837	0.00135685	
0.00193424	0.0232108	0.00193424	0.00193424	0.00193424	0.00193424	0.0444874	0.235977	0.491296	0.172147	0.0232108	
0.00239234	0.00239234	0.00239234	0.0287081	0.00239234	0.00239234	0.00239234	0.133971	0.239234	0.318182	0.26555	
0.002457	0.002457	0.002457	0.002457	0.002457	0.029484	0.0835381	0.002457	0.029484	0.2457	0.597052	


Matrix B :

0.0909091	0.0909091	0.0909091	0.0909091	0.0909091	0.0909091	0.0909091	0.0909091	0.0909091	0.0909091	0.0909091	
0.000234907	0.312896	0.41884	0.173362	0.0751703	0.00798685	0.00281889	0.00281889	0.00281889	0.00281889	0.000234907	
0.000393546	0.143251	0.377017	0.221173	0.0826446	0.0696576	0.0480126	0.0480126	0.00905155	0.000393546	0.000393546	
0.000561167	0.0746352	0.265993	0.327722	0.241302	0.0190797	0.0561167	0.0129068	0.000561167	0.000561167	0.000561167	
0.000688705	0.0385675	0.243113	0.318871	0.26584	0.0991736	0.0158402	0.0158402	0.000688705	0.000688705	0.000688705	
0.00102145	0.0234934	0.135853	0.203269	0.236977	0.293156	0.0572012	0.0234934	0.0234934	0.00102145	0.00102145	
0.00146628	0.0498534	0.162757	0.178886	0.195015	0.291789	0.0498534	0.0175953	0.0498534	0.00146628	0.00146628	
0.00131752	0.0158103	0.102767	0.218709	0.247694	0.088274	0.160738	0.102767	0.030303	0.030303	0.00131752	
0.00189394	0.0227273	0.189394	0.189394	0.106061	0.189394	0.126894	0.106061	0.0227273	0.0435606	0.00189394	
0.00227273	0.00227273	0.302273	0.102273	0.102273	0.152273	0.252273	0.0772727	0.00227273	0.00227273	0.00227273	
0.027972	0.002331	0.130536	0.0792541	0.104895	0.130536	0.258741	0.104895	0.002331	0.027972	0.130536	


Vector Pi :

0.00149031	0.329359	0.149031	0.0834575	0.165425	0.099851	0.0506706	0.0342772	0.0178838	0.0342772	0.0342772	


Vector Phi :

0.000829052	0.30975	0.185409	0.12965	0.100598	0.0685301	0.0487857	0.0554539	0.038883	0.0314478	0.0306639	
