
Parameters: 11 states AND 11 symbols

Matrix A :

0.090909	0.090909	0.090909	0.090909	0.090909	0.090909	0.090909	0.090909	0.090909	0.090909	0.090909	
0.000433	0.838528	0.129004	0.019481	0.005195	0.000433	0.005195	0.000433	0.000433	0.000433	0.000433	
0.000561	0.161055	0.704265	0.093154	0.031425	0.006734	0.000561	0.000561	0.000561	0.000561	0.000561	
0.000957	0.043062	0.190431	0.611483	0.127273	0.011483	0.000957	0.000957	0.011483	0.000957	0.000957	
0.002457	0.002457	0.029484	0.326781	0.326781	0.137592	0.137592	0.002457	0.029484	0.002457	0.002457	
0.003953	0.090909	0.003953	0.221344	0.221344	0.308300	0.047431	0.090909	0.003953	0.003953	0.003953	
0.006061	0.006061	0.072727	0.006061	0.072727	0.272727	0.206061	0.139394	0.072727	0.072727	0.072727	
0.004545	0.004545	0.004545	0.004545	0.004545	0.154545	0.204545	0.454545	0.104545	0.054545	0.004545	
0.006494	0.006494	0.006494	0.006494	0.006494	0.006494	0.006494	0.292208	0.363636	0.149351	0.149351	
0.008264	0.008264	0.008264	0.008264	0.008264	0.008264	0.008264	0.190083	0.280992	0.190083	0.280992	
0.007576	0.007576	0.007576	0.007576	0.007576	0.090909	0.007576	0.007576	0.007576	0.424242	0.424242	


Matrix B :

0.090909	0.090909	0.090909	0.090909	0.090909	0.090909	0.090909	0.090909	0.090909	0.090909	0.090909	
0.000415	0.201328	0.356579	0.205895	0.132835	0.068908	0.027812	0.004981	0.000415	0.000415	0.000415	
0.000525	0.046768	0.139254	0.312664	0.272202	0.150815	0.058329	0.012086	0.006306	0.000525	0.000525	
0.000891	0.000891	0.079323	0.226381	0.285205	0.128342	0.177362	0.079323	0.000891	0.000891	0.020499	
0.002457	0.029484	0.137592	0.299754	0.164619	0.137592	0.164619	0.029484	0.002457	0.002457	0.029484	
0.003953	0.003953	0.177866	0.221344	0.134387	0.090909	0.134387	0.134387	0.003953	0.047431	0.047431	
0.006061	0.006061	0.339394	0.206061	0.072727	0.006061	0.206061	0.072727	0.006061	0.072727	0.006061	
0.004329	0.004329	0.004329	0.004329	0.575758	0.099567	0.147186	0.004329	0.099567	0.051948	0.004329	
0.006494	0.006494	0.006494	0.077922	0.149351	0.220779	0.149351	0.006494	0.077922	0.077922	0.220779	
0.007576	0.007576	0.090909	0.090909	0.257576	0.424242	0.007576	0.090909	0.007576	0.007576	0.007576	
0.006993	0.006993	0.160839	0.083916	0.391608	0.237762	0.006993	0.006993	0.083916	0.006993	0.006993	


Vector Pi :

0.002933	0.325513	0.357771	0.228739	0.002933	0.002933	0.002933	0.035191	0.002933	0.002933	0.035191	


Vector Phi :

0.001786	0.336377	0.264834	0.158342	0.062268	0.040295	0.026256	0.037252	0.026281	0.023038	0.023270	
