
Parameters: 11 states AND 11 symbols

Matrix A :

0.0909091	0.0909091	0.0909091	0.0909091	0.0909091	0.0909091	0.0909091	0.0909091	0.0909091	0.0909091	0.0909091	
8.4488e-05	0.984285	0.0130956	0.00101386	0.00101386	8.4488e-05	8.4488e-05	8.4488e-05	8.4488e-05	8.4488e-05	8.4488e-05	
0.00154083	0.289676	0.61171	0.0862866	0.00154083	0.00154083	0.00154083	0.00154083	0.00154083	0.00154083	0.00154083	
0.00606061	0.00606061	0.339394	0.406061	0.139394	0.00606061	0.00606061	0.0727273	0.00606061	0.00606061	0.00606061	
0.00909091	0.00909091	0.209091	0.209091	0.209091	0.109091	0.209091	0.00909091	0.00909091	0.00909091	0.00909091	
0.0227273	0.0227273	0.0227273	0.0227273	0.522727	0.0227273	0.272727	0.0227273	0.0227273	0.0227273	0.0227273	
0.00699301	0.00699301	0.00699301	0.00699301	0.0839161	0.160839	0.545455	0.160839	0.00699301	0.00699301	0.00699301	
0.0113636	0.0113636	0.0113636	0.0113636	0.136364	0.0113636	0.261364	0.261364	0.136364	0.136364	0.0113636	
0.030303	0.030303	0.030303	0.030303	0.030303	0.030303	0.030303	0.363636	0.030303	0.363636	0.030303	
0.0227273	0.0227273	0.0227273	0.0227273	0.0227273	0.0227273	0.0227273	0.272727	0.0227273	0.0227273	0.522727	
0.012987	0.012987	0.012987	0.012987	0.012987	0.012987	0.012987	0.012987	0.155844	0.155844	0.584416	


Matrix B :

0.0909091	0.0909091	0.0909091	0.0909091	0.0909091	0.0909091	0.0909091	0.0909091	0.0909091	0.0909091	0.0909091	
8.05218e-05	0.213544	0.380949	0.237459	0.0842258	0.042596	0.0195668	0.00893792	0.00539496	0.00273774	0.00450922	
0.0013986	0.0629371	0.0629371	0.278322	0.186014	0.232168	0.124476	0.0475524	0.0013986	0.0013986	0.0013986	
0.00606061	0.00606061	0.339394	0.0727273	0.206061	0.0727273	0.0727273	0.206061	0.00606061	0.00606061	0.00606061	
0.00909091	0.00909091	0.109091	0.409091	0.109091	0.209091	0.00909091	0.00909091	0.00909091	0.00909091	0.109091	
0.0227273	0.0227273	0.0227273	0.0227273	0.0227273	0.772727	0.0227273	0.0227273	0.0227273	0.0227273	0.0227273	
0.00699301	0.00699301	0.00699301	0.00699301	0.0839161	0.237762	0.237762	0.0839161	0.0839161	0.0839161	0.160839	
0.010101	0.010101	0.010101	0.010101	0.121212	0.343434	0.454545	0.010101	0.010101	0.010101	0.010101	
0.030303	0.030303	0.030303	0.030303	0.030303	0.363636	0.030303	0.363636	0.030303	0.030303	0.030303	
0.0227273	0.0227273	0.0227273	0.0227273	0.0227273	0.272727	0.272727	0.272727	0.0227273	0.0227273	0.0227273	
0.012987	0.012987	0.012987	0.012987	0.012987	0.012987	0.155844	0.441558	0.298701	0.012987	0.012987	


Vector Pi :

0.00149031	0.853949	0.116244	0.00149031	0.00149031	0.00149031	0.00149031	0.0178838	0.00149031	0.00149031	0.00149031	


Vector Phi :

0.000813892	0.900549	0.0466498	0.0120607	0.00815076	0.00326063	0.0105976	0.00650735	0.0024437	0.00325873	0.00570801	
