
Parameters: 11 states AND 11 symbols

Matrix A :

0.090909	0.090909	0.090909	0.090909	0.090909	0.090909	0.090909	0.090909	0.090909	0.090909	0.090909	
0.000170	0.962856	0.033752	0.000170	0.002035	0.000170	0.000170	0.000170	0.000170	0.000170	0.000170	
0.002020	0.357576	0.513131	0.090909	0.002020	0.002020	0.024242	0.002020	0.002020	0.002020	0.002020	
0.009091	0.209091	0.209091	0.309091	0.109091	0.009091	0.109091	0.009091	0.009091	0.009091	0.009091	
0.018182	0.018182	0.218182	0.218182	0.018182	0.018182	0.218182	0.018182	0.018182	0.018182	0.218182	
0.045455	0.045455	0.045455	0.545455	0.045455	0.045455	0.045455	0.045455	0.045455	0.045455	0.045455	
0.018182	0.218182	0.018182	0.018182	0.418182	0.218182	0.018182	0.018182	0.018182	0.018182	0.018182	
0.090909	0.090909	0.090909	0.090909	0.090909	0.090909	0.090909	0.090909	0.090909	0.090909	0.090909	
0.090909	0.090909	0.090909	0.090909	0.090909	0.090909	0.090909	0.090909	0.090909	0.090909	0.090909	
0.090909	0.090909	0.090909	0.090909	0.090909	0.090909	0.090909	0.090909	0.090909	0.090909	0.090909	
0.045455	0.045455	0.045455	0.045455	0.045455	0.045455	0.545455	0.045455	0.045455	0.045455	0.045455	


Matrix B :

0.090909	0.090909	0.090909	0.090909	0.090909	0.090909	0.090909	0.090909	0.090909	0.090909	0.090909	
0.000163	0.432063	0.390844	0.107690	0.050342	0.007331	0.007331	0.000163	0.000163	0.003747	0.000163	
0.001976	0.045455	0.262846	0.328063	0.132411	0.088933	0.045455	0.088933	0.001976	0.001976	0.001976	
0.008264	0.280992	0.371901	0.008264	0.008264	0.008264	0.190083	0.008264	0.008264	0.099174	0.008264	
0.018182	0.018182	0.218182	0.018182	0.018182	0.018182	0.218182	0.018182	0.218182	0.218182	0.018182	
0.045455	0.045455	0.045455	0.045455	0.045455	0.045455	0.045455	0.045455	0.545455	0.045455	0.045455	
0.018182	0.018182	0.218182	0.018182	0.018182	0.018182	0.218182	0.218182	0.018182	0.018182	0.218182	
0.090909	0.090909	0.090909	0.090909	0.090909	0.090909	0.090909	0.090909	0.090909	0.090909	0.090909	
0.090909	0.090909	0.090909	0.090909	0.090909	0.090909	0.090909	0.090909	0.090909	0.090909	0.090909	
0.090909	0.090909	0.090909	0.090909	0.090909	0.090909	0.090909	0.090909	0.090909	0.090909	0.090909	
0.045455	0.045455	0.045455	0.045455	0.045455	0.045455	0.045455	0.545455	0.045455	0.045455	0.045455	


Vector Pi :

0.003636	0.883636	0.043636	0.043636	0.003636	0.003636	0.003636	0.003636	0.003636	0.003636	0.003636	


Vector Phi :

0.001642	0.880131	0.073892	0.016420	0.008210	0.003284	0.008210	0.001642	0.001642	0.001642	0.003284	
