
Parameters: 11 states AND 11 symbols

Matrix A :

0.0909091	0.0909091	0.0909091	0.0909091	0.0909091	0.0909091	0.0909091	0.0909091	0.0909091	0.0909091	0.0909091	
9.53925e-05	0.944482	0.0536106	0.00114471	9.53925e-05	9.53925e-05	9.53925e-05	9.53925e-05	9.53925e-05	9.53925e-05	9.53925e-05	
0.000481	0.265031	0.645984	0.0639731	0.016354	0.000481	0.000481	0.00577201	0.000481	0.000481	0.000481	
0.0025974	0.0597403	0.402597	0.316883	0.174026	0.0025974	0.0025974	0.0311688	0.0025974	0.0025974	0.0025974	
0.00649351	0.00649351	0.0779221	0.435065	0.0779221	0.149351	0.149351	0.00649351	0.00649351	0.0779221	0.00649351	
0.030303	0.030303	0.030303	0.363636	0.363636	0.030303	0.030303	0.030303	0.030303	0.030303	0.030303	
0.0227273	0.0227273	0.0227273	0.272727	0.272727	0.0227273	0.272727	0.0227273	0.0227273	0.0227273	0.0227273	
0.0227273	0.0227273	0.0227273	0.272727	0.0227273	0.0227273	0.0227273	0.272727	0.0227273	0.0227273	0.272727	
0.0454545	0.0454545	0.0454545	0.545455	0.0454545	0.0454545	0.0454545	0.0454545	0.0454545	0.0454545	0.0454545	
0.0454545	0.0454545	0.0454545	0.0454545	0.0454545	0.0454545	0.0454545	0.0454545	0.545455	0.0454545	0.0454545	
0.0454545	0.0454545	0.0454545	0.0454545	0.545455	0.0454545	0.0454545	0.0454545	0.0454545	0.0454545	0.0454545	


Matrix B :

0.0909091	0.0909091	0.0909091	0.0909091	0.0909091	0.0909091	0.0909091	0.0909091	0.0909091	0.0909091	0.0909091	
9.07276e-05	0.21067	0.339412	0.253584	0.134821	0.0430049	0.0110688	0.00508075	0.00208674	9.07276e-05	9.07276e-05	
0.000459137	0.000459137	0.0913682	0.237833	0.298439	0.232782	0.0509642	0.0358127	0.0105601	0.0206612	0.0206612	
0.002457	0.002457	0.029484	0.0835381	0.164619	0.326781	0.2457	0.0565111	0.0565111	0.029484	0.002457	
0.00649351	0.00649351	0.0779221	0.0779221	0.0779221	0.292208	0.220779	0.00649351	0.0779221	0.0779221	0.0779221	
0.030303	0.030303	0.030303	0.030303	0.363636	0.363636	0.030303	0.030303	0.030303	0.030303	0.030303	
0.0227273	0.0227273	0.272727	0.0227273	0.0227273	0.272727	0.272727	0.0227273	0.0227273	0.0227273	0.0227273	
0.0227273	0.0227273	0.0227273	0.0227273	0.0227273	0.272727	0.0227273	0.522727	0.0227273	0.0227273	0.0227273	
0.0454545	0.0454545	0.0454545	0.0454545	0.0454545	0.0454545	0.0454545	0.545455	0.0454545	0.0454545	0.0454545	
0.0454545	0.0454545	0.0454545	0.0454545	0.0454545	0.0454545	0.0454545	0.545455	0.0454545	0.0454545	0.0454545	
0.0454545	0.0454545	0.0454545	0.0454545	0.0454545	0.0454545	0.0454545	0.0454545	0.0454545	0.0454545	0.545455	


Vector Pi :

0.00149031	0.804769	0.149031	0.0342772	0.00149031	0.00149031	0.00149031	0.00149031	0.00149031	0.00149031	0.00149031	


Vector Phi :

0.00082713	0.788255	0.156328	0.0289495	0.0115798	0.00248139	0.00330852	0.00330852	0.00165426	0.00165426	0.00165426	
