
Parameters: 11 states AND 11 symbols

Matrix A :

0.0909091	0.0909091	0.0909091	0.0909091	0.0909091	0.0909091	0.0909091	0.0909091	0.0909091	0.0909091	0.0909091	
0.000130242	0.884084	0.104715	0.00872623	0.000130242	0.000130242	0.000130242	0.000130242	0.00156291	0.000130242	0.000130242	
0.000290444	0.223933	0.671217	0.0833575	0.01307	0.000290444	0.00668022	0.000290444	0.000290444	0.000290444	0.000290444	
0.0011655	0.0780886	0.308858	0.36014	0.167832	0.0524476	0.0268065	0.0011655	0.0011655	0.0011655	0.0011655	
0.00197628	0.0671937	0.0671937	0.241107	0.501976	0.0671937	0.0454545	0.00197628	0.00197628	0.00197628	0.00197628	
0.00505051	0.0606061	0.00505051	0.227273	0.171717	0.393939	0.116162	0.00505051	0.00505051	0.00505051	0.00505051	
0.00699301	0.0839161	0.0839161	0.00699301	0.00699301	0.160839	0.00699301	0.314685	0.00699301	0.237762	0.0839161	
0.00909091	0.00909091	0.00909091	0.109091	0.109091	0.00909091	0.209091	0.309091	0.209091	0.00909091	0.00909091	
0.00757576	0.00757576	0.0909091	0.00757576	0.00757576	0.0909091	0.0909091	0.0909091	0.590909	0.00757576	0.00757576	
0.0113636	0.0113636	0.0113636	0.0113636	0.136364	0.0113636	0.136364	0.0113636	0.136364	0.261364	0.261364	
0.0113636	0.0113636	0.0113636	0.0113636	0.0113636	0.0113636	0.0113636	0.136364	0.0113636	0.261364	0.511364	


Matrix B :

0.0909091	0.0909091	0.0909091	0.0909091	0.0909091	0.0909091	0.0909091	0.0909091	0.0909091	0.0909091	0.0909091	
0.000123686	0.198763	0.307607	0.217811	0.160668	0.0586271	0.0354978	0.0137291	0.00420532	0.00148423	0.00148423	
0.00334635	0.0309537	0.138316	0.310095	0.233408	0.138316	0.110708	0.0278862	0.00334635	0.00334635	0.000278862	
0.00105708	0.0243129	0.117336	0.245243	0.15222	0.187104	0.163848	0.0824524	0.012685	0.00105708	0.012685	
0.00197628	0.00197628	0.0237154	0.241107	0.436759	0.0889328	0.132411	0.0237154	0.0237154	0.0237154	0.00197628	
0.00505051	0.0606061	0.0606061	0.00505051	0.171717	0.227273	0.171717	0.116162	0.116162	0.0606061	0.00505051	
0.00699301	0.0839161	0.00699301	0.160839	0.237762	0.00699301	0.00699301	0.237762	0.00699301	0.160839	0.0839161	
0.00826446	0.00826446	0.0991736	0.00826446	0.190083	0.0991736	0.371901	0.00826446	0.00826446	0.0991736	0.0991736	
0.00699301	0.00699301	0.0839161	0.0839161	0.00699301	0.0839161	0.160839	0.160839	0.160839	0.0839161	0.160839	
0.0113636	0.0113636	0.0113636	0.0113636	0.136364	0.261364	0.136364	0.136364	0.136364	0.136364	0.0113636	
0.0113636	0.0113636	0.0113636	0.0113636	0.0113636	0.261364	0.386364	0.136364	0.136364	0.0113636	0.0113636	


Vector Pi :

0.00149031	0.591654	0.214605	0.149031	0.00149031	0.00149031	0.00149031	0.0178838	0.0178838	0.00149031	0.00149031	


Vector Phi :

0.000818756	0.58329	0.259146	0.0629817	0.0374026	0.0146332	0.0106158	0.00817718	0.00985703	0.00653796	0.00653969	
