
Parameters: 11 states AND 11 symbols

Matrix A :

0.0909091	0.0909091	0.0909091	0.0909091	0.0909091	0.0909091	0.0909091	0.0909091	0.0909091	0.0909091	0.0909091	
0.000113636	0.915114	0.0813636	0.000113636	0.00136364	0.00136364	0.000113636	0.000113636	0.000113636	0.000113636	0.000113636	
0.000330579	0.229421	0.640331	0.113058	0.00760331	0.00396694	0.00396694	0.000330579	0.000330579	0.000330579	0.000330579	
0.00115075	0.0391254	0.380898	0.50748	0.0517837	0.013809	0.00115075	0.00115075	0.00115075	0.00115075	0.00115075	
0.00606061	0.139394	0.00606061	0.339394	0.272727	0.0727273	0.0727273	0.00606061	0.00606061	0.00606061	0.0727273	
0.010101	0.010101	0.121212	0.010101	0.232323	0.232323	0.232323	0.121212	0.010101	0.010101	0.010101	
0.010101	0.010101	0.121212	0.121212	0.121212	0.121212	0.232323	0.121212	0.121212	0.010101	0.010101	
0.0227273	0.0227273	0.0227273	0.0227273	0.0227273	0.0227273	0.272727	0.272727	0.0227273	0.0227273	0.272727	
0.0151515	0.0151515	0.0151515	0.0151515	0.0151515	0.181818	0.181818	0.0151515	0.348485	0.181818	0.0151515	
0.030303	0.030303	0.030303	0.030303	0.030303	0.030303	0.030303	0.030303	0.69697	0.030303	0.030303	
0.0227273	0.0227273	0.0227273	0.272727	0.0227273	0.0227273	0.0227273	0.0227273	0.0227273	0.272727	0.272727	


Matrix B :

0.0909091	0.0909091	0.0909091	0.0909091	0.0909091	0.0909091	0.0909091	0.0909091	0.0909091	0.0909091	0.0909091	
0.000107712	0.221672	0.402951	0.237075	0.0830461	0.0380224	0.0131409	0.00366221	0.000107712	0.000107712	0.000107712	
0.000318979	0.0810207	0.298565	0.231898	0.189793	0.105582	0.0494418	0.0178628	0.0108453	0.0108453	0.00382775	
0.00112233	0.14927	0.198653	0.124579	0.124579	0.136925	0.0998878	0.0381594	0.0505051	0.0505051	0.0258137	
0.00505051	0.171717	0.227273	0.282828	0.116162	0.116162	0.00505051	0.0606061	0.00505051	0.00505051	0.00505051	
0.00909091	0.109091	0.209091	0.00909091	0.609091	0.00909091	0.00909091	0.00909091	0.00909091	0.00909091	0.00909091	
0.010101	0.010101	0.010101	0.232323	0.454545	0.232323	0.010101	0.010101	0.010101	0.010101	0.010101	
0.0227273	0.0227273	0.0227273	0.272727	0.272727	0.272727	0.0227273	0.0227273	0.0227273	0.0227273	0.0227273	
0.0151515	0.0151515	0.0151515	0.348485	0.348485	0.181818	0.0151515	0.0151515	0.0151515	0.0151515	0.0151515	
0.030303	0.030303	0.030303	0.030303	0.363636	0.030303	0.030303	0.363636	0.030303	0.030303	0.030303	
0.0227273	0.0227273	0.0227273	0.0227273	0.0227273	0.522727	0.0227273	0.272727	0.0227273	0.0227273	0.0227273	


Vector Pi :

0.00149031	0.706408	0.181818	0.0342772	0.0506706	0.0178838	0.00149031	0.00149031	0.00149031	0.00149031	0.00149031	


Vector Phi :

0.000825021	0.667059	0.225938	0.0649501	0.0123617	0.00742605	0.00741927	0.00329934	0.00494851	0.00247443	0.00329862	
