
Parameters: 11 states AND 11 symbols

Matrix A :

0.0909091	0.0909091	0.0909091	0.0909091	0.0909091	0.0909091	0.0909091	0.0909091	0.0909091	0.0909091	0.0909091	
0.000218007	0.813168	0.180074	0.00501417	0.000218007	0.000218007	0.000218007	0.000218007	0.000218007	0.000218007	0.000218007	
0.000243724	0.206678	0.662442	0.123568	0.00560565	0.000243724	0.000243724	0.000243724	0.000243724	0.000243724	0.000243724	
0.000483559	0.000483559	0.261122	0.58559	0.144101	0.000483559	0.00580271	0.000483559	0.000483559	0.000483559	0.000483559	
0.000777001	0.000777001	0.017871	0.222999	0.607615	0.146076	0.000777001	0.000777001	0.000777001	0.000777001	0.000777001	
0.0015674	0.0015674	0.0015674	0.0532915	0.242947	0.570533	0.122257	0.0015674	0.0015674	0.0015674	0.0015674	
0.00454545	0.00454545	0.00454545	0.00454545	0.104545	0.354545	0.304545	0.204545	0.00454545	0.00454545	0.00454545	
0.00699301	0.00699301	0.00699301	0.00699301	0.00699301	0.00699301	0.237762	0.545455	0.0839161	0.0839161	0.00699301	
0.0181818	0.0181818	0.0181818	0.0181818	0.0181818	0.0181818	0.218182	0.218182	0.418182	0.0181818	0.0181818	
0.030303	0.030303	0.030303	0.030303	0.030303	0.030303	0.030303	0.030303	0.363636	0.030303	0.363636	
0.0181818	0.0181818	0.0181818	0.0181818	0.0181818	0.0181818	0.0181818	0.0181818	0.0181818	0.218182	0.618182	


Matrix B :

0.0909091	0.0909091	0.0909091	0.0909091	0.0909091	0.0909091	0.0909091	0.0909091	0.0909091	0.0909091	0.0909091	
0.000207082	0.259888	0.323669	0.184717	0.132326	0.0525989	0.025264	0.0070408	0.0138745	0.000207082	0.000207082	
0.000231911	0.00278293	0.32166	0.372681	0.158395	0.0818646	0.0384972	0.0180891	0.00533395	0.000231911	0.000231911	
0.0004662	0.0004662	0.00559441	0.287646	0.431235	0.164569	0.0773893	0.0312354	0.0004662	0.0004662	0.0004662	
0.000733138	0.000733138	0.000733138	0.0329912	0.29912	0.371701	0.178152	0.0410557	0.0733138	0.000733138	0.000733138	
0.00149031	0.00149031	0.00149031	0.00149031	0.165425	0.362146	0.247392	0.099851	0.0670641	0.0506706	0.00149031	
0.004329	0.004329	0.004329	0.004329	0.004329	0.004329	0.290043	0.480519	0.0519481	0.147186	0.004329	
0.00699301	0.00699301	0.00699301	0.00699301	0.00699301	0.00699301	0.00699301	0.0839161	0.314685	0.160839	0.391608	
0.0181818	0.0181818	0.0181818	0.0181818	0.0181818	0.0181818	0.0181818	0.0181818	0.218182	0.0181818	0.618182	
0.0227273	0.0227273	0.0227273	0.0227273	0.0227273	0.0227273	0.0227273	0.0227273	0.522727	0.272727	0.0227273	
0.0181818	0.0181818	0.0181818	0.0181818	0.0181818	0.0181818	0.0181818	0.0181818	0.0181818	0.218182	0.618182	


Vector Pi :

0.00149031	0.362146	0.296572	0.116244	0.116244	0.0506706	0.0342772	0.00149031	0.00149031	0.0178838	0.00149031	


Vector Phi :

0.000791074	0.352343	0.315434	0.156408	0.0951686	0.0456686	0.0144719	0.00965034	0.0038418	0.00231481	0.00390686	
