
Parameters: 11 states AND 11 symbols

Matrix A :

0.0909091	0.0909091	0.0909091	0.0909091	0.0909091	0.0909091	0.0909091	0.0909091	0.0909091	0.0909091	0.0909091	
0.000143843	0.859321	0.121979	0.0159666	0.000143843	0.00172612	0.000143843	0.000143843	0.000143843	0.000143843	0.000143843	
0.00027972	0.258741	0.621818	0.104895	0.00335664	0.00643357	0.00027972	0.00335664	0.00027972	0.00027972	0.00027972	
0.000710227	0.0241477	0.28196	0.516335	0.149148	0.0163352	0.00852273	0.000710227	0.000710227	0.000710227	0.000710227	
0.00142045	0.0326705	0.0951705	0.235795	0.517045	0.0951705	0.0170455	0.00142045	0.00142045	0.00142045	0.00142045	
0.00413223	0.00413223	0.0950413	0.0950413	0.322314	0.231405	0.0950413	0.0950413	0.00413223	0.0495868	0.00413223	
0.010101	0.010101	0.010101	0.010101	0.343434	0.232323	0.010101	0.121212	0.232323	0.010101	0.010101	
0.010101	0.010101	0.010101	0.010101	0.010101	0.232323	0.232323	0.232323	0.121212	0.010101	0.121212	
0.012987	0.012987	0.012987	0.012987	0.012987	0.012987	0.298701	0.155844	0.441558	0.012987	0.012987	
0.0227273	0.0227273	0.0227273	0.0227273	0.0227273	0.272727	0.0227273	0.272727	0.0227273	0.0227273	0.272727	
0.0227273	0.0227273	0.0227273	0.0227273	0.0227273	0.0227273	0.0227273	0.0227273	0.0227273	0.522727	0.272727	


Matrix B :

0.0909091	0.0909091	0.0909091	0.0909091	0.0909091	0.0909091	0.0909091	0.0909091	0.0909091	0.0909091	0.0909091	
0.000136705	0.296377	0.361039	0.171565	0.103896	0.042242	0.010663	0.010663	0.00164046	0.00164046	0.000136705	
0.00026738	0.0120321	0.347326	0.359091	0.162032	0.0737968	0.0326203	0.00909091	0.00026738	0.00026738	0.00320856	
0.000673401	0.000673401	0.0969697	0.326599	0.356229	0.104377	0.0821549	0.0228956	0.000673401	0.00808081	0.000673401	
0.0013369	0.0013369	0.0013369	0.207219	0.516043	0.0601604	0.0748663	0.0895722	0.0454545	0.0013369	0.0013369	
0.00413223	0.00413223	0.0495868	0.00413223	0.595041	0.18595	0.0495868	0.00413223	0.0495868	0.0495868	0.00413223	
0.010101	0.010101	0.010101	0.010101	0.010101	0.343434	0.343434	0.010101	0.010101	0.121212	0.121212	
0.010101	0.010101	0.010101	0.121212	0.121212	0.121212	0.232323	0.010101	0.010101	0.121212	0.232323	
0.0113636	0.0113636	0.0113636	0.0113636	0.0113636	0.0113636	0.0113636	0.136364	0.261364	0.0113636	0.511364	
0.0227273	0.0227273	0.0227273	0.0227273	0.522727	0.272727	0.0227273	0.0227273	0.0227273	0.0227273	0.0227273	
0.0227273	0.0227273	0.0227273	0.522727	0.0227273	0.0227273	0.272727	0.0227273	0.0227273	0.0227273	0.0227273	


Vector Pi :

0.00149031	0.52608	0.263785	0.116244	0.0670641	0.00149031	0.00149031	0.00149031	0.0178838	0.00149031	0.00149031	


Vector Phi :

0.000827302	0.527021	0.267955	0.105812	0.0529075	0.0181921	0.00744151	0.00743964	0.00578829	0.0033082	0.00330797	
