
Parameters: 11 states AND 11 symbols

Matrix A :

0.090909	0.090909	0.090909	0.090909	0.090909	0.090909	0.090909	0.090909	0.090909	0.090909	0.090909	
0.000174	0.933124	0.036573	0.013584	0.004006	0.004006	0.000174	0.000174	0.004006	0.000174	0.004006	
0.002331	0.592075	0.181818	0.079254	0.027972	0.053613	0.002331	0.002331	0.002331	0.027972	0.027972	
0.005348	0.299465	0.240642	0.122995	0.181818	0.005348	0.005348	0.122995	0.005348	0.005348	0.005348	
0.009091	0.209091	0.309091	0.209091	0.109091	0.009091	0.109091	0.009091	0.009091	0.009091	0.009091	
0.015152	0.348485	0.348485	0.015152	0.181818	0.015152	0.015152	0.015152	0.015152	0.015152	0.015152	
0.045455	0.545455	0.045455	0.045455	0.045455	0.045455	0.045455	0.045455	0.045455	0.045455	0.045455	
0.030303	0.363636	0.363636	0.030303	0.030303	0.030303	0.030303	0.030303	0.030303	0.030303	0.030303	
0.030303	0.030303	0.030303	0.363636	0.363636	0.030303	0.030303	0.030303	0.030303	0.030303	0.030303	
0.045455	0.045455	0.045455	0.545455	0.045455	0.045455	0.045455	0.045455	0.045455	0.045455	0.045455	
0.022727	0.272727	0.522727	0.022727	0.022727	0.022727	0.022727	0.022727	0.022727	0.022727	0.022727	


Matrix B :

0.090909	0.090909	0.090909	0.090909	0.090909	0.090909	0.090909	0.090909	0.090909	0.090909	0.090909	
0.000166	0.144590	0.287186	0.274389	0.159216	0.086089	0.042214	0.005651	0.000166	0.000166	0.000166	
0.002217	0.002217	0.294900	0.197339	0.148559	0.148559	0.050998	0.050998	0.026608	0.050998	0.026608	
0.004785	0.004785	0.057416	0.267943	0.373206	0.215311	0.004785	0.057416	0.004785	0.004785	0.004785	
0.008264	0.008264	0.008264	0.190083	0.280992	0.280992	0.190083	0.008264	0.008264	0.008264	0.008264	
0.015152	0.015152	0.181818	0.181818	0.348485	0.181818	0.015152	0.015152	0.015152	0.015152	0.015152	
0.045455	0.045455	0.045455	0.045455	0.045455	0.045455	0.045455	0.045455	0.545455	0.045455	0.045455	
0.030303	0.030303	0.030303	0.363636	0.363636	0.030303	0.030303	0.030303	0.030303	0.030303	0.030303	
0.030303	0.030303	0.030303	0.030303	0.363636	0.030303	0.363636	0.030303	0.030303	0.030303	0.030303	
0.045455	0.045455	0.045455	0.045455	0.545455	0.045455	0.045455	0.045455	0.045455	0.045455	0.045455	
0.022727	0.022727	0.022727	0.022727	0.022727	0.022727	0.272727	0.022727	0.022727	0.022727	0.522727	


Vector Pi :

0.002933	0.777126	0.067449	0.067449	0.035191	0.035191	0.002933	0.002933	0.002933	0.002933	0.002933	


Vector Phi :

0.001592	0.860823	0.063146	0.027681	0.015977	0.008129	0.003190	0.004849	0.004891	0.003212	0.006510	
