
Parameters: 11 states AND 11 symbols

Matrix A :

0.090909	0.090909	0.090909	0.090909	0.090909	0.090909	0.090909	0.090909	0.090909	0.090909	0.090909	
0.000181	0.912706	0.059823	0.020061	0.002169	0.002169	0.002169	0.000181	0.000181	0.000181	0.000181	
0.001490	0.509687	0.263785	0.116244	0.017884	0.050671	0.001490	0.017884	0.001490	0.001490	0.017884	
0.003953	0.438735	0.395257	0.090909	0.003953	0.047431	0.003953	0.003953	0.003953	0.003953	0.003953	
0.022727	0.022727	0.022727	0.522727	0.022727	0.022727	0.022727	0.022727	0.272727	0.022727	0.022727	
0.012987	0.155844	0.584416	0.012987	0.012987	0.155844	0.012987	0.012987	0.012987	0.012987	0.012987	
0.045455	0.045455	0.045455	0.045455	0.545455	0.045455	0.045455	0.045455	0.045455	0.045455	0.045455	
0.030303	0.363636	0.030303	0.030303	0.030303	0.030303	0.030303	0.363636	0.030303	0.030303	0.030303	
0.045455	0.045455	0.045455	0.545455	0.045455	0.045455	0.045455	0.045455	0.045455	0.045455	0.045455	
0.090909	0.090909	0.090909	0.090909	0.090909	0.090909	0.090909	0.090909	0.090909	0.090909	0.090909	
0.045455	0.545455	0.045455	0.045455	0.045455	0.045455	0.045455	0.045455	0.045455	0.045455	0.045455	


Matrix B :

0.090909	0.090909	0.090909	0.090909	0.090909	0.090909	0.090909	0.090909	0.090909	0.090909	0.090909	
0.000172	0.146006	0.263430	0.250172	0.178202	0.091081	0.038051	0.021006	0.007748	0.003960	0.000172	
0.001399	0.032168	0.155245	0.201399	0.293706	0.216783	0.078322	0.016783	0.001399	0.001399	0.001399	
0.003788	0.003788	0.045455	0.253788	0.212121	0.378788	0.087121	0.003788	0.003788	0.003788	0.003788	
0.022727	0.022727	0.272727	0.022727	0.272727	0.022727	0.022727	0.022727	0.272727	0.022727	0.022727	
0.012987	0.012987	0.155844	0.012987	0.441558	0.298701	0.012987	0.012987	0.012987	0.012987	0.012987	
0.045455	0.045455	0.045455	0.545455	0.045455	0.045455	0.045455	0.045455	0.045455	0.045455	0.045455	
0.030303	0.030303	0.030303	0.030303	0.696970	0.030303	0.030303	0.030303	0.030303	0.030303	0.030303	
0.045455	0.045455	0.045455	0.045455	0.045455	0.045455	0.545455	0.045455	0.045455	0.045455	0.045455	
0.090909	0.090909	0.090909	0.090909	0.090909	0.090909	0.090909	0.090909	0.090909	0.090909	0.090909	
0.045455	0.045455	0.045455	0.045455	0.045455	0.045455	0.045455	0.045455	0.045455	0.045455	0.545455	


Vector Pi :

0.002933	0.777126	0.164223	0.035191	0.002933	0.002933	0.002933	0.002933	0.002933	0.002933	0.002933	


Vector Phi :

0.001625	0.828942	0.097882	0.037479	0.006514	0.011335	0.003273	0.004844	0.003253	0.001625	0.003229	
