
Parameters: 11 states AND 11 symbols

Matrix A :

0.0909091	0.0909091	0.0909091	0.0909091	0.0909091	0.0909091	0.0909091	0.0909091	0.0909091	0.0909091	0.0909091	
0.000154083	0.769646	0.193374	0.0323575	0.001849	0.001849	0.000154083	0.000154083	0.000154083	0.000154083	0.000154083	
0.000284091	0.337784	0.431534	0.190909	0.0252841	0.00965909	0.000284091	0.00340909	0.000284091	0.000284091	0.000284091	
0.000575374	0.127158	0.32336	0.291715	0.222094	0.0258918	0.000575374	0.00690449	0.000575374	0.000575374	0.000575374	
0.00121212	0.0678788	0.201212	0.267879	0.201212	0.147879	0.0545455	0.0545455	0.00121212	0.00121212	0.00121212	
0.00275482	0.00275482	0.0633609	0.245179	0.305785	0.245179	0.123967	0.00275482	0.00275482	0.00275482	0.00275482	
0.00826446	0.0991736	0.00826446	0.0991736	0.190083	0.280992	0.0991736	0.190083	0.00826446	0.00826446	0.00826446	
0.00757576	0.0909091	0.00757576	0.0909091	0.257576	0.0909091	0.0909091	0.174242	0.00757576	0.0909091	0.0909091	
0.0181818	0.0181818	0.0181818	0.0181818	0.0181818	0.218182	0.0181818	0.218182	0.418182	0.0181818	0.0181818	
0.0454545	0.0454545	0.0454545	0.0454545	0.0454545	0.0454545	0.0454545	0.0454545	0.545455	0.0454545	0.0454545	
0.0454545	0.0454545	0.0454545	0.0454545	0.0454545	0.0454545	0.0454545	0.0454545	0.545455	0.0454545	0.0454545	


Matrix B :

0.0909091	0.0909091	0.0909091	0.0909091	0.0909091	0.0909091	0.0909091	0.0909091	0.0909091	0.0909091	0.0909091	
0.00014806	0.524578	0.324252	0.0929819	0.039236	0.0115487	0.00666272	0.00014806	0.00014806	0.00014806	0.00014806	
0.00026738	0.0208556	0.623797	0.226738	0.0590909	0.0355615	0.0208556	0.0120321	0.00026738	0.00026738	0.00026738	
0.000537924	0.000537924	0.0952125	0.58042	0.249059	0.041958	0.00645508	0.0182894	0.00645508	0.000537924	0.000537924	
0.00115075	0.00115075	0.00115075	0.127733	0.545455	0.241657	0.0644419	0.013809	0.00115075	0.00115075	0.00115075	
0.00275482	0.00275482	0.00275482	0.00275482	0.15427	0.426997	0.305785	0.0330579	0.00275482	0.0330579	0.0330579	
0.00826446	0.00826446	0.00826446	0.00826446	0.00826446	0.46281	0.371901	0.0991736	0.00826446	0.00826446	0.00826446	
0.00699301	0.00699301	0.00699301	0.00699301	0.00699301	0.0839161	0.0839161	0.468531	0.237762	0.0839161	0.00699301	
0.0181818	0.0181818	0.0181818	0.0181818	0.0181818	0.0181818	0.0181818	0.418182	0.418182	0.0181818	0.0181818	
0.0454545	0.0454545	0.0454545	0.0454545	0.0454545	0.0454545	0.0454545	0.545455	0.0454545	0.0454545	0.0454545	
0.0454545	0.0454545	0.0454545	0.0454545	0.0454545	0.0454545	0.0454545	0.0454545	0.0454545	0.0454545	0.545455	


Vector Pi :

0.00149031	0.394933	0.312966	0.198212	0.0670641	0.00149031	0.00149031	0.0178838	0.00149031	0.00149031	0.00149031	


Vector Phi :

0.000824464	0.488674	0.265629	0.129628	0.0617042	0.0271824	0.00905726	0.00988423	0.00412102	0.00164815	0.00164815	
