
Parameters: 11 states AND 11 symbols

Matrix A :

0.0909091	0.0909091	0.0909091	0.0909091	0.0909091	0.0909091	0.0909091	0.0909091	0.0909091	0.0909091	0.0909091	
0.000147341	0.794313	0.188154	0.0147341	0.00176809	0.000147341	0.000147341	0.000147341	0.000147341	0.000147341	0.000147341	
0.000306091	0.357208	0.390878	0.185491	0.0508111	0.0137741	0.000306091	0.000306091	0.000306091	0.000306091	0.000306091	
0.000649351	0.122078	0.329221	0.279221	0.179221	0.0649351	0.0149351	0.00779221	0.000649351	0.000649351	0.000649351	
0.00112233	0.0505051	0.14927	0.285073	0.285073	0.173962	0.0505051	0.00112233	0.00112233	0.00112233	0.00112233	
0.00206612	0.00206612	0.0475207	0.206612	0.342975	0.206612	0.0929752	0.0475207	0.0475207	0.00206612	0.00206612	
0.00606061	0.00606061	0.139394	0.139394	0.0727273	0.339394	0.139394	0.139394	0.00606061	0.00606061	0.00606061	
0.012987	0.012987	0.012987	0.155844	0.012987	0.298701	0.298701	0.155844	0.012987	0.012987	0.012987	
0.0227273	0.0227273	0.272727	0.272727	0.0227273	0.0227273	0.0227273	0.0227273	0.0227273	0.0227273	0.272727	
0.0909091	0.0909091	0.0909091	0.0909091	0.0909091	0.0909091	0.0909091	0.0909091	0.0909091	0.0909091	0.0909091	
0.0454545	0.0454545	0.0454545	0.0454545	0.0454545	0.0454545	0.0454545	0.0454545	0.545455	0.0454545	0.0454545	


Matrix B :

0.0909091	0.0909091	0.0909091	0.0909091	0.0909091	0.0909091	0.0909091	0.0909091	0.0909091	0.0909091	0.0909091	
0.00013986	0.407832	0.349371	0.132448	0.0662937	0.0216783	0.0109091	0.00629371	0.00475524	0.00013986	0.00013986	
0.000292312	0.000292312	0.476177	0.347559	0.0935399	0.0549547	0.0195849	0.00350775	0.00350775	0.000292312	0.000292312	
0.000626959	0.000626959	0.0144201	0.504075	0.324765	0.117868	0.0351097	0.000626959	0.000626959	0.000626959	0.000626959	
0.00104493	0.00104493	0.00104493	0.0700104	0.322884	0.460815	0.104493	0.0125392	0.00104493	0.0240334	0.00104493	
0.0020202	0.0020202	0.0020202	0.0020202	0.0242424	0.513131	0.20202	0.179798	0.0242424	0.0242424	0.0242424	
0.00606061	0.00606061	0.00606061	0.00606061	0.00606061	0.00606061	0.539394	0.339394	0.0727273	0.00606061	0.00606061	
0.012987	0.012987	0.012987	0.012987	0.012987	0.012987	0.155844	0.441558	0.298701	0.012987	0.012987	
0.0181818	0.0181818	0.0181818	0.0181818	0.0181818	0.0181818	0.0181818	0.218182	0.618182	0.0181818	0.0181818	
0.0909091	0.0909091	0.0909091	0.0909091	0.0909091	0.0909091	0.0909091	0.0909091	0.0909091	0.0909091	0.0909091	
0.0454545	0.0454545	0.0454545	0.0454545	0.0454545	0.0454545	0.0454545	0.0454545	0.0454545	0.0454545	0.545455	


Vector Pi :

0.00149031	0.52608	0.247392	0.0834575	0.099851	0.0178838	0.00149031	0.00149031	0.0178838	0.00149031	0.00149031	


Vector Phi :

0.00082498	0.512222	0.244593	0.115418	0.066765	0.0362676	0.0123655	0.0057711	0.00329828	0.00082498	0.00164955	
