
Parameters: 11 states AND 11 symbols

Matrix A :

0.090909	0.090909	0.090909	0.090909	0.090909	0.090909	0.090909	0.090909	0.090909	0.090909	0.090909	
0.000213	0.950918	0.044814	0.000213	0.002561	0.000213	0.000213	0.000213	0.000213	0.000213	0.000213	
0.001541	0.289676	0.577812	0.086287	0.018490	0.018490	0.001541	0.001541	0.001541	0.001541	0.001541	
0.004132	0.140496	0.095041	0.458678	0.095041	0.049587	0.140496	0.004132	0.004132	0.004132	0.004132	
0.010101	0.010101	0.010101	0.343434	0.232323	0.121212	0.010101	0.232323	0.010101	0.010101	0.010101	
0.010101	0.010101	0.232323	0.121212	0.121212	0.121212	0.121212	0.232323	0.010101	0.010101	0.010101	
0.008264	0.008264	0.099174	0.099174	0.099174	0.099174	0.190083	0.099174	0.190083	0.099174	0.008264	
0.006061	0.072727	0.006061	0.006061	0.006061	0.139394	0.072727	0.406061	0.206061	0.072727	0.006061	
0.005682	0.005682	0.005682	0.068182	0.005682	0.005682	0.193182	0.130682	0.255682	0.255682	0.068182	
0.004329	0.004329	0.004329	0.004329	0.004329	0.004329	0.004329	0.004329	0.242424	0.670996	0.051948	
0.008264	0.008264	0.008264	0.008264	0.008264	0.099174	0.008264	0.099174	0.008264	0.008264	0.735537	


Matrix B :

0.090909	0.090909	0.090909	0.090909	0.090909	0.090909	0.090909	0.090909	0.090909	0.090909	0.090909	
0.000202	0.127151	0.294189	0.218465	0.162786	0.102652	0.062563	0.015793	0.013565	0.002430	0.000202	
0.001490	0.050671	0.263785	0.345753	0.132638	0.116244	0.050671	0.001490	0.001490	0.034277	0.001490	
0.003953	0.134387	0.090909	0.395257	0.047431	0.090909	0.047431	0.177866	0.003953	0.003953	0.003953	
0.009091	0.009091	0.109091	0.009091	0.209091	0.009091	0.309091	0.009091	0.009091	0.309091	0.009091	
0.010101	0.010101	0.010101	0.121212	0.010101	0.232323	0.454545	0.010101	0.121212	0.010101	0.010101	
0.008264	0.008264	0.190083	0.280992	0.008264	0.280992	0.099174	0.008264	0.008264	0.008264	0.099174	
0.005348	0.005348	0.064171	0.005348	0.181818	0.240642	0.299465	0.005348	0.064171	0.122995	0.005348	
0.005348	0.005348	0.064171	0.181818	0.299465	0.240642	0.005348	0.064171	0.064171	0.005348	0.064171	
0.051948	0.004329	0.004329	0.051948	0.194805	0.004329	0.099567	0.099567	0.337662	0.099567	0.051948	
0.008264	0.008264	0.008264	0.008264	0.190083	0.190083	0.190083	0.371901	0.008264	0.008264	0.008264	


Vector Pi :

0.002933	0.712610	0.067449	0.035191	0.035191	0.002933	0.002933	0.067449	0.067449	0.002933	0.002933	


Vector Phi :

0.001510	0.733532	0.098823	0.034669	0.014192	0.013654	0.016087	0.021989	0.021015	0.029089	0.015440	
