
Parameters: 11 states AND 11 symbols

Matrix A :

0.0909091	0.0909091	0.0909091	0.0909091	0.0909091	0.0909091	0.0909091	0.0909091	0.0909091	0.0909091	0.0909091	
0.000107331	0.928088	0.0685843	0.00246861	0.000107331	0.000107331	0.000107331	0.000107331	0.000107331	0.000107331	0.000107331	
0.000363636	0.224364	0.696364	0.0603636	0.0123636	0.000363636	0.00436364	0.000363636	0.000363636	0.000363636	0.000363636	
0.00171527	0.077187	0.32247	0.41681	0.152659	0.00171527	0.00171527	0.00171527	0.0205832	0.00171527	0.00171527	
0.00293255	0.00293255	0.00293255	0.390029	0.486804	0.0997067	0.00293255	0.00293255	0.00293255	0.00293255	0.00293255	
0.0181818	0.0181818	0.0181818	0.0181818	0.418182	0.0181818	0.418182	0.0181818	0.0181818	0.0181818	0.0181818	
0.0113636	0.0113636	0.0113636	0.136364	0.136364	0.136364	0.386364	0.0113636	0.0113636	0.136364	0.0113636	
0.0909091	0.0909091	0.0909091	0.0909091	0.0909091	0.0909091	0.0909091	0.0909091	0.0909091	0.0909091	0.0909091	
0.0454545	0.0454545	0.0454545	0.0454545	0.0454545	0.0454545	0.0454545	0.0454545	0.0454545	0.0454545	0.545455	
0.0227273	0.0227273	0.0227273	0.0227273	0.272727	0.0227273	0.272727	0.0227273	0.0227273	0.0227273	0.272727	
0.030303	0.030303	0.030303	0.030303	0.030303	0.030303	0.030303	0.030303	0.030303	0.69697	0.030303	


Matrix B :

0.0909091	0.0909091	0.0909091	0.0909091	0.0909091	0.0909091	0.0909091	0.0909091	0.0909091	0.0909091	0.0909091	
0.000102606	0.371434	0.430125	0.145701	0.0373487	0.0113893	0.000102606	0.00348861	0.000102606	0.000102606	0.000102606	
0.000345662	0.0307639	0.414794	0.471829	0.0611822	0.0193571	0.000345662	0.000345662	0.000345662	0.000345662	0.000345662	
0.0015674	0.0360502	0.173981	0.553292	0.208464	0.0188088	0.0015674	0.0015674	0.0015674	0.0015674	0.0015674	
0.00275482	0.00275482	0.123967	0.366391	0.336088	0.123967	0.0330579	0.00275482	0.00275482	0.00275482	0.00275482	
0.0181818	0.0181818	0.218182	0.218182	0.218182	0.218182	0.0181818	0.0181818	0.0181818	0.0181818	0.0181818	
0.010101	0.010101	0.010101	0.232323	0.010101	0.121212	0.121212	0.454545	0.010101	0.010101	0.010101	
0.0909091	0.0909091	0.0909091	0.0909091	0.0909091	0.0909091	0.0909091	0.0909091	0.0909091	0.0909091	0.0909091	
0.0454545	0.0454545	0.0454545	0.0454545	0.0454545	0.0454545	0.0454545	0.0454545	0.545455	0.0454545	0.0454545	
0.0227273	0.0227273	0.0227273	0.0227273	0.0227273	0.0227273	0.0227273	0.272727	0.272727	0.0227273	0.272727	
0.030303	0.030303	0.030303	0.030303	0.030303	0.030303	0.030303	0.030303	0.030303	0.363636	0.363636	


Vector Pi :

0.00149031	0.640835	0.214605	0.0834575	0.0342772	0.00149031	0.0178838	0.00149031	0.00149031	0.00149031	0.00149031	


Vector Phi :

0.000829876	0.702904	0.207469	0.0439834	0.0257262	0.00414938	0.00663901	0.000829876	0.00165975	0.00331951	0.00248963	
