
Parameters: 11 states AND 11 symbols

Matrix A :

0.0909091	0.0909091	0.0909091	0.0909091	0.0909091	0.0909091	0.0909091	0.0909091	0.0909091	0.0909091	0.0909091	
0.000129316	0.880641	0.106815	0.0100866	0.000129316	0.00155179	0.000129316	0.000129316	0.000129316	0.000129316	0.000129316	
0.000286779	0.249498	0.637511	0.104388	0.00659593	0.000286779	0.000286779	0.000286779	0.000286779	0.000286779	0.000286779	
0.000834028	0.0467056	0.331109	0.45955	0.138449	0.0191827	0.000834028	0.000834028	0.000834028	0.000834028	0.000834028	
0.00206612	0.00206612	0.0475207	0.320248	0.502066	0.0702479	0.0247934	0.00206612	0.0247934	0.00206612	0.00206612	
0.010101	0.010101	0.010101	0.121212	0.343434	0.121212	0.121212	0.232323	0.010101	0.010101	0.010101	
0.0151515	0.0151515	0.0151515	0.348485	0.181818	0.181818	0.0151515	0.181818	0.0151515	0.0151515	0.0151515	
0.0151515	0.0151515	0.0151515	0.181818	0.0151515	0.0151515	0.348485	0.181818	0.0151515	0.0151515	0.181818	
0.0454545	0.0454545	0.0454545	0.0454545	0.0454545	0.0454545	0.0454545	0.0454545	0.0454545	0.0454545	0.545455	
0.0454545	0.0454545	0.0454545	0.0454545	0.0454545	0.0454545	0.545455	0.0454545	0.0454545	0.0454545	0.0454545	
0.0151515	0.0151515	0.0151515	0.0151515	0.0151515	0.0151515	0.0151515	0.181818	0.0151515	0.181818	0.515152	


Matrix B :

0.0909091	0.0909091	0.0909091	0.0909091	0.0909091	0.0909091	0.0909091	0.0909091	0.0909091	0.0909091	0.0909091	
0.000123016	0.268053	0.431787	0.188215	0.0759011	0.0271866	0.00418256	0.00282938	0.0014762	0.000123016	0.000123016	
0.000273	0.003276	0.216489	0.291564	0.273546	0.14742	0.045318	0.00928201	0.00928201	0.003276	0.000273	
0.000797448	0.000797448	0.0446571	0.132376	0.281499	0.185008	0.202552	0.0885167	0.0446571	0.0183413	0.000797448	
0.00197628	0.00197628	0.00197628	0.0671937	0.0454545	0.175889	0.306324	0.197628	0.132411	0.0237154	0.0454545	
0.010101	0.010101	0.010101	0.121212	0.010101	0.010101	0.010101	0.121212	0.343434	0.232323	0.121212	
0.0151515	0.0151515	0.0151515	0.181818	0.181818	0.0151515	0.0151515	0.181818	0.0151515	0.181818	0.181818	
0.0151515	0.0151515	0.0151515	0.0151515	0.0151515	0.181818	0.0151515	0.181818	0.181818	0.348485	0.0151515	
0.0454545	0.0454545	0.0454545	0.0454545	0.0454545	0.0454545	0.545455	0.0454545	0.0454545	0.0454545	0.0454545	
0.030303	0.030303	0.030303	0.030303	0.030303	0.030303	0.030303	0.030303	0.030303	0.030303	0.69697	
0.0151515	0.0151515	0.0151515	0.0151515	0.0151515	0.0151515	0.0151515	0.181818	0.181818	0.348485	0.181818	


Vector Pi :

0.00149031	0.575261	0.280179	0.0834575	0.0342772	0.00149031	0.00149031	0.00149031	0.00149031	0.0178838	0.00149031	


Vector Phi :

0.000826937	0.586086	0.261124	0.0899974	0.0363342	0.00744301	0.0049603	0.00496125	0.00165271	0.00165366	0.00496034	
