
Parameters: 11 states AND 11 symbols

Matrix A :

0.090909	0.090909	0.090909	0.090909	0.090909	0.090909	0.090909	0.090909	0.090909	0.090909	0.090909	
0.000173	0.933506	0.032554	0.009697	0.007792	0.000173	0.003983	0.003983	0.000173	0.003983	0.003983	
0.002525	0.558081	0.141414	0.141414	0.058081	0.030303	0.030303	0.030303	0.002525	0.002525	0.002525	
0.006061	0.139394	0.472727	0.272727	0.072727	0.006061	0.006061	0.006061	0.006061	0.006061	0.006061	
0.006993	0.391608	0.160839	0.006993	0.314685	0.006993	0.083916	0.006993	0.006993	0.006993	0.006993	
0.030303	0.696970	0.030303	0.030303	0.030303	0.030303	0.030303	0.030303	0.030303	0.030303	0.030303	
0.018182	0.018182	0.418182	0.018182	0.218182	0.218182	0.018182	0.018182	0.018182	0.018182	0.018182	
0.022727	0.272727	0.522727	0.022727	0.022727	0.022727	0.022727	0.022727	0.022727	0.022727	0.022727	
0.090909	0.090909	0.090909	0.090909	0.090909	0.090909	0.090909	0.090909	0.090909	0.090909	0.090909	
0.030303	0.696970	0.030303	0.030303	0.030303	0.030303	0.030303	0.030303	0.030303	0.030303	0.030303	
0.030303	0.696970	0.030303	0.030303	0.030303	0.030303	0.030303	0.030303	0.030303	0.030303	0.030303	


Matrix B :

0.090909	0.090909	0.090909	0.090909	0.090909	0.090909	0.090909	0.090909	0.090909	0.090909	0.090909	
0.000165	0.411074	0.343802	0.152893	0.058347	0.018347	0.005620	0.007438	0.000165	0.000165	0.001983	
0.002331	0.130536	0.386946	0.361305	0.104895	0.002331	0.002331	0.002331	0.002331	0.002331	0.002331	
0.005348	0.005348	0.299465	0.475936	0.181818	0.005348	0.005348	0.005348	0.005348	0.005348	0.005348	
0.006993	0.160839	0.237762	0.237762	0.237762	0.006993	0.083916	0.006993	0.006993	0.006993	0.006993	
0.030303	0.030303	0.030303	0.696970	0.030303	0.030303	0.030303	0.030303	0.030303	0.030303	0.030303	
0.018182	0.218182	0.018182	0.218182	0.418182	0.018182	0.018182	0.018182	0.018182	0.018182	0.018182	
0.022727	0.022727	0.272727	0.022727	0.522727	0.022727	0.022727	0.022727	0.022727	0.022727	0.022727	
0.090909	0.090909	0.090909	0.090909	0.090909	0.090909	0.090909	0.090909	0.090909	0.090909	0.090909	
0.030303	0.030303	0.363636	0.030303	0.030303	0.363636	0.030303	0.030303	0.030303	0.030303	0.030303	
0.030303	0.030303	0.030303	0.030303	0.363636	0.363636	0.030303	0.030303	0.030303	0.030303	0.030303	


Vector Pi :

0.002933	0.809384	0.099707	0.067449	0.002933	0.002933	0.002933	0.002933	0.002933	0.002933	0.002933	


Vector Phi :

0.001642	0.862069	0.059113	0.024631	0.021346	0.004926	0.008210	0.006568	0.001642	0.004926	0.004926	
