
Parameters: 11 states AND 11 symbols

Matrix A :

0.090909	0.090909	0.090909	0.090909	0.090909	0.090909	0.090909	0.090909	0.090909	0.090909	0.090909	
0.000565	0.671372	0.242801	0.031621	0.025409	0.012987	0.006776	0.000565	0.006776	0.000565	0.000565	
0.000812	0.295455	0.349026	0.215097	0.072240	0.036526	0.009740	0.000812	0.009740	0.009740	0.000812	
0.001070	0.142246	0.259893	0.295187	0.165775	0.095187	0.024599	0.001070	0.012834	0.001070	0.001070	
0.001653	0.074380	0.074380	0.274380	0.201653	0.201653	0.128926	0.001653	0.001653	0.019835	0.019835	
0.001623	0.037338	0.055195	0.198052	0.233766	0.180195	0.162338	0.073052	0.037338	0.019481	0.001623	
0.002165	0.002165	0.025974	0.073593	0.097403	0.311688	0.287879	0.097403	0.097403	0.002165	0.002165	
0.003030	0.036364	0.036364	0.036364	0.003030	0.203030	0.203030	0.369697	0.103030	0.003030	0.003030	
0.003636	0.003636	0.003636	0.003636	0.003636	0.003636	0.123636	0.283636	0.163636	0.283636	0.123636	
0.003953	0.003953	0.090909	0.003953	0.003953	0.047431	0.003953	0.134387	0.221344	0.351779	0.134387	
0.006061	0.006061	0.006061	0.006061	0.006061	0.006061	0.006061	0.006061	0.206061	0.272727	0.472727	


Matrix B :

0.090909	0.090909	0.090909	0.090909	0.090909	0.090909	0.090909	0.090909	0.090909	0.090909	0.090909	
0.000551	0.255096	0.249036	0.236915	0.127824	0.067218	0.030854	0.024793	0.006612	0.000551	0.000551	
0.000770	0.060092	0.170262	0.339753	0.195686	0.119414	0.051618	0.051618	0.009245	0.000770	0.000770	
0.001033	0.001033	0.182851	0.273760	0.228306	0.137397	0.103306	0.057851	0.012397	0.001033	0.001033	
0.001515	0.001515	0.101515	0.168182	0.268182	0.184848	0.201515	0.051515	0.018182	0.001515	0.001515	
0.001595	0.001595	0.019139	0.212121	0.194577	0.264753	0.159490	0.106858	0.019139	0.001595	0.019139	
0.001976	0.001976	0.067194	0.132411	0.132411	0.328063	0.154150	0.110672	0.001976	0.067194	0.001976	
0.002933	0.002933	0.099707	0.131965	0.228739	0.099707	0.067449	0.067449	0.131965	0.067449	0.099707	
0.003497	0.003497	0.080420	0.195804	0.234266	0.157343	0.080420	0.118881	0.118881	0.003497	0.003497	
0.003497	0.003497	0.003497	0.118881	0.272727	0.234266	0.118881	0.118881	0.118881	0.003497	0.003497	
0.005348	0.005348	0.005348	0.064171	0.181818	0.122995	0.240642	0.064171	0.122995	0.181818	0.005348	


Vector Pi :

0.002933	0.131965	0.196481	0.099707	0.164223	0.035191	0.131965	0.035191	0.035191	0.099707	0.067449	


Vector Phi :

0.001653	0.266116	0.185124	0.140496	0.090909	0.092562	0.069421	0.049587	0.041322	0.038017	0.024793	
