
Parameters: 11 states AND 11 symbols

Matrix A :

0.090909	0.090909	0.090909	0.090909	0.090909	0.090909	0.090909	0.090909	0.090909	0.090909	0.090909	
0.000548	0.747536	0.157174	0.066813	0.012596	0.006572	0.000548	0.000548	0.000548	0.006572	0.000548	
0.000777	0.231546	0.453768	0.197358	0.043512	0.017871	0.034965	0.000777	0.017871	0.000777	0.000777	
0.000918	0.081726	0.253444	0.394858	0.091827	0.101928	0.051423	0.011019	0.011019	0.000918	0.000918	
0.001684	0.075758	0.131313	0.186869	0.353535	0.168350	0.020202	0.020202	0.020202	0.020202	0.001684	
0.001934	0.023211	0.044487	0.193424	0.193424	0.172147	0.299807	0.065764	0.001934	0.001934	0.001934	
0.001748	0.040210	0.040210	0.059441	0.136364	0.213287	0.290210	0.136364	0.040210	0.040210	0.001748	
0.003367	0.003367	0.003367	0.077441	0.077441	0.114478	0.262626	0.299663	0.077441	0.040404	0.040404	
0.006061	0.006061	0.006061	0.006061	0.006061	0.072727	0.206061	0.272727	0.206061	0.139394	0.072727	
0.009091	0.009091	0.109091	0.109091	0.009091	0.109091	0.009091	0.009091	0.209091	0.009091	0.409091	
0.005348	0.005348	0.005348	0.005348	0.005348	0.005348	0.064171	0.122995	0.064171	0.122995	0.593583	


Matrix B :

0.090909	0.090909	0.090909	0.090909	0.090909	0.090909	0.090909	0.090909	0.090909	0.090909	0.090909	
0.000519	0.177662	0.349091	0.223377	0.114805	0.080519	0.034805	0.011948	0.006234	0.000519	0.000519	
0.000764	0.067991	0.177235	0.252865	0.261268	0.143621	0.059587	0.017571	0.017571	0.000764	0.000764	
0.000834	0.019183	0.120100	0.230192	0.294412	0.138449	0.147623	0.037531	0.010008	0.000834	0.000834	
0.001623	0.019481	0.055195	0.144481	0.394481	0.215909	0.090909	0.037338	0.037338	0.001623	0.001623	
0.001783	0.001783	0.060606	0.080214	0.197861	0.256684	0.158645	0.139037	0.060606	0.040998	0.001783	
0.001715	0.001715	0.001715	0.114923	0.246998	0.228130	0.096055	0.209262	0.058319	0.039451	0.001715	
0.003367	0.003367	0.040404	0.040404	0.114478	0.299663	0.114478	0.336700	0.040404	0.003367	0.003367	
0.005348	0.005348	0.005348	0.005348	0.181818	0.358289	0.064171	0.240642	0.064171	0.064171	0.005348	
0.009091	0.009091	0.009091	0.009091	0.209091	0.009091	0.209091	0.409091	0.109091	0.009091	0.009091	
0.005348	0.005348	0.005348	0.005348	0.064171	0.122995	0.181818	0.240642	0.122995	0.122995	0.122995	


Vector Pi :

0.002933	0.260997	0.067449	0.325513	0.067449	0.131965	0.067449	0.002933	0.067449	0.002933	0.002933	


Vector Phi :

0.001635	0.280998	0.194587	0.163538	0.088245	0.076469	0.082601	0.043605	0.024416	0.016262	0.027644	
