
Parameters: 11 states AND 11 symbols

Matrix A :

0.0909091	0.0909091	0.0909091	0.0909091	0.0909091	0.0909091	0.0909091	0.0909091	0.0909091	0.0909091	0.0909091	
0.0001443	0.828716	0.147763	0.0176046	0.0049062	0.0001443	0.0001443	0.0001443	0.0001443	0.0001443	0.0001443	
0.000278009	0.296914	0.572143	0.104254	0.0216847	0.000278009	0.000278009	0.000278009	0.00333611	0.000278009	0.000278009	
0.000797448	0.062201	0.334131	0.42185	0.132376	0.0271132	0.0183413	0.000797448	0.000797448	0.000797448	0.000797448	
0.0015674	0.0360502	0.105016	0.242947	0.398119	0.15674	0.0360502	0.0015674	0.0188088	0.0015674	0.0015674	
0.0031348	0.0721003	0.0721003	0.106583	0.244514	0.244514	0.175549	0.0721003	0.0031348	0.0031348	0.0031348	
0.00454545	0.00454545	0.00454545	0.104545	0.104545	0.304545	0.304545	0.104545	0.0545455	0.00454545	0.00454545	
0.012987	0.012987	0.012987	0.012987	0.012987	0.012987	0.298701	0.298701	0.155844	0.012987	0.155844	
0.010101	0.010101	0.010101	0.010101	0.010101	0.232323	0.232323	0.010101	0.121212	0.121212	0.232323	
0.030303	0.030303	0.030303	0.030303	0.030303	0.363636	0.030303	0.030303	0.363636	0.030303	0.030303	
0.012987	0.012987	0.012987	0.012987	0.012987	0.012987	0.012987	0.012987	0.298701	0.155844	0.441558	


Matrix B :

0.0909091	0.0909091	0.0909091	0.0909091	0.0909091	0.0909091	0.0909091	0.0909091	0.0909091	0.0909091	0.0909091	
0.000136911	0.507667	0.331462	0.119113	0.0332694	0.00616101	0.00164294	0.000136911	0.000136911	0.000136911	0.000136911	
0.000265816	0.161085	0.541201	0.193248	0.0645933	0.0324296	0.00611377	0.000265816	0.000265816	0.000265816	0.000265816	
0.000763942	0.000763942	0.378915	0.395722	0.143621	0.0679908	0.000763942	0.0091673	0.000763942	0.000763942	0.000763942	
0.00154083	0.00154083	0.0354391	0.543914	0.204931	0.137134	0.0523883	0.01849	0.00154083	0.00154083	0.00154083	
0.00275482	0.00275482	0.00275482	0.214876	0.245179	0.275482	0.123967	0.0936639	0.0330579	0.00275482	0.00275482	
0.004329	0.004329	0.004329	0.0995671	0.4329	0.242424	0.147186	0.0519481	0.004329	0.004329	0.004329	
0.012987	0.012987	0.012987	0.012987	0.441558	0.298701	0.155844	0.012987	0.012987	0.012987	0.012987	
0.010101	0.010101	0.010101	0.010101	0.010101	0.454545	0.343434	0.121212	0.010101	0.010101	0.010101	
0.030303	0.030303	0.030303	0.030303	0.030303	0.030303	0.363636	0.030303	0.030303	0.363636	0.030303	
0.012987	0.012987	0.012987	0.012987	0.012987	0.012987	0.298701	0.298701	0.012987	0.012987	0.298701	


Vector Pi :

0.00149031	0.542474	0.247392	0.099851	0.0178838	0.0670641	0.0178838	0.00149031	0.00149031	0.00149031	0.00149031	


Vector Phi :

0.000822754	0.526128	0.270987	0.0928911	0.0476147	0.0237849	0.016402	0.00574462	0.00740226	0.00246732	0.00575463	
