
Parameters: 11 states AND 11 symbols

Matrix A :

0.0909091	0.0909091	0.0909091	0.0909091	0.0909091	0.0909091	0.0909091	0.0909091	0.0909091	0.0909091	0.0909091	
0.000141603	0.844378	0.148117	0.00637213	0.000141603	0.000141603	0.000141603	0.000141603	0.000141603	0.000141603	0.000141603	
0.000261233	0.27325	0.600836	0.115204	0.00600836	0.0031348	0.000261233	0.000261233	0.000261233	0.000261233	0.000261233	
0.000710227	0.0319602	0.297585	0.516335	0.133523	0.00852273	0.00852273	0.000710227	0.000710227	0.000710227	0.000710227	
0.0021645	0.0021645	0.0735931	0.359307	0.359307	0.168831	0.0021645	0.025974	0.0021645	0.0021645	0.0021645	
0.00378788	0.00378788	0.0871212	0.0871212	0.253788	0.462121	0.0454545	0.00378788	0.0454545	0.00378788	0.00378788	
0.0227273	0.0227273	0.0227273	0.0227273	0.0227273	0.272727	0.272727	0.0227273	0.0227273	0.272727	0.0227273	
0.0227273	0.0227273	0.0227273	0.0227273	0.272727	0.272727	0.0227273	0.0227273	0.272727	0.0227273	0.0227273	
0.030303	0.030303	0.030303	0.030303	0.030303	0.030303	0.030303	0.363636	0.030303	0.363636	0.030303	
0.0181818	0.0181818	0.0181818	0.0181818	0.0181818	0.218182	0.0181818	0.218182	0.0181818	0.0181818	0.418182	
0.0227273	0.0227273	0.0227273	0.0227273	0.0227273	0.0227273	0.0227273	0.0227273	0.0227273	0.522727	0.272727	


Matrix B :

0.0909091	0.0909091	0.0909091	0.0909091	0.0909091	0.0909091	0.0909091	0.0909091	0.0909091	0.0909091	0.0909091	
0.000136091	0.387861	0.363909	0.149837	0.0675014	0.0195972	0.0031301	0.0016331	0.0031301	0.000136091	0.0031301	
0.000243724	0.0190105	0.40775	0.340726	0.145016	0.0672679	0.0109676	0.000243724	0.00560565	0.00292469	0.000243724	
0.000688705	0.000688705	0.0764463	0.40978	0.220386	0.174931	0.084022	0.00826446	0.00826446	0.00826446	0.00826446	
0.0020202	0.0020202	0.0242424	0.0686869	0.379798	0.313131	0.135354	0.0242424	0.0242424	0.0242424	0.0020202	
0.00378788	0.00378788	0.00378788	0.0454545	0.337121	0.253788	0.170455	0.128788	0.0454545	0.00378788	0.00378788	
0.0181818	0.0181818	0.0181818	0.0181818	0.418182	0.218182	0.218182	0.0181818	0.0181818	0.0181818	0.0181818	
0.0227273	0.0227273	0.0227273	0.0227273	0.272727	0.272727	0.0227273	0.272727	0.0227273	0.0227273	0.0227273	
0.0227273	0.0227273	0.0227273	0.0227273	0.0227273	0.272727	0.0227273	0.522727	0.0227273	0.0227273	0.0227273	
0.0181818	0.0181818	0.0181818	0.0181818	0.218182	0.218182	0.418182	0.0181818	0.0181818	0.0181818	0.0181818	
0.0227273	0.0227273	0.0227273	0.0227273	0.0227273	0.272727	0.0227273	0.522727	0.0227273	0.0227273	0.0227273	


Vector Pi :

0.00149031	0.42772	0.411326	0.0670641	0.0506706	0.00149031	0.0178838	0.00149031	0.0178838	0.00149031	0.00149031	


Vector Phi :

0.000829876	0.53278	0.288797	0.106224	0.0348548	0.019917	0.0033195	0.0033195	0.00248963	0.00414938	0.0033195	
