
Parameters: 11 states AND 11 symbols

Matrix A :

0.0454545	0.0454545	0.0454545	0.0454545	0.0454545	0.0454545	0.0454545	0.0454545	0.0454545	0.0454545	0.545455	
0.00013508	0.88275	0.104147	0.00607862	0.00310685	0.00013508	0.00013508	0.00013508	0.00013508	0.00310685	0.00013508	
0.000328192	0.253036	0.610436	0.105021	0.0219888	0.000328192	0.000328192	0.000328192	0.0039383	0.0039383	0.000328192	
0.000763942	0.0175707	0.294882	0.555386	0.0932009	0.0175707	0.000763942	0.000763942	0.0091673	0.000763942	0.0091673	
0.00174825	0.020979	0.0402098	0.309441	0.386364	0.174825	0.0402098	0.020979	0.00174825	0.00174825	0.00174825	
0.0030303	0.0363636	0.0363636	0.069697	0.336364	0.40303	0.069697	0.0363636	0.0030303	0.0030303	0.0030303	
0.00826446	0.00826446	0.00826446	0.00826446	0.190083	0.280992	0.280992	0.190083	0.00826446	0.00826446	0.00826446	
0.0113636	0.0113636	0.0113636	0.0113636	0.0113636	0.0113636	0.386364	0.386364	0.136364	0.0113636	0.0113636	
0.00757576	0.00757576	0.00757576	0.00757576	0.00757576	0.174242	0.00757576	0.00757576	0.507576	0.174242	0.0909091	
0.00568182	0.193182	0.00568182	0.0681818	0.00568182	0.0681818	0.00568182	0.00568182	0.130682	0.443182	0.0681818	
0.218182	0.0181818	0.0181818	0.0181818	0.0181818	0.0181818	0.0181818	0.0181818	0.0181818	0.618182	0.0181818	


Matrix B :

0.0454545	0.0454545	0.0454545	0.0454545	0.0454545	0.0454545	0.0454545	0.0454545	0.545455	0.0454545	0.0454545	
0.000128222	0.206052	0.332991	0.224388	0.156687	0.0452622	0.0198743	0.0128222	0.000128222	0.00153866	0.000128222	
0.000311333	0.00373599	0.0962017	0.301681	0.236613	0.174969	0.0893524	0.0379826	0.0311333	0.0105853	0.0174346	
0.000739098	0.000739098	0.0169993	0.147081	0.212121	0.244642	0.179601	0.11456	0.0332594	0.0332594	0.0169993	
0.0016835	0.0016835	0.020202	0.16835	0.0942761	0.372054	0.112795	0.112795	0.0757576	0.0016835	0.0387205	
0.00293255	0.00293255	0.00293255	0.0997067	0.164223	0.164223	0.0997067	0.196481	0.196481	0.0351906	0.0351906	
0.00757576	0.00757576	0.00757576	0.00757576	0.507576	0.0909091	0.174242	0.174242	0.00757576	0.00757576	0.00757576	
0.0113636	0.0113636	0.0113636	0.136364	0.0113636	0.511364	0.261364	0.0113636	0.0113636	0.0113636	0.0113636	
0.00757576	0.00757576	0.00757576	0.174242	0.0909091	0.257576	0.257576	0.174242	0.00757576	0.00757576	0.00757576	
0.00534759	0.00534759	0.0641711	0.122995	0.181818	0.240642	0.358289	0.00534759	0.00534759	0.00534759	0.00534759	
0.0181818	0.0181818	0.0181818	0.418182	0.0181818	0.0181818	0.0181818	0.418182	0.0181818	0.0181818	0.0181818	


Vector Pi :

0.00149031	0.608048	0.230999	0.0670641	0.0342772	0.0178838	0.0178838	0.00149031	0.00149031	0.0178838	0.00149031	


Vector Phi :

0.00166647	0.555595	0.231698	0.0993264	0.0433726	0.0250167	0.00917166	0.0066699	0.010004	0.0133121	0.00416672	
