
Parameters: 11 states AND 11 symbols

Matrix A :

0.090909	0.090909	0.090909	0.090909	0.090909	0.090909	0.090909	0.090909	0.090909	0.090909	0.090909	
0.000491	0.789681	0.184275	0.022113	0.000491	0.000491	0.000491	0.000491	0.000491	0.000491	0.000491	
0.000784	0.285266	0.509404	0.199060	0.000784	0.000784	0.000784	0.000784	0.000784	0.000784	0.000784	
0.000850	0.028887	0.197111	0.580289	0.159728	0.028887	0.000850	0.000850	0.000850	0.000850	0.000850	
0.001515	0.018182	0.018182	0.234848	0.518182	0.168182	0.034848	0.001515	0.001515	0.001515	0.001515	
0.002597	0.002597	0.002597	0.088312	0.316883	0.316883	0.231169	0.031169	0.002597	0.002597	0.002597	
0.003636	0.003636	0.003636	0.003636	0.043636	0.323636	0.403636	0.163636	0.043636	0.003636	0.003636	
0.006494	0.006494	0.006494	0.006494	0.006494	0.077922	0.292208	0.435065	0.077922	0.077922	0.006494	
0.015152	0.015152	0.015152	0.015152	0.015152	0.181818	0.015152	0.348485	0.348485	0.015152	0.015152	
0.045455	0.045455	0.045455	0.045455	0.045455	0.045455	0.045455	0.045455	0.045455	0.045455	0.545455	
0.022727	0.022727	0.022727	0.022727	0.022727	0.022727	0.022727	0.022727	0.272727	0.022727	0.522727	


Matrix B :

0.090909	0.090909	0.090909	0.090909	0.090909	0.090909	0.090909	0.090909	0.090909	0.090909	0.090909	
0.000476	0.377439	0.377439	0.157544	0.058068	0.016183	0.000476	0.005712	0.000476	0.005712	0.000476	
0.000764	0.059587	0.580596	0.227655	0.067991	0.025974	0.017571	0.009167	0.000764	0.009167	0.000764	
0.000797	0.000797	0.281499	0.544657	0.062201	0.035885	0.018341	0.018341	0.009569	0.027113	0.000797	
0.001443	0.001443	0.033189	0.382395	0.350649	0.128427	0.001443	0.064935	0.017316	0.017316	0.001443	
0.002525	0.002525	0.002525	0.224747	0.335859	0.280303	0.085859	0.030303	0.030303	0.002525	0.002525	
0.003497	0.003497	0.003497	0.041958	0.195804	0.388112	0.157343	0.195804	0.003497	0.003497	0.003497	
0.006494	0.006494	0.006494	0.006494	0.006494	0.292208	0.006494	0.435065	0.077922	0.149351	0.006494	
0.012987	0.012987	0.012987	0.012987	0.012987	0.012987	0.584416	0.155844	0.012987	0.012987	0.155844	
0.045455	0.045455	0.045455	0.045455	0.045455	0.045455	0.545455	0.045455	0.045455	0.045455	0.045455	
0.022727	0.022727	0.022727	0.022727	0.022727	0.522727	0.272727	0.022727	0.022727	0.022727	0.022727	


Vector Pi :

0.003953	0.308300	0.134387	0.308300	0.090909	0.047431	0.047431	0.003953	0.047431	0.003953	0.003953	


Vector Phi :

0.001846	0.321310	0.205683	0.194943	0.114675	0.065946	0.047059	0.026227	0.011182	0.003719	0.007411	
