
Parameters: 11 states AND 11 symbols

Matrix A :

0.0909091	0.0909091	0.0909091	0.0909091	0.0909091	0.0909091	0.0909091	0.0909091	0.0909091	0.0909091	0.0909091	
0.000148544	0.915181	0.0769459	0.00668449	0.000148544	0.000148544	0.000148544	0.000148544	0.000148544	0.000148544	0.000148544	
0.000282326	0.155562	0.767363	0.0748165	0.000282326	0.000282326	0.000282326	0.000282326	0.000282326	0.000282326	0.000282326	
0.000777001	0.017871	0.197358	0.65035	0.111888	0.00932401	0.000777001	0.000777001	0.00932401	0.000777001	0.000777001	
0.00165289	0.00165289	0.0561983	0.201653	0.583471	0.147107	0.00165289	0.00165289	0.00165289	0.00165289	0.00165289	
0.00275482	0.00275482	0.00275482	0.0330579	0.245179	0.487603	0.214876	0.00275482	0.00275482	0.00275482	0.00275482	
0.00568182	0.00568182	0.00568182	0.00568182	0.0681818	0.318182	0.255682	0.193182	0.0681818	0.00568182	0.0681818	
0.00699301	0.00699301	0.00699301	0.00699301	0.00699301	0.160839	0.314685	0.314685	0.160839	0.00699301	0.00699301	
0.00606061	0.00606061	0.00606061	0.00606061	0.00606061	0.00606061	0.00606061	0.272727	0.472727	0.206061	0.00606061	
0.0113636	0.0113636	0.0113636	0.0113636	0.0113636	0.0113636	0.0113636	0.136364	0.261364	0.386364	0.136364	
0.0113636	0.0113636	0.0113636	0.0113636	0.0113636	0.0113636	0.0113636	0.0113636	0.136364	0.136364	0.636364	


Matrix B :

0.0909091	0.0909091	0.0909091	0.0909091	0.0909091	0.0909091	0.0909091	0.0909091	0.0909091	0.0909091	0.0909091	
0.000142045	0.228267	0.378267	0.21108	0.12358	0.043892	0.00639205	0.00326705	0.00326705	0.00170455	0.000142045	
0.000268168	0.00321802	0.274604	0.321802	0.212658	0.115312	0.0592652	0.0120676	0.000268168	0.000268168	0.000268168	
0.000733138	0.000733138	0.0733138	0.323314	0.339443	0.145894	0.0813783	0.0168622	0.00879765	0.000733138	0.00879765	
0.00162338	0.00162338	0.0194805	0.198052	0.323052	0.198052	0.144481	0.108766	0.00162338	0.00162338	0.00162338	
0.0025974	0.0025974	0.0883117	0.0883117	0.116883	0.25974	0.25974	0.174026	0.0025974	0.0025974	0.0025974	
0.00505051	0.00505051	0.00505051	0.227273	0.227273	0.227273	0.171717	0.116162	0.00505051	0.00505051	0.00505051	
0.00699301	0.00699301	0.0839161	0.0839161	0.391608	0.314685	0.00699301	0.0839161	0.00699301	0.00699301	0.00699301	
0.00568182	0.00568182	0.00568182	0.255682	0.193182	0.255682	0.0681818	0.00568182	0.0681818	0.0681818	0.0681818	
0.010101	0.010101	0.121212	0.121212	0.010101	0.010101	0.232323	0.010101	0.010101	0.010101	0.454545	
0.010101	0.010101	0.010101	0.010101	0.010101	0.010101	0.454545	0.454545	0.010101	0.010101	0.010101	


Vector Pi :

0.00149031	0.444113	0.296572	0.116244	0.0178838	0.0342772	0.0342772	0.00149031	0.0178838	0.0178838	0.0178838	


Vector Phi :

0.000832262	0.513838	0.265393	0.0968476	0.0456466	0.0274459	0.013324	0.0108353	0.0124982	0.00666927	0.00667022	
