
Parameters: 11 states AND 11 symbols

Matrix A :

0.045455	0.545455	0.045455	0.045455	0.045455	0.045455	0.045455	0.045455	0.045455	0.045455	0.045455	
0.002024	0.946365	0.033564	0.002024	0.002024	0.000169	0.003879	0.000169	0.000169	0.000169	0.009445	
0.002331	0.463869	0.335664	0.079254	0.053613	0.027972	0.002331	0.027972	0.002331	0.002331	0.002331	
0.010101	0.454545	0.343434	0.010101	0.121212	0.010101	0.010101	0.010101	0.010101	0.010101	0.010101	
0.018182	0.218182	0.018182	0.618182	0.018182	0.018182	0.018182	0.018182	0.018182	0.018182	0.018182	
0.045455	0.045455	0.045455	0.545455	0.045455	0.045455	0.045455	0.045455	0.045455	0.045455	0.045455	
0.030303	0.363636	0.363636	0.030303	0.030303	0.030303	0.030303	0.030303	0.030303	0.030303	0.030303	
0.045455	0.545455	0.045455	0.045455	0.045455	0.045455	0.045455	0.045455	0.045455	0.045455	0.045455	
0.090909	0.090909	0.090909	0.090909	0.090909	0.090909	0.090909	0.090909	0.090909	0.090909	0.090909	
0.090909	0.090909	0.090909	0.090909	0.090909	0.090909	0.090909	0.090909	0.090909	0.090909	0.090909	
0.015152	0.348485	0.515152	0.015152	0.015152	0.015152	0.015152	0.015152	0.015152	0.015152	0.015152	


Matrix B :

0.045455	0.045455	0.045455	0.045455	0.545455	0.045455	0.045455	0.045455	0.045455	0.045455	0.045455	
0.000160	0.208273	0.312330	0.227674	0.102453	0.067180	0.040725	0.021324	0.008979	0.007215	0.003688	
0.002273	0.027273	0.277273	0.227273	0.202273	0.077273	0.052273	0.052273	0.027273	0.027273	0.027273	
0.009091	0.009091	0.209091	0.209091	0.209091	0.109091	0.109091	0.109091	0.009091	0.009091	0.009091	
0.018182	0.018182	0.218182	0.018182	0.418182	0.018182	0.018182	0.018182	0.018182	0.218182	0.018182	
0.045455	0.045455	0.045455	0.045455	0.045455	0.045455	0.545455	0.045455	0.045455	0.045455	0.045455	
0.030303	0.030303	0.696970	0.030303	0.030303	0.030303	0.030303	0.030303	0.030303	0.030303	0.030303	
0.045455	0.045455	0.045455	0.045455	0.045455	0.045455	0.045455	0.045455	0.045455	0.545455	0.045455	
0.090909	0.090909	0.090909	0.090909	0.090909	0.090909	0.090909	0.090909	0.090909	0.090909	0.090909	
0.090909	0.090909	0.090909	0.090909	0.090909	0.090909	0.090909	0.090909	0.090909	0.090909	0.090909	
0.015152	0.015152	0.181818	0.181818	0.015152	0.015152	0.181818	0.348485	0.015152	0.015152	0.015152	


Vector Pi :

0.002933	0.906158	0.035191	0.035191	0.002933	0.002933	0.002933	0.002933	0.002933	0.002933	0.002933	


Vector Phi :

0.003284	0.885057	0.064039	0.014778	0.008210	0.003284	0.004926	0.003284	0.001642	0.001642	0.009852	
