
Parameters: 11 states AND 11 symbols

Matrix A :

0.0909091	0.0909091	0.0909091	0.0909091	0.0909091	0.0909091	0.0909091	0.0909091	0.0909091	0.0909091	0.0909091	
0.000174825	0.830944	0.155944	0.0117133	0.000174825	0.000174825	0.000174825	0.000174825	0.000174825	0.000174825	0.000174825	
0.000239234	0.208134	0.666029	0.110766	0.0133971	0.000239234	0.000239234	0.000239234	0.000239234	0.000239234	0.000239234	
0.000516529	0.0402893	0.256198	0.614153	0.0686983	0.0118802	0.000516529	0.000516529	0.000516529	0.00619835	0.000516529	
0.00185529	0.00185529	0.00185529	0.307978	0.512059	0.165121	0.00185529	0.00185529	0.00185529	0.00185529	0.00185529	
0.0025974	0.0025974	0.0025974	0.0883117	0.174026	0.545455	0.116883	0.0597403	0.0025974	0.0025974	0.0025974	
0.00757576	0.00757576	0.00757576	0.00757576	0.00757576	0.340909	0.424242	0.174242	0.00757576	0.00757576	0.00757576	
0.00606061	0.00606061	0.00606061	0.0727273	0.00606061	0.0727273	0.139394	0.539394	0.139394	0.00606061	0.00606061	
0.0151515	0.0151515	0.0151515	0.0151515	0.0151515	0.0151515	0.0151515	0.348485	0.348485	0.181818	0.0151515	
0.0227273	0.0227273	0.0227273	0.0227273	0.0227273	0.0227273	0.0227273	0.0227273	0.272727	0.272727	0.272727	
0.0454545	0.545455	0.0454545	0.0454545	0.0454545	0.0454545	0.0454545	0.0454545	0.0454545	0.0454545	0.0454545	


Matrix B :

0.0909091	0.0909091	0.0909091	0.0909091	0.0909091	0.0909091	0.0909091	0.0909091	0.0909091	0.0909091	0.0909091	
0.000166806	0.115763	0.306589	0.266222	0.139616	0.0955796	0.0405338	0.0221852	0.00750626	0.00200167	0.00383653	
0.000227273	0.00272727	0.0352273	0.247727	0.305227	0.197727	0.130227	0.0352273	0.0302273	0.00772727	0.00772727	
0.000494071	0.000494071	0.0167984	0.0657115	0.0983202	0.310277	0.293972	0.158103	0.0494071	0.00592885	0.000494071	
0.00181818	0.00181818	0.00181818	0.0418182	0.0218182	0.221818	0.321818	0.221818	0.141818	0.0218182	0.00181818	
0.002331	0.002331	0.002331	0.027972	0.0536131	0.412587	0.258741	0.130536	0.104895	0.002331	0.002331	
0.00757576	0.00757576	0.00757576	0.00757576	0.174242	0.174242	0.340909	0.00757576	0.257576	0.00757576	0.00757576	
0.00568182	0.00568182	0.00568182	0.00568182	0.00568182	0.193182	0.00568182	0.0681818	0.318182	0.193182	0.193182	
0.0151515	0.0151515	0.0151515	0.0151515	0.0151515	0.0151515	0.181818	0.0151515	0.181818	0.181818	0.348485	
0.0181818	0.0181818	0.0181818	0.0181818	0.418182	0.0181818	0.0181818	0.0181818	0.418182	0.0181818	0.0181818	
0.0454545	0.0454545	0.0454545	0.0454545	0.0454545	0.0454545	0.0454545	0.545455	0.0454545	0.0454545	0.0454545	


Vector Pi :

0.00149031	0.411326	0.329359	0.132638	0.0178838	0.0670641	0.00149031	0.0178838	0.00149031	0.0178838	0.00149031	


Vector Phi :

0.000833351	0.433331	0.316666	0.146667	0.0408337	0.0291673	0.0100003	0.0125005	0.00500018	0.00333341	0.00166671	
