
Parameters: 11 states AND 11 symbols

Matrix A :

0.090909	0.090909	0.090909	0.090909	0.090909	0.090909	0.090909	0.090909	0.090909	0.090909	0.090909	
0.000183	0.899781	0.064440	0.012231	0.006207	0.002191	0.002191	0.000183	0.000183	0.004199	0.008215	
0.001443	0.572872	0.271284	0.064935	0.033189	0.017316	0.001443	0.001443	0.017316	0.001443	0.017316	
0.006061	0.206061	0.539394	0.139394	0.006061	0.006061	0.006061	0.006061	0.072727	0.006061	0.006061	
0.008264	0.371901	0.099174	0.099174	0.190083	0.099174	0.008264	0.099174	0.008264	0.008264	0.008264	
0.018182	0.018182	0.418182	0.218182	0.018182	0.218182	0.018182	0.018182	0.018182	0.018182	0.018182	
0.045455	0.045455	0.545455	0.045455	0.045455	0.045455	0.045455	0.045455	0.045455	0.045455	0.045455	
0.045455	0.545455	0.045455	0.045455	0.045455	0.045455	0.045455	0.045455	0.045455	0.045455	0.045455	
0.030303	0.030303	0.030303	0.030303	0.696970	0.030303	0.030303	0.030303	0.030303	0.030303	0.030303	
0.030303	0.696970	0.030303	0.030303	0.030303	0.030303	0.030303	0.030303	0.030303	0.030303	0.030303	
0.015152	0.515152	0.181818	0.015152	0.181818	0.015152	0.015152	0.015152	0.015152	0.015152	0.015152	


Matrix B :

0.090909	0.090909	0.090909	0.090909	0.090909	0.090909	0.090909	0.090909	0.090909	0.090909	0.090909	
0.000173	0.386104	0.462150	0.102834	0.034393	0.009679	0.002074	0.000173	0.000173	0.000173	0.002074	
0.001399	0.062937	0.462937	0.339860	0.093706	0.032168	0.001399	0.001399	0.001399	0.001399	0.001399	
0.006061	0.139394	0.406061	0.072727	0.206061	0.006061	0.139394	0.006061	0.006061	0.006061	0.006061	
0.008264	0.008264	0.462810	0.190083	0.099174	0.190083	0.008264	0.008264	0.008264	0.008264	0.008264	
0.018182	0.018182	0.618182	0.018182	0.218182	0.018182	0.018182	0.018182	0.018182	0.018182	0.018182	
0.045455	0.045455	0.045455	0.045455	0.545455	0.045455	0.045455	0.045455	0.045455	0.045455	0.045455	
0.045455	0.045455	0.045455	0.545455	0.045455	0.045455	0.045455	0.045455	0.045455	0.045455	0.045455	
0.030303	0.030303	0.696970	0.030303	0.030303	0.030303	0.030303	0.030303	0.030303	0.030303	0.030303	
0.030303	0.030303	0.030303	0.696970	0.030303	0.030303	0.030303	0.030303	0.030303	0.030303	0.030303	
0.015152	0.015152	0.348485	0.348485	0.015152	0.015152	0.015152	0.181818	0.015152	0.015152	0.015152	


Vector Pi :

0.002933	0.906158	0.067449	0.002933	0.002933	0.002933	0.002933	0.002933	0.002933	0.002933	0.002933	


Vector Phi :

0.001642	0.817734	0.103448	0.024631	0.018062	0.008210	0.003284	0.003284	0.004926	0.004926	0.009852	
