
Parameters: 11 states AND 11 symbols

Matrix A :

0.045455	0.545455	0.045455	0.045455	0.045455	0.045455	0.045455	0.045455	0.045455	0.045455	0.045455	
0.002245	0.860269	0.105125	0.012533	0.006360	0.004302	0.002245	0.004302	0.002245	0.000187	0.000187	
0.001070	0.577540	0.318717	0.095187	0.001070	0.001070	0.001070	0.001070	0.001070	0.001070	0.001070	
0.005051	0.560606	0.282828	0.060606	0.060606	0.005051	0.005051	0.005051	0.005051	0.005051	0.005051	
0.015152	0.515152	0.181818	0.181818	0.015152	0.015152	0.015152	0.015152	0.015152	0.015152	0.015152	
0.030303	0.363636	0.030303	0.363636	0.030303	0.030303	0.030303	0.030303	0.030303	0.030303	0.030303	
0.045455	0.045455	0.045455	0.045455	0.545455	0.045455	0.045455	0.045455	0.045455	0.045455	0.045455	
0.030303	0.696970	0.030303	0.030303	0.030303	0.030303	0.030303	0.030303	0.030303	0.030303	0.030303	
0.045455	0.545455	0.045455	0.045455	0.045455	0.045455	0.045455	0.045455	0.045455	0.045455	0.045455	
0.090909	0.090909	0.090909	0.090909	0.090909	0.090909	0.090909	0.090909	0.090909	0.090909	0.090909	
0.090909	0.090909	0.090909	0.090909	0.090909	0.090909	0.090909	0.090909	0.090909	0.090909	0.090909	


Matrix B :

0.045455	0.045455	0.045455	0.045455	0.545455	0.045455	0.045455	0.045455	0.045455	0.045455	0.045455	
0.000178	0.281428	0.410334	0.218928	0.052912	0.023615	0.009943	0.002131	0.000178	0.000178	0.000178	
0.001057	0.012685	0.117336	0.408034	0.187104	0.187104	0.035941	0.024313	0.012685	0.001057	0.012685	
0.004785	0.004785	0.004785	0.162679	0.531100	0.004785	0.162679	0.110048	0.004785	0.004785	0.004785	
0.012987	0.012987	0.155844	0.441558	0.298701	0.012987	0.012987	0.012987	0.012987	0.012987	0.012987	
0.030303	0.030303	0.030303	0.030303	0.696970	0.030303	0.030303	0.030303	0.030303	0.030303	0.030303	
0.030303	0.030303	0.696970	0.030303	0.030303	0.030303	0.030303	0.030303	0.030303	0.030303	0.030303	
0.030303	0.030303	0.030303	0.030303	0.363636	0.363636	0.030303	0.030303	0.030303	0.030303	0.030303	
0.045455	0.045455	0.045455	0.045455	0.545455	0.045455	0.045455	0.045455	0.045455	0.045455	0.045455	
0.090909	0.090909	0.090909	0.090909	0.090909	0.090909	0.090909	0.090909	0.090909	0.090909	0.090909	
0.090909	0.090909	0.090909	0.090909	0.090909	0.090909	0.090909	0.090909	0.090909	0.090909	0.090909	


Vector Pi :

0.002933	0.841642	0.035191	0.035191	0.035191	0.002933	0.035191	0.002933	0.002933	0.002933	0.002933	


Vector Phi :

0.003284	0.798030	0.139573	0.029557	0.009852	0.004926	0.003284	0.004926	0.003284	0.001642	0.001642	
