
Parameters: 11 states AND 11 symbols

Matrix A :

0.090909	0.090909	0.090909	0.090909	0.090909	0.090909	0.090909	0.090909	0.090909	0.090909	0.090909	
0.000370	0.886548	0.077605	0.012565	0.004435	0.000370	0.012565	0.004435	0.000370	0.000370	0.000370	
0.001196	0.224880	0.501196	0.132775	0.027512	0.053828	0.027512	0.014354	0.001196	0.014354	0.001196	
0.002020	0.046465	0.268687	0.313131	0.179798	0.068687	0.046465	0.002020	0.002020	0.046465	0.024242	
0.002933	0.067449	0.131965	0.260997	0.228739	0.131965	0.067449	0.067449	0.002933	0.002933	0.035191	
0.004545	0.004545	0.054545	0.254545	0.254545	0.004545	0.054545	0.354545	0.004545	0.004545	0.004545	
0.003497	0.003497	0.041958	0.041958	0.234266	0.118881	0.157343	0.041958	0.195804	0.157343	0.003497	
0.002674	0.002674	0.002674	0.032086	0.002674	0.090909	0.208556	0.385027	0.237968	0.032086	0.002674	
0.001894	0.043561	0.001894	0.001894	0.001894	0.001894	0.085227	0.168561	0.606061	0.085227	0.001894	
0.002525	0.058081	0.030303	0.058081	0.030303	0.058081	0.002525	0.002525	0.085859	0.474747	0.196970	
0.002457	0.029484	0.002457	0.002457	0.002457	0.002457	0.002457	0.002457	0.056511	0.164619	0.732187	


Matrix B :

0.090909	0.090909	0.090909	0.090909	0.090909	0.090909	0.090909	0.090909	0.090909	0.090909	0.090909	
0.000351	0.394173	0.262899	0.120042	0.120042	0.096876	0.004212	0.000351	0.000351	0.000351	0.000351	
0.001109	0.257206	0.525499	0.159645	0.025499	0.013304	0.013304	0.001109	0.001109	0.001109	0.001109	
0.001934	0.129594	0.576402	0.172147	0.065764	0.023211	0.023211	0.001934	0.001934	0.001934	0.001934	
0.002933	0.131965	0.551320	0.164223	0.035191	0.067449	0.002933	0.035191	0.002933	0.002933	0.002933	
0.004132	0.095041	0.413223	0.231405	0.049587	0.004132	0.049587	0.140496	0.004132	0.004132	0.004132	
0.003367	0.040404	0.447811	0.188552	0.188552	0.114478	0.003367	0.003367	0.003367	0.003367	0.003367	
0.002525	0.002525	0.308081	0.363636	0.224747	0.002525	0.030303	0.030303	0.030303	0.002525	0.002525	
0.001855	0.063080	0.083488	0.267161	0.205937	0.124304	0.083488	0.144712	0.001855	0.022263	0.001855	
0.002457	0.002457	0.137592	0.137592	0.245700	0.110565	0.191646	0.056511	0.029484	0.056511	0.029484	
0.027972	0.002331	0.027972	0.053613	0.386946	0.181818	0.130536	0.079254	0.027972	0.027972	0.053613	


Vector Pi :

0.002933	0.454545	0.164223	0.067449	0.002933	0.067449	0.035191	0.067449	0.035191	0.035191	0.067449	


Vector Phi :

0.001681	0.402521	0.129572	0.075875	0.052190	0.033741	0.043642	0.057199	0.080710	0.060592	0.062279	
