
Parameters: 11 states AND 11 symbols

Matrix A :

0.090909	0.090909	0.090909	0.090909	0.090909	0.090909	0.090909	0.090909	0.090909	0.090909	0.090909	
0.000196	0.926762	0.064991	0.006676	0.000196	0.000196	0.000196	0.000196	0.000196	0.000196	0.000196	
0.000999	0.319680	0.550450	0.088911	0.033966	0.000999	0.000999	0.000999	0.000999	0.000999	0.000999	
0.004785	0.110048	0.425837	0.162679	0.057416	0.162679	0.057416	0.004785	0.004785	0.004785	0.004785	
0.010101	0.232323	0.232323	0.121212	0.010101	0.121212	0.232323	0.010101	0.010101	0.010101	0.010101	
0.011364	0.011364	0.011364	0.261364	0.386364	0.136364	0.136364	0.011364	0.011364	0.011364	0.011364	
0.012987	0.012987	0.012987	0.155844	0.012987	0.155844	0.155844	0.298701	0.012987	0.012987	0.155844	
0.018182	0.018182	0.018182	0.018182	0.218182	0.218182	0.018182	0.218182	0.018182	0.218182	0.018182	
0.090909	0.090909	0.090909	0.090909	0.090909	0.090909	0.090909	0.090909	0.090909	0.090909	0.090909	
0.045455	0.045455	0.045455	0.045455	0.045455	0.045455	0.045455	0.545455	0.045455	0.045455	0.045455	
0.030303	0.030303	0.030303	0.030303	0.030303	0.030303	0.363636	0.030303	0.030303	0.030303	0.363636	


Matrix B :

0.090909	0.090909	0.090909	0.090909	0.090909	0.090909	0.090909	0.090909	0.090909	0.090909	0.090909	
0.000188	0.347295	0.374155	0.148948	0.066304	0.029113	0.020849	0.008452	0.004320	0.000188	0.000188	
0.000937	0.052484	0.382381	0.330834	0.124649	0.052484	0.021556	0.011246	0.000937	0.000937	0.021556	
0.004545	0.004545	0.354545	0.404545	0.054545	0.054545	0.054545	0.054545	0.004545	0.004545	0.004545	
0.009091	0.009091	0.309091	0.409091	0.009091	0.209091	0.009091	0.009091	0.009091	0.009091	0.009091	
0.011364	0.011364	0.261364	0.386364	0.261364	0.011364	0.011364	0.011364	0.011364	0.011364	0.011364	
0.012987	0.012987	0.155844	0.298701	0.155844	0.298701	0.012987	0.012987	0.012987	0.012987	0.012987	
0.015152	0.015152	0.015152	0.015152	0.681818	0.181818	0.015152	0.015152	0.015152	0.015152	0.015152	
0.090909	0.090909	0.090909	0.090909	0.090909	0.090909	0.090909	0.090909	0.090909	0.090909	0.090909	
0.045455	0.045455	0.045455	0.045455	0.545455	0.045455	0.045455	0.045455	0.045455	0.045455	0.045455	
0.030303	0.030303	0.030303	0.030303	0.030303	0.363636	0.363636	0.030303	0.030303	0.030303	0.030303	


Vector Pi :

0.002933	0.680352	0.196481	0.035191	0.035191	0.002933	0.002933	0.035191	0.002933	0.002933	0.002933	


Vector Phi :

0.001642	0.760263	0.149425	0.031199	0.014778	0.013136	0.011494	0.008210	0.001642	0.003284	0.004926	
