
Parameters: 11 states AND 11 symbols

Matrix A :

0.090909	0.090909	0.090909	0.090909	0.090909	0.090909	0.090909	0.090909	0.090909	0.090909	0.090909	
0.000166	0.956291	0.025760	0.011135	0.003823	0.000166	0.000166	0.000166	0.001994	0.000166	0.000166	
0.002933	0.551320	0.325513	0.002933	0.035191	0.002933	0.035191	0.035191	0.002933	0.002933	0.002933	
0.007576	0.257576	0.174242	0.090909	0.174242	0.090909	0.090909	0.007576	0.007576	0.007576	0.090909	
0.015152	0.181818	0.348485	0.348485	0.015152	0.015152	0.015152	0.015152	0.015152	0.015152	0.015152	
0.045455	0.045455	0.545455	0.045455	0.045455	0.045455	0.045455	0.045455	0.045455	0.045455	0.045455	
0.030303	0.363636	0.030303	0.363636	0.030303	0.030303	0.030303	0.030303	0.030303	0.030303	0.030303	
0.045455	0.045455	0.545455	0.045455	0.045455	0.045455	0.045455	0.045455	0.045455	0.045455	0.045455	
0.045455	0.045455	0.045455	0.545455	0.045455	0.045455	0.045455	0.045455	0.045455	0.045455	0.045455	
0.090909	0.090909	0.090909	0.090909	0.090909	0.090909	0.090909	0.090909	0.090909	0.090909	0.090909	
0.045455	0.545455	0.045455	0.045455	0.045455	0.045455	0.045455	0.045455	0.045455	0.045455	0.045455	


Matrix B :

0.090909	0.090909	0.090909	0.090909	0.090909	0.090909	0.090909	0.090909	0.090909	0.090909	0.090909	
0.000158	0.187984	0.311462	0.262767	0.132332	0.047115	0.026245	0.014071	0.007115	0.005375	0.005375	
0.002841	0.002841	0.127841	0.221591	0.284091	0.190341	0.002841	0.002841	0.002841	0.096591	0.065341	
0.007576	0.090909	0.007576	0.257576	0.174242	0.174242	0.007576	0.090909	0.007576	0.007576	0.174242	
0.015152	0.015152	0.181818	0.348485	0.015152	0.015152	0.181818	0.015152	0.181818	0.015152	0.015152	
0.045455	0.045455	0.045455	0.045455	0.045455	0.045455	0.045455	0.045455	0.045455	0.545455	0.045455	
0.030303	0.030303	0.030303	0.363636	0.030303	0.030303	0.030303	0.363636	0.030303	0.030303	0.030303	
0.045455	0.045455	0.545455	0.045455	0.045455	0.045455	0.045455	0.045455	0.045455	0.045455	0.045455	
0.030303	0.030303	0.030303	0.696970	0.030303	0.030303	0.030303	0.030303	0.030303	0.030303	0.030303	
0.090909	0.090909	0.090909	0.090909	0.090909	0.090909	0.090909	0.090909	0.090909	0.090909	0.090909	
0.045455	0.045455	0.045455	0.545455	0.045455	0.045455	0.045455	0.045455	0.045455	0.045455	0.045455	


Vector Pi :

0.002933	0.906158	0.035191	0.002933	0.002933	0.002933	0.002933	0.002933	0.035191	0.002933	0.002933	


Vector Phi :

0.001642	0.898194	0.050903	0.019704	0.009852	0.003284	0.004926	0.003284	0.003284	0.001642	0.003284	
