
Parameters: 11 states AND 11 symbols

Matrix A :

0.090909	0.090909	0.090909	0.090909	0.090909	0.090909	0.090909	0.090909	0.090909	0.090909	0.090909	
0.000226	0.903211	0.074853	0.005201	0.005201	0.000226	0.000226	0.000226	0.002714	0.000226	0.007689	
0.001109	0.354767	0.391353	0.147450	0.025499	0.037694	0.013304	0.001109	0.025499	0.001109	0.001109	
0.002331	0.130536	0.361305	0.310023	0.104895	0.027972	0.027972	0.002331	0.002331	0.027972	0.002331	
0.004545	0.054545	0.104545	0.304545	0.354545	0.004545	0.054545	0.104545	0.004545	0.004545	0.004545	
0.009091	0.109091	0.109091	0.409091	0.009091	0.109091	0.109091	0.109091	0.009091	0.009091	0.009091	
0.006494	0.149351	0.149351	0.006494	0.149351	0.220779	0.220779	0.077922	0.006494	0.006494	0.006494	
0.015152	0.015152	0.015152	0.015152	0.181818	0.181818	0.348485	0.015152	0.181818	0.015152	0.015152	
0.009091	0.009091	0.009091	0.009091	0.109091	0.009091	0.109091	0.109091	0.409091	0.009091	0.209091	
0.015152	0.015152	0.015152	0.348485	0.015152	0.015152	0.181818	0.015152	0.181818	0.181818	0.015152	
0.006061	0.006061	0.006061	0.006061	0.006061	0.006061	0.139394	0.006061	0.006061	0.206061	0.606061	


Matrix B :

0.090909	0.090909	0.090909	0.090909	0.090909	0.090909	0.090909	0.090909	0.090909	0.090909	0.090909	
0.000215	0.282206	0.343817	0.175571	0.087893	0.054718	0.031021	0.023912	0.000215	0.000215	0.000215	
0.001070	0.036364	0.248128	0.248128	0.201070	0.059893	0.106952	0.048128	0.036364	0.012834	0.001070	
0.002217	0.026608	0.172949	0.294900	0.099778	0.221729	0.124169	0.050998	0.002217	0.002217	0.002217	
0.004132	0.004132	0.140496	0.140496	0.140496	0.140496	0.276860	0.049587	0.004132	0.004132	0.095041	
0.009091	0.009091	0.009091	0.209091	0.209091	0.309091	0.109091	0.009091	0.109091	0.009091	0.009091	
0.005682	0.005682	0.068182	0.255682	0.068182	0.130682	0.193182	0.005682	0.130682	0.005682	0.130682	
0.015152	0.015152	0.015152	0.015152	0.348485	0.181818	0.181818	0.181818	0.015152	0.015152	0.015152	
0.009091	0.009091	0.109091	0.009091	0.009091	0.209091	0.209091	0.109091	0.309091	0.009091	0.009091	
0.015152	0.015152	0.015152	0.515152	0.015152	0.348485	0.015152	0.015152	0.015152	0.015152	0.015152	
0.005682	0.005682	0.005682	0.005682	0.068182	0.318182	0.318182	0.068182	0.068182	0.068182	0.068182	


Vector Pi :

0.002933	0.648094	0.099707	0.067449	0.067449	0.002933	0.067449	0.002933	0.002933	0.002933	0.035191	


Vector Phi :

0.001653	0.664463	0.135537	0.064463	0.033058	0.016529	0.023140	0.009917	0.016529	0.009917	0.024793	
