
Parameters: 11 states AND 11 symbols

Matrix A :

0.090909	0.090909	0.090909	0.090909	0.090909	0.090909	0.090909	0.090909	0.090909	0.090909	0.090909	
0.000558	0.785834	0.153932	0.031233	0.012828	0.006693	0.000558	0.000558	0.006693	0.000558	0.000558	
0.000957	0.222010	0.548325	0.116746	0.053589	0.022010	0.000957	0.000957	0.000957	0.011483	0.022010	
0.002066	0.183884	0.206612	0.320248	0.070248	0.070248	0.092975	0.024793	0.024793	0.002066	0.002066	
0.003367	0.114478	0.188552	0.114478	0.151515	0.225589	0.077441	0.077441	0.040404	0.003367	0.003367	
0.003030	0.069697	0.003030	0.136364	0.103030	0.136364	0.303030	0.069697	0.036364	0.103030	0.036364	
0.002273	0.002273	0.052273	0.052273	0.152273	0.152273	0.252273	0.177273	0.077273	0.052273	0.027273	
0.002755	0.002755	0.002755	0.063361	0.093664	0.123967	0.245179	0.154270	0.184573	0.093664	0.033058	
0.002165	0.002165	0.002165	0.025974	0.002165	0.002165	0.049784	0.192641	0.573593	0.097403	0.049784	
0.001976	0.001976	0.001976	0.001976	0.001976	0.045455	0.088933	0.132411	0.088933	0.393281	0.241107	
0.001151	0.001151	0.001151	0.013809	0.001151	0.013809	0.001151	0.013809	0.001151	0.178366	0.773303	


Matrix B :

0.090909	0.090909	0.090909	0.090909	0.090909	0.090909	0.090909	0.090909	0.090909	0.090909	0.090909	
0.000519	0.486234	0.309091	0.103377	0.057662	0.040519	0.000519	0.000519	0.000519	0.000519	0.000519	
0.000928	0.276438	0.337662	0.174397	0.123377	0.072356	0.011132	0.000928	0.000928	0.000928	0.000928	
0.001934	0.108317	0.406190	0.172147	0.108317	0.129594	0.044487	0.023211	0.001934	0.001934	0.001934	
0.003367	0.003367	0.521886	0.151515	0.077441	0.114478	0.077441	0.040404	0.003367	0.003367	0.003367	
0.003030	0.103030	0.269697	0.303030	0.103030	0.136364	0.036364	0.036364	0.003030	0.003030	0.003030	
0.002165	0.025974	0.145022	0.287879	0.287879	0.097403	0.025974	0.073593	0.049784	0.002165	0.002165	
0.002597	0.002597	0.059740	0.174026	0.374026	0.202597	0.031169	0.059740	0.088312	0.002597	0.002597	
0.001976	0.001976	0.023715	0.067194	0.197628	0.154150	0.197628	0.067194	0.175889	0.110672	0.001976	
0.001976	0.023715	0.132411	0.088933	0.284585	0.132411	0.132411	0.088933	0.067194	0.045455	0.001976	
0.013143	0.001095	0.025192	0.097481	0.169770	0.217963	0.133625	0.157722	0.109529	0.049288	0.025192	


Vector Pi :

0.002933	0.390029	0.131965	0.099707	0.002933	0.002933	0.067449	0.067449	0.131965	0.002933	0.099707	


Vector Phi :

0.001679	0.263149	0.151156	0.072105	0.044609	0.050184	0.067378	0.056047	0.071093	0.080126	0.142476	
