
Parameters: 11 states AND 11 symbols

Matrix A :

0.045455	0.045455	0.045455	0.045455	0.045455	0.045455	0.045455	0.045455	0.545455	0.045455	0.045455	
0.000636	0.769866	0.105531	0.035601	0.021615	0.021615	0.007629	0.000636	0.007629	0.000636	0.028608	
0.001021	0.281920	0.517875	0.102145	0.034729	0.034729	0.001021	0.001021	0.012257	0.001021	0.012257	
0.001715	0.058319	0.303602	0.341338	0.171527	0.058319	0.020583	0.020583	0.020583	0.001715	0.001715	
0.002392	0.002392	0.055024	0.265550	0.291866	0.212919	0.107656	0.028708	0.002392	0.028708	0.002392	
0.002066	0.047521	0.070248	0.115702	0.183884	0.320248	0.092975	0.070248	0.047521	0.047521	0.002066	
0.002674	0.002674	0.061497	0.032086	0.002674	0.208556	0.355615	0.237968	0.032086	0.032086	0.032086	
0.002331	0.002331	0.079254	0.053613	0.002331	0.053613	0.181818	0.412587	0.130536	0.027972	0.053613	
0.003030	0.003030	0.003030	0.036364	0.003030	0.003030	0.036364	0.236364	0.303030	0.303030	0.069697	
0.022263	0.022263	0.022263	0.022263	0.022263	0.022263	0.022263	0.022263	0.124304	0.512059	0.185529	
0.001151	0.013809	0.001151	0.001151	0.026467	0.026467	0.026467	0.026467	0.026467	0.102417	0.747986	


Matrix B :

0.045455	0.045455	0.045455	0.545455	0.045455	0.045455	0.045455	0.045455	0.045455	0.045455	0.045455	
0.000623	0.377335	0.288294	0.226650	0.089664	0.000623	0.014321	0.000623	0.000623	0.000623	0.000623	
0.000967	0.117988	0.394584	0.288201	0.117988	0.043520	0.022244	0.011605	0.000967	0.000967	0.000967	
0.001595	0.141946	0.317384	0.334928	0.071770	0.054226	0.001595	0.071770	0.001595	0.001595	0.001595	
0.002331	0.053613	0.233100	0.310023	0.233100	0.053613	0.104895	0.002331	0.002331	0.002331	0.002331	
0.001934	0.001934	0.150870	0.363636	0.342360	0.065764	0.001934	0.065764	0.001934	0.001934	0.001934	
0.002597	0.031169	0.088312	0.202597	0.202597	0.231169	0.174026	0.002597	0.031169	0.031169	0.002597	
0.002273	0.002273	0.102273	0.402273	0.202273	0.002273	0.102273	0.102273	0.027273	0.002273	0.052273	
0.002674	0.002674	0.061497	0.473262	0.208556	0.149733	0.061497	0.002674	0.032086	0.002674	0.002674	
0.001684	0.020202	0.131313	0.112795	0.242424	0.186869	0.149832	0.020202	0.020202	0.057239	0.057239	
0.001109	0.013304	0.025499	0.135255	0.305987	0.110865	0.086475	0.074279	0.086475	0.074279	0.086475	


Vector Pi :

0.002933	0.099707	0.164223	0.131965	0.035191	0.099707	0.035191	0.002933	0.131965	0.196481	0.099707	


Vector Phi :

0.003256	0.239061	0.149161	0.088710	0.063395	0.073679	0.057336	0.067868	0.049834	0.077981	0.129718	
