
Parameters: 11 states AND 11 symbols

Matrix A :

0.0909091	0.0909091	0.0909091	0.0909091	0.0909091	0.0909091	0.0909091	0.0909091	0.0909091	0.0909091	0.0909091	
9.80681e-05	0.942924	0.051878	0.00333431	0.00117682	9.80681e-05	9.80681e-05	9.80681e-05	9.80681e-05	9.80681e-05	9.80681e-05	
0.000561167	0.30303	0.568462	0.117845	0.000561167	0.00673401	0.000561167	0.000561167	0.000561167	0.000561167	0.000561167	
0.00162338	0.0194805	0.323052	0.465909	0.144481	0.0194805	0.0194805	0.00162338	0.00162338	0.00162338	0.00162338	
0.00284091	0.0653409	0.0653409	0.190341	0.534091	0.0965909	0.0340909	0.00284091	0.00284091	0.00284091	0.00284091	
0.00826446	0.00826446	0.00826446	0.0991736	0.371901	0.371901	0.0991736	0.00826446	0.00826446	0.00826446	0.00826446	
0.0151515	0.0151515	0.181818	0.0151515	0.181818	0.181818	0.181818	0.0151515	0.181818	0.0151515	0.0151515	
0.0909091	0.0909091	0.0909091	0.0909091	0.0909091	0.0909091	0.0909091	0.0909091	0.0909091	0.0909091	0.0909091	
0.030303	0.030303	0.030303	0.030303	0.030303	0.030303	0.363636	0.030303	0.363636	0.030303	0.030303	
0.0454545	0.0454545	0.0454545	0.0454545	0.0454545	0.0454545	0.0454545	0.0454545	0.0454545	0.0454545	0.545455	
0.0227273	0.0227273	0.0227273	0.0227273	0.0227273	0.0227273	0.272727	0.0227273	0.0227273	0.0227273	0.522727	


Matrix B :

0.0909091	0.0909091	0.0909091	0.0909091	0.0909091	0.0909091	0.0909091	0.0909091	0.0909091	0.0909091	0.0909091	
9.37207e-05	0.360918	0.386692	0.179475	0.0464855	0.0186504	0.00421743	0.00112465	0.00215558	9.37207e-05	9.37207e-05	
0.000522466	0.0407524	0.34535	0.402821	0.138454	0.0350052	0.0177638	0.0120167	0.000522466	0.00626959	0.000522466	
0.0015674	0.0015674	0.191223	0.415361	0.294671	0.0360502	0.0015674	0.0188088	0.0015674	0.0188088	0.0188088	
0.00275482	0.00275482	0.184573	0.15427	0.305785	0.245179	0.0936639	0.00275482	0.00275482	0.00275482	0.00275482	
0.00757576	0.00757576	0.507576	0.0909091	0.340909	0.00757576	0.00757576	0.00757576	0.00757576	0.00757576	0.00757576	
0.012987	0.155844	0.012987	0.155844	0.155844	0.298701	0.155844	0.012987	0.012987	0.012987	0.012987	
0.0909091	0.0909091	0.0909091	0.0909091	0.0909091	0.0909091	0.0909091	0.0909091	0.0909091	0.0909091	0.0909091	
0.030303	0.030303	0.030303	0.030303	0.363636	0.363636	0.030303	0.030303	0.030303	0.030303	0.030303	
0.0454545	0.0454545	0.0454545	0.545455	0.0454545	0.0454545	0.0454545	0.0454545	0.0454545	0.0454545	0.0454545	
0.0227273	0.0227273	0.272727	0.522727	0.0227273	0.0227273	0.0227273	0.0227273	0.0227273	0.0227273	0.0227273	


Vector Pi :

0.00149031	0.706408	0.198212	0.0342772	0.0178838	0.0178838	0.00149031	0.00149031	0.00149031	0.0178838	0.00149031	


Vector Phi :

0.000770227	0.769903	0.134703	0.0465212	0.0267782	0.00924855	0.00565512	0.000770227	0.00256912	0.000770227	0.00231068	
