
Parameters: 11 states AND 11 symbols

Matrix A :

0.090909	0.090909	0.090909	0.090909	0.090909	0.090909	0.090909	0.090909	0.090909	0.090909	0.090909	
0.000631	0.611742	0.292298	0.070076	0.014520	0.007576	0.000631	0.000631	0.000631	0.000631	0.000631	
0.000727	0.352727	0.368727	0.192727	0.056727	0.024727	0.000727	0.000727	0.000727	0.000727	0.000727	
0.000988	0.098814	0.250988	0.337945	0.229249	0.077075	0.000988	0.000988	0.000988	0.000988	0.000988	
0.001280	0.043534	0.113956	0.282971	0.282971	0.184379	0.057618	0.029449	0.001280	0.001280	0.001280	
0.001684	0.001684	0.075758	0.094276	0.242424	0.279461	0.168350	0.094276	0.038721	0.001684	0.001684	
0.002273	0.002273	0.002273	0.027273	0.152273	0.252273	0.352273	0.177273	0.027273	0.002273	0.002273	
0.003367	0.003367	0.003367	0.003367	0.040404	0.114478	0.299663	0.077441	0.225589	0.188552	0.040404	
0.003953	0.003953	0.003953	0.003953	0.003953	0.047431	0.134387	0.351779	0.264822	0.134387	0.047431	
0.005348	0.005348	0.005348	0.005348	0.005348	0.005348	0.064171	0.122995	0.417112	0.240642	0.122995	
0.008264	0.008264	0.008264	0.008264	0.008264	0.008264	0.008264	0.008264	0.008264	0.371901	0.553719	


Matrix B :

0.090909	0.090909	0.090909	0.090909	0.090909	0.090909	0.090909	0.090909	0.090909	0.090909	0.090909	
0.000587	0.271554	0.278006	0.207038	0.155425	0.032845	0.013490	0.000587	0.019941	0.013490	0.007038	
0.000705	0.326286	0.303030	0.256519	0.039464	0.016209	0.023961	0.008457	0.016209	0.000705	0.008457	
0.000928	0.276438	0.460111	0.143785	0.031540	0.041744	0.021336	0.021336	0.000928	0.000928	0.000928	
0.001263	0.181818	0.251263	0.473485	0.042929	0.042929	0.001263	0.001263	0.001263	0.001263	0.001263	
0.001653	0.019835	0.528926	0.274380	0.074380	0.092562	0.001653	0.001653	0.001653	0.001653	0.001653	
0.002273	0.002273	0.402273	0.427273	0.127273	0.027273	0.002273	0.002273	0.002273	0.002273	0.002273	
0.003367	0.003367	0.151515	0.595960	0.077441	0.077441	0.077441	0.003367	0.003367	0.003367	0.003367	
0.003953	0.003953	0.134387	0.351779	0.351779	0.047431	0.003953	0.047431	0.047431	0.003953	0.003953	
0.005348	0.005348	0.122995	0.475936	0.181818	0.064171	0.064171	0.064171	0.005348	0.005348	0.005348	
0.007576	0.007576	0.174242	0.424242	0.007576	0.090909	0.090909	0.090909	0.090909	0.007576	0.007576	


Vector Pi :

0.003636	0.403636	0.203636	0.243636	0.043636	0.043636	0.003636	0.003636	0.003636	0.003636	0.043636	


Vector Phi :

0.001651	0.240745	0.205056	0.151751	0.117084	0.089060	0.065978	0.044538	0.037943	0.028047	0.018149	
