
Parameters: 11 states AND 11 symbols

Matrix A :

0.0909091	0.0909091	0.0909091	0.0909091	0.0909091	0.0909091	0.0909091	0.0909091	0.0909091	0.0909091	0.0909091	
0.000121862	0.93846	0.0591031	0.000121862	0.000121862	0.00146234	0.000121862	0.000121862	0.000121862	0.000121862	0.000121862	
0.000488759	0.237048	0.608016	0.113392	0.0273705	0.0112414	0.000488759	0.000488759	0.000488759	0.000488759	0.000488759	
0.000857633	0.0102916	0.236707	0.604631	0.123499	0.0197256	0.000857633	0.000857633	0.000857633	0.000857633	0.000857633	
0.00135685	0.00135685	0.046133	0.270014	0.50882	0.105834	0.0312076	0.0162822	0.0162822	0.00135685	0.00135685	
0.00275482	0.00275482	0.00275482	0.0633609	0.366391	0.245179	0.184573	0.0330579	0.00275482	0.0936639	0.00275482	
0.004329	0.004329	0.004329	0.004329	0.0995671	0.385281	0.290043	0.194805	0.004329	0.004329	0.004329	
0.00606061	0.00606061	0.00606061	0.00606061	0.00606061	0.00606061	0.406061	0.272727	0.206061	0.0727273	0.00606061	
0.00699301	0.00699301	0.00699301	0.00699301	0.00699301	0.314685	0.00699301	0.314685	0.237762	0.00699301	0.0839161	
0.012987	0.012987	0.012987	0.012987	0.012987	0.012987	0.012987	0.012987	0.298701	0.298701	0.298701	
0.0181818	0.0181818	0.0181818	0.0181818	0.0181818	0.0181818	0.0181818	0.0181818	0.618182	0.0181818	0.218182	


Matrix B :

0.0909091	0.0909091	0.0909091	0.0909091	0.0909091	0.0909091	0.0909091	0.0909091	0.0909091	0.0909091	0.0909091	
0.000116401	0.220347	0.29205	0.181935	0.124316	0.0756606	0.048772	0.0372483	0.0103597	0.00651845	0.00267722	
0.0004662	0.020979	0.226107	0.267133	0.154312	0.118415	0.0825175	0.0825175	0.04662	0.0004662	0.0004662	
0.000819001	0.027846	0.0728911	0.162981	0.226044	0.217035	0.126945	0.0909091	0.0728911	0.000819001	0.000819001	
0.00126263	0.0151515	0.0707071	0.112374	0.15404	0.209596	0.167929	0.181818	0.0707071	0.0151515	0.00126263	
0.00252525	0.00252525	0.030303	0.169192	0.0580808	0.113636	0.19697	0.113636	0.19697	0.0858586	0.030303	
0.00413223	0.00413223	0.00413223	0.0495868	0.322314	0.0495868	0.231405	0.00413223	0.18595	0.140496	0.00413223	
0.00568182	0.00568182	0.00568182	0.0681818	0.0681818	0.193182	0.255682	0.193182	0.193182	0.00568182	0.00568182	
0.00649351	0.00649351	0.00649351	0.00649351	0.149351	0.00649351	0.292208	0.292208	0.00649351	0.149351	0.0779221	
0.012987	0.012987	0.012987	0.012987	0.155844	0.012987	0.155844	0.155844	0.155844	0.012987	0.298701	
0.0181818	0.0181818	0.0181818	0.0181818	0.0181818	0.218182	0.0181818	0.218182	0.0181818	0.0181818	0.418182	


Vector Pi :

0.00149031	0.575261	0.149031	0.0834575	0.0834575	0.0506706	0.0178838	0.0178838	0.0178838	0.00149031	0.00149031	


Vector Phi :

0.000834076	0.621474	0.155009	0.0883821	0.0558786	0.027527	0.0175209	0.0125158	0.010847	0.00583993	0.00417168	
