
Parameters: 11 states AND 11 symbols

Matrix A :

0.090909	0.090909	0.090909	0.090909	0.090909	0.090909	0.090909	0.090909	0.090909	0.090909	0.090909	
0.000332	0.810551	0.171865	0.011281	0.003981	0.000332	0.000332	0.000332	0.000332	0.000332	0.000332	
0.000561	0.303030	0.537598	0.148709	0.006734	0.000561	0.000561	0.000561	0.000561	0.000561	0.000561	
0.001122	0.025814	0.297419	0.507295	0.136925	0.025814	0.001122	0.001122	0.001122	0.001122	0.001122	
0.002457	0.002457	0.083538	0.272727	0.434889	0.164619	0.029484	0.002457	0.002457	0.002457	0.002457	
0.003953	0.003953	0.003953	0.090909	0.264822	0.438735	0.177866	0.003953	0.003953	0.003953	0.003953	
0.009091	0.009091	0.009091	0.009091	0.109091	0.409091	0.209091	0.109091	0.009091	0.109091	0.009091	
0.018182	0.018182	0.018182	0.018182	0.018182	0.018182	0.018182	0.618182	0.218182	0.018182	0.018182	
0.018182	0.018182	0.018182	0.018182	0.018182	0.018182	0.218182	0.018182	0.618182	0.018182	0.018182	
0.030303	0.030303	0.030303	0.030303	0.030303	0.030303	0.363636	0.030303	0.030303	0.030303	0.363636	
0.022727	0.022727	0.022727	0.022727	0.022727	0.022727	0.022727	0.022727	0.022727	0.272727	0.522727	


Matrix B :

0.090909	0.090909	0.090909	0.090909	0.090909	0.090909	0.090909	0.090909	0.090909	0.090909	0.090909	
0.000320	0.377081	0.306658	0.165813	0.070743	0.039052	0.007362	0.014405	0.003841	0.007362	0.007362	
0.000538	0.130715	0.438408	0.213556	0.118881	0.059710	0.024207	0.006455	0.006455	0.000538	0.000538	
0.001082	0.001082	0.286797	0.346320	0.179654	0.072511	0.048701	0.060606	0.001082	0.001082	0.001082	
0.002273	0.002273	0.002273	0.377273	0.277273	0.177273	0.027273	0.077273	0.052273	0.002273	0.002273	
0.003788	0.003788	0.003788	0.170455	0.212121	0.087121	0.253788	0.212121	0.045455	0.003788	0.003788	
0.009091	0.009091	0.009091	0.009091	0.009091	0.409091	0.309091	0.109091	0.109091	0.009091	0.009091	
0.018182	0.018182	0.018182	0.018182	0.018182	0.018182	0.218182	0.218182	0.018182	0.418182	0.018182	
0.018182	0.018182	0.018182	0.018182	0.018182	0.618182	0.218182	0.018182	0.018182	0.018182	0.018182	
0.030303	0.030303	0.030303	0.030303	0.030303	0.030303	0.030303	0.696970	0.030303	0.030303	0.030303	
0.022727	0.022727	0.022727	0.022727	0.022727	0.022727	0.022727	0.022727	0.772727	0.022727	0.022727	


Vector Pi :

0.003636	0.403636	0.283636	0.123636	0.123636	0.043636	0.003636	0.003636	0.003636	0.003636	0.003636	


Vector Phi :

0.001653	0.452892	0.267768	0.133884	0.061157	0.038017	0.016529	0.008265	0.008265	0.004959	0.006612	
