
Parameters: 11 states AND 11 symbols

Matrix A :

0.090909	0.090909	0.090909	0.090909	0.090909	0.090909	0.090909	0.090909	0.090909	0.090909	0.090909	
0.000186	0.899776	0.069858	0.008383	0.004285	0.004285	0.002235	0.004285	0.002235	0.000186	0.004285	
0.001377	0.516529	0.274105	0.077135	0.092287	0.001377	0.001377	0.001377	0.016529	0.016529	0.001377	
0.004545	0.254545	0.454545	0.104545	0.104545	0.004545	0.054545	0.004545	0.004545	0.004545	0.004545	
0.007576	0.174242	0.174242	0.257576	0.007576	0.174242	0.090909	0.007576	0.090909	0.007576	0.007576	
0.018182	0.218182	0.218182	0.418182	0.018182	0.018182	0.018182	0.018182	0.018182	0.018182	0.018182	
0.018182	0.818182	0.018182	0.018182	0.018182	0.018182	0.018182	0.018182	0.018182	0.018182	0.018182	
0.030303	0.030303	0.030303	0.030303	0.363636	0.030303	0.363636	0.030303	0.030303	0.030303	0.030303	
0.022727	0.522727	0.022727	0.272727	0.022727	0.022727	0.022727	0.022727	0.022727	0.022727	0.022727	
0.045455	0.045455	0.545455	0.045455	0.045455	0.045455	0.045455	0.045455	0.045455	0.045455	0.045455	
0.030303	0.363636	0.030303	0.363636	0.030303	0.030303	0.030303	0.030303	0.030303	0.030303	0.030303	


Matrix B :

0.090909	0.090909	0.090909	0.090909	0.090909	0.090909	0.090909	0.090909	0.090909	0.090909	0.090909	
0.000179	0.363636	0.375424	0.151456	0.078764	0.019825	0.006073	0.004108	0.000179	0.000179	0.000179	
0.001318	0.044796	0.436100	0.247694	0.088274	0.059289	0.059289	0.015810	0.015810	0.015810	0.015810	
0.004132	0.004132	0.458678	0.185950	0.185950	0.049587	0.004132	0.004132	0.004132	0.004132	0.095041	
0.006494	0.006494	0.292208	0.077922	0.435065	0.006494	0.006494	0.006494	0.006494	0.006494	0.149351	
0.018182	0.018182	0.418182	0.218182	0.218182	0.018182	0.018182	0.018182	0.018182	0.018182	0.018182	
0.018182	0.018182	0.218182	0.418182	0.018182	0.018182	0.018182	0.018182	0.018182	0.218182	0.018182	
0.030303	0.030303	0.030303	0.363636	0.363636	0.030303	0.030303	0.030303	0.030303	0.030303	0.030303	
0.018182	0.018182	0.018182	0.018182	0.618182	0.218182	0.018182	0.018182	0.018182	0.018182	0.018182	
0.045455	0.045455	0.045455	0.045455	0.545455	0.045455	0.045455	0.045455	0.045455	0.045455	0.045455	
0.022727	0.022727	0.522727	0.022727	0.272727	0.022727	0.022727	0.022727	0.022727	0.022727	0.022727	


Vector Pi :

0.002933	0.648094	0.099707	0.099707	0.067449	0.002933	0.002933	0.002933	0.035191	0.002933	0.035191	


Vector Phi :

0.001621	0.805014	0.107333	0.030811	0.019399	0.008153	0.008068	0.004920	0.006513	0.003247	0.004920	
