
Parameters: 11 states AND 11 symbols

Matrix A :

0.0909091	0.0909091	0.0909091	0.0909091	0.0909091	0.0909091	0.0909091	0.0909091	0.0909091	0.0909091	0.0909091	
0.000201126	0.794449	0.183829	0.0179002	0.00241352	0.000201126	0.000201126	0.000201126	0.000201126	0.000201126	0.000201126	
0.000273823	0.241238	0.563527	0.171961	0.0183461	0.00328587	0.000273823	0.000273823	0.000273823	0.000273823	0.000273823	
0.000450045	0.0549055	0.262826	0.505401	0.153915	0.020252	0.000450045	0.000450045	0.000450045	0.000450045	0.000450045	
0.000967118	0.0116054	0.0541586	0.309478	0.373308	0.181818	0.0541586	0.0116054	0.000967118	0.000967118	0.000967118	
0.00154083	0.00154083	0.0523883	0.0693374	0.289676	0.42527	0.120185	0.0354391	0.00154083	0.00154083	0.00154083	
0.0031348	0.0031348	0.0031348	0.0376176	0.106583	0.31348	0.278997	0.210031	0.0376176	0.0031348	0.0031348	
0.00534759	0.00534759	0.00534759	0.00534759	0.00534759	0.0641711	0.417112	0.240642	0.181818	0.00534759	0.0641711	
0.00909091	0.00909091	0.00909091	0.00909091	0.00909091	0.109091	0.109091	0.309091	0.109091	0.309091	0.00909091	
0.0181818	0.0181818	0.0181818	0.0181818	0.0181818	0.0181818	0.0181818	0.0181818	0.618182	0.218182	0.0181818	
0.0227273	0.0227273	0.0227273	0.0227273	0.0227273	0.0227273	0.0227273	0.0227273	0.272727	0.0227273	0.522727	


Matrix B :

0.0909091	0.0909091	0.0909091	0.0909091	0.0909091	0.0909091	0.0909091	0.0909091	0.0909091	0.0909091	0.0909091	
0.000192604	0.517142	0.362481	0.0912943	0.0150231	0.00231125	0.00866718	0.000192604	0.000192604	0.00231125	0.000192604	
0.000259	0.185444	0.595701	0.165501	0.037296	0.00880601	0.000259	0.000259	0.003108	0.000259	0.003108	
0.0004329	0.0242424	0.414719	0.419481	0.109957	0.0242424	0.0004329	0.0004329	0.00519481	0.0004329	0.0004329	
0.000891266	0.000891266	0.275401	0.226381	0.334225	0.0891266	0.040107	0.000891266	0.000891266	0.0106952	0.0204991	
0.001443	0.017316	0.017316	0.334776	0.207792	0.287157	0.0808081	0.049062	0.001443	0.001443	0.001443	
0.0031348	0.0031348	0.141066	0.141066	0.31348	0.210031	0.0721003	0.106583	0.0031348	0.0031348	0.0031348	
0.00534759	0.00534759	0.00534759	0.299465	0.358289	0.181818	0.0641711	0.0641711	0.00534759	0.00534759	0.00534759	
0.00909091	0.00909091	0.109091	0.309091	0.109091	0.109091	0.309091	0.00909091	0.00909091	0.00909091	0.00909091	
0.0151515	0.0151515	0.0151515	0.181818	0.0151515	0.0151515	0.681818	0.0151515	0.0151515	0.0151515	0.0151515	
0.0227273	0.0227273	0.0227273	0.272727	0.272727	0.272727	0.0227273	0.0227273	0.0227273	0.0227273	0.0227273	


Vector Pi :

0.00149031	0.329359	0.312966	0.132638	0.132638	0.0670641	0.00149031	0.00149031	0.00149031	0.0178838	0.00149031	


Vector Phi :

0.000829878	0.375103	0.275519	0.167635	0.0780084	0.0489628	0.0240665	0.0141079	0.0082988	0.0041494	0.00331952	
