
Parameters: 11 states AND 11 symbols

Matrix A :

0.0454545	0.0454545	0.0454545	0.0454545	0.0454545	0.0454545	0.0454545	0.0454545	0.0454545	0.545455	0.0454545	
9.47957e-05	0.962556	0.0355484	9.47957e-05	9.47957e-05	0.00113755	9.47957e-05	9.47957e-05	9.47957e-05	9.47957e-05	9.47957e-05	
0.000547645	0.211391	0.705367	0.0728368	0.00657174	0.000547645	0.000547645	0.000547645	0.000547645	0.000547645	0.000547645	
0.00252525	0.00252525	0.335859	0.530303	0.0858586	0.00252525	0.030303	0.00252525	0.00252525	0.00252525	0.00252525	
0.00757576	0.00757576	0.0909091	0.257576	0.340909	0.174242	0.0909091	0.00757576	0.00757576	0.00757576	0.00757576	
0.00909091	0.00909091	0.00909091	0.00909091	0.309091	0.409091	0.109091	0.00909091	0.00909091	0.00909091	0.109091	
0.012987	0.012987	0.012987	0.155844	0.012987	0.298701	0.155844	0.155844	0.012987	0.155844	0.012987	
0.0227273	0.0227273	0.272727	0.0227273	0.0227273	0.0227273	0.272727	0.272727	0.0227273	0.0227273	0.0227273	
0.0909091	0.0909091	0.0909091	0.0909091	0.0909091	0.0909091	0.0909091	0.0909091	0.0909091	0.0909091	0.0909091	
0.0227273	0.0227273	0.0227273	0.0227273	0.0227273	0.0227273	0.272727	0.272727	0.0227273	0.0227273	0.272727	
0.272727	0.0227273	0.0227273	0.0227273	0.0227273	0.0227273	0.0227273	0.0227273	0.0227273	0.272727	0.272727	


Matrix B :

0.0454545	0.0454545	0.0454545	0.0454545	0.0454545	0.545455	0.0454545	0.0454545	0.0454545	0.0454545	0.0454545	
8.98311e-05	0.174991	0.328153	0.219457	0.0998922	0.0850701	0.035663	0.0297341	0.014912	0.00503054	0.00700683	
0.000537924	0.0182894	0.18397	0.243141	0.219473	0.118881	0.0892953	0.0715438	0.00645508	0.0301237	0.0182894	
0.00239234	0.00239234	0.0813397	0.212919	0.26555	0.160287	0.26555	0.00239234	0.00239234	0.00239234	0.00239234	
0.00757576	0.00757576	0.0909091	0.0909091	0.257576	0.257576	0.174242	0.0909091	0.00757576	0.00757576	0.00757576	
0.00826446	0.00826446	0.280992	0.00826446	0.0991736	0.371901	0.190083	0.00826446	0.00826446	0.00826446	0.00826446	
0.0113636	0.0113636	0.136364	0.136364	0.261364	0.386364	0.0113636	0.0113636	0.0113636	0.0113636	0.0113636	
0.0227273	0.0227273	0.0227273	0.272727	0.522727	0.0227273	0.0227273	0.0227273	0.0227273	0.0227273	0.0227273	
0.0909091	0.0909091	0.0909091	0.0909091	0.0909091	0.0909091	0.0909091	0.0909091	0.0909091	0.0909091	0.0909091	
0.0227273	0.0227273	0.0227273	0.272727	0.272727	0.0227273	0.272727	0.0227273	0.0227273	0.0227273	0.0227273	
0.0227273	0.0227273	0.0227273	0.272727	0.272727	0.272727	0.0227273	0.0227273	0.0227273	0.0227273	0.0227273	


Vector Pi :

0.00149031	0.870343	0.0506706	0.0342772	0.00149031	0.0178838	0.0178838	0.00149031	0.00149031	0.00149031	0.00149031	


Vector Phi :

0.00165984	0.795847	0.137761	0.0298763	0.00995892	0.00829914	0.00580944	0.0033197	0.000829914	0.0033197	0.0033197	
