
Parameters: 11 states AND 11 symbols

Matrix A :

0.0454545	0.0454545	0.0454545	0.0454545	0.0454545	0.0454545	0.0454545	0.0454545	0.0454545	0.545455	0.0454545	
0.000202922	0.776989	0.196631	0.0225244	0.00243506	0.000202922	0.000202922	0.000202922	0.000202922	0.000202922	0.000202922	
0.000272183	0.266739	0.560152	0.146979	0.0182363	0.00626021	0.000272183	0.000272183	0.000272183	0.000272183	0.000272183	
0.000519481	0.0519481	0.309091	0.469091	0.137662	0.0290909	0.000519481	0.000519481	0.000519481	0.000519481	0.000519481	
0.000977517	0.0117302	0.0439883	0.302053	0.441838	0.140762	0.0332356	0.0224829	0.000977517	0.000977517	0.000977517	
0.00149031	0.00149031	0.00149031	0.0834575	0.263785	0.411326	0.181818	0.0342772	0.0178838	0.00149031	0.00149031	
0.002457	0.002457	0.002457	0.002457	0.110565	0.380835	0.299754	0.191646	0.002457	0.002457	0.002457	
0.00378788	0.00378788	0.00378788	0.00378788	0.00378788	0.0454545	0.337121	0.378788	0.0871212	0.0871212	0.0454545	
0.00649351	0.00649351	0.00649351	0.00649351	0.00649351	0.00649351	0.149351	0.149351	0.506494	0.0779221	0.0779221	
0.012987	0.012987	0.012987	0.012987	0.012987	0.012987	0.155844	0.155844	0.298701	0.155844	0.155844	
0.218182	0.0181818	0.0181818	0.0181818	0.0181818	0.0181818	0.0181818	0.0181818	0.218182	0.218182	0.218182	


Matrix B :

0.0454545	0.0454545	0.0454545	0.0454545	0.0454545	0.0454545	0.0454545	0.0454545	0.0454545	0.0454545	0.545455	
0.000193836	0.256057	0.317891	0.20062	0.125993	0.0513665	0.0321768	0.012987	0.00232603	0.000193836	0.000193836	
0.000256082	0.0227913	0.338284	0.290397	0.174904	0.0932138	0.0368758	0.031242	0.0115237	0.000256082	0.000256082	
0.000494071	0.000494071	0.0928854	0.418972	0.250494	0.103755	0.0711462	0.0548419	0.00592885	0.000494071	0.000494071	
0.000918274	0.000918274	0.000918274	0.202938	0.425161	0.253444	0.0413223	0.0413223	0.0312213	0.000918274	0.000918274	
0.00149031	0.00149031	0.00149031	0.0506706	0.378539	0.394933	0.0834575	0.0178838	0.0506706	0.0178838	0.00149031	
0.002331	0.002331	0.002331	0.002331	0.258741	0.386946	0.130536	0.0792541	0.0536131	0.002331	0.0792541	
0.00378788	0.00378788	0.00378788	0.00378788	0.00378788	0.462121	0.337121	0.0454545	0.0454545	0.0454545	0.0454545	
0.00606061	0.00606061	0.00606061	0.00606061	0.00606061	0.00606061	0.539394	0.0727273	0.0727273	0.272727	0.00606061	
0.012987	0.012987	0.012987	0.012987	0.012987	0.012987	0.012987	0.441558	0.298701	0.012987	0.155844	
0.0181818	0.0181818	0.0181818	0.0181818	0.0181818	0.0181818	0.0181818	0.218182	0.618182	0.0181818	0.0181818	


Vector Pi :

0.00149031	0.345753	0.345753	0.149031	0.099851	0.00149031	0.0342772	0.00149031	0.0178838	0.00149031	0.00149031	


Vector Phi :

0.00166681	0.373325	0.278329	0.145834	0.0775022	0.0508361	0.0308358	0.0200017	0.0116679	0.00583391	0.00416708	
