
Parameters: 11 states AND 11 symbols

Matrix A :

0.090909	0.090909	0.090909	0.090909	0.090909	0.090909	0.090909	0.090909	0.090909	0.090909	0.090909	
0.000561	0.494388	0.309203	0.124018	0.049944	0.012907	0.000561	0.000561	0.006734	0.000561	0.000561	
0.000668	0.368316	0.280080	0.235963	0.074198	0.022727	0.015374	0.000668	0.000668	0.000668	0.000668	
0.000826	0.173554	0.319008	0.282645	0.100826	0.082645	0.037190	0.000826	0.000826	0.000826	0.000826	
0.001894	0.126894	0.189394	0.314394	0.231061	0.043561	0.064394	0.001894	0.022727	0.001894	0.001894	
0.004132	0.185950	0.095041	0.322314	0.095041	0.049587	0.140496	0.095041	0.004132	0.004132	0.004132	
0.006494	0.077922	0.077922	0.149351	0.363636	0.149351	0.006494	0.077922	0.006494	0.077922	0.006494	
0.012987	0.012987	0.012987	0.298701	0.012987	0.298701	0.012987	0.298701	0.012987	0.012987	0.012987	
0.030303	0.030303	0.030303	0.030303	0.030303	0.030303	0.030303	0.030303	0.030303	0.030303	0.696970	
0.045455	0.045455	0.045455	0.045455	0.045455	0.045455	0.545455	0.045455	0.045455	0.045455	0.045455	
0.022727	0.022727	0.022727	0.022727	0.022727	0.022727	0.272727	0.272727	0.022727	0.022727	0.272727	


Matrix B :

0.090909	0.090909	0.090909	0.090909	0.090909	0.090909	0.090909	0.090909	0.090909	0.090909	0.090909	
0.000535	0.271123	0.529947	0.171123	0.024064	0.000535	0.000535	0.000535	0.000535	0.000535	0.000535	
0.000640	0.000640	0.395006	0.465429	0.127401	0.007682	0.000640	0.000640	0.000640	0.000640	0.000640	
0.000797	0.000797	0.035885	0.316587	0.492026	0.123604	0.027113	0.000797	0.000797	0.000797	0.000797	
0.001855	0.001855	0.001855	0.063080	0.287570	0.430427	0.185529	0.022263	0.001855	0.001855	0.001855	
0.004132	0.004132	0.004132	0.004132	0.322314	0.322314	0.231405	0.095041	0.004132	0.004132	0.004132	
0.006061	0.006061	0.006061	0.006061	0.006061	0.206061	0.339394	0.206061	0.206061	0.006061	0.006061	
0.012987	0.012987	0.012987	0.012987	0.012987	0.012987	0.441558	0.155844	0.298701	0.012987	0.012987	
0.030303	0.030303	0.030303	0.030303	0.030303	0.030303	0.030303	0.363636	0.363636	0.030303	0.030303	
0.045455	0.045455	0.045455	0.045455	0.045455	0.045455	0.045455	0.045455	0.045455	0.045455	0.545455	
0.022727	0.022727	0.022727	0.022727	0.022727	0.022727	0.022727	0.022727	0.022727	0.022727	0.772727	


Vector Pi :

0.004329	0.432900	0.290043	0.194805	0.051948	0.004329	0.004329	0.004329	0.004329	0.004329	0.004329	


Vector Phi :

0.002000	0.314613	0.266306	0.216407	0.095157	0.043694	0.029735	0.014110	0.005924	0.004123	0.007932	
