
Parameters: 11 states AND 11 symbols

Matrix A :

0.0909091	0.0909091	0.0909091	0.0909091	0.0909091	0.0909091	0.0909091	0.0909091	0.0909091	0.0909091	0.0909091	
0.000372578	0.647914	0.291356	0.0536513	0.00447094	0.000372578	0.000372578	0.000372578	0.000372578	0.000372578	0.000372578	
0.000426803	0.310286	0.357234	0.235169	0.0849338	0.00981647	0.000426803	0.000426803	0.000426803	0.000426803	0.000426803	
0.000426803	0.0708493	0.235169	0.465216	0.211694	0.0145113	0.000426803	0.000426803	0.000426803	0.000426803	0.000426803	
0.000513611	0.0174628	0.0852594	0.249101	0.390344	0.181305	0.0739599	0.000513611	0.000513611	0.000513611	0.000513611	
0.000841751	0.000841751	0.000841751	0.0563973	0.297138	0.408249	0.213805	0.0193603	0.000841751	0.000841751	0.000841751	
0.000790514	0.000790514	0.000790514	0.000790514	0.087747	0.192095	0.513834	0.148617	0.0529644	0.000790514	0.000790514	
0.00171527	0.00171527	0.00171527	0.00171527	0.0205832	0.0960549	0.284734	0.379074	0.190395	0.0205832	0.00171527	
0.002331	0.002331	0.002331	0.002331	0.002331	0.002331	0.104895	0.310023	0.361305	0.156177	0.0536131	
0.00454545	0.00454545	0.00454545	0.00454545	0.00454545	0.00454545	0.00454545	0.0545455	0.354545	0.404545	0.154545	
0.00534759	0.00534759	0.00534759	0.00534759	0.00534759	0.00534759	0.00534759	0.00534759	0.0641711	0.240642	0.652406	


Matrix B :

0.0909091	0.0909091	0.0909091	0.0909091	0.0909091	0.0909091	0.0909091	0.0909091	0.0909091	0.0909091	0.0909091	
0.000352361	0.225159	0.221283	0.170895	0.163143	0.0856237	0.05074	0.0197322	0.0274841	0.0236082	0.0119803	
0.000402253	0.0977474	0.376508	0.190668	0.124296	0.0756235	0.0358005	0.0181014	0.0313757	0.0402253	0.00925181	
0.000407664	0.00489197	0.350183	0.238076	0.121484	0.117	0.0721565	0.0273135	0.0228292	0.0317978	0.0138606	
0.000486145	0.000486145	0.128828	0.358775	0.198347	0.0967428	0.0860476	0.0593097	0.0218765	0.0165289	0.0325717	
0.000804505	0.000804505	0.0450523	0.29284	0.399035	0.0804505	0.0804505	0.0539019	0.0450523	0.000804505	0.000804505	
0.000757576	0.000757576	0.000757576	0.117424	0.375758	0.334091	0.109091	0.0257576	0.00909091	0.0257576	0.000757576	
0.0016835	0.0016835	0.0016835	0.0016835	0.279461	0.446128	0.149832	0.0942761	0.0016835	0.0016835	0.020202	
0.00227273	0.00227273	0.00227273	0.00227273	0.177273	0.477273	0.202273	0.0772727	0.0522727	0.00227273	0.00227273	
0.004329	0.004329	0.004329	0.004329	0.0995671	0.242424	0.385281	0.147186	0.0995671	0.004329	0.004329	
0.00534759	0.00534759	0.00534759	0.00534759	0.00534759	0.00534759	0.181818	0.299465	0.181818	0.240642	0.0641711	


Vector Pi :

0.00149031	0.247392	0.214605	0.165425	0.165425	0.0670641	0.0834575	0.0178838	0.0178838	0.0178838	0.00149031	


Vector Phi :

0.000839944	0.199165	0.175519	0.176888	0.148401	0.0923321	0.0975715	0.0449476	0.0330407	0.0169222	0.0143732	
