
Parameters: 11 states AND 11 symbols

Matrix A :

0.090909	0.090909	0.090909	0.090909	0.090909	0.090909	0.090909	0.090909	0.090909	0.090909	0.090909	
0.000339	0.780190	0.142130	0.048847	0.007802	0.011533	0.000339	0.000339	0.000339	0.000339	0.007802	
0.000850	0.327952	0.412065	0.131691	0.056924	0.010195	0.000850	0.010195	0.010195	0.028887	0.010195	
0.001299	0.158442	0.258442	0.287013	0.187013	0.044156	0.029870	0.001299	0.015584	0.015584	0.001299	
0.001783	0.080214	0.080214	0.256684	0.354724	0.139037	0.060606	0.021390	0.001783	0.001783	0.001783	
0.003367	0.003367	0.077441	0.151515	0.225589	0.188552	0.262626	0.077441	0.003367	0.003367	0.003367	
0.004545	0.104545	0.004545	0.004545	0.154545	0.204545	0.254545	0.104545	0.154545	0.004545	0.004545	
0.006494	0.077922	0.006494	0.077922	0.077922	0.149351	0.149351	0.077922	0.220779	0.077922	0.077922	
0.006993	0.083916	0.006993	0.160839	0.083916	0.006993	0.006993	0.160839	0.083916	0.314685	0.083916	
0.004785	0.110048	0.004785	0.110048	0.004785	0.057416	0.004785	0.162679	0.110048	0.267943	0.162679	
0.006061	0.072727	0.072727	0.006061	0.006061	0.006061	0.006061	0.072727	0.072727	0.272727	0.406061	


Matrix B :

0.090909	0.090909	0.090909	0.090909	0.090909	0.090909	0.090909	0.090909	0.090909	0.090909	0.090909	
0.000321	0.184067	0.265339	0.222936	0.148731	0.102795	0.035657	0.028590	0.010922	0.000321	0.000321	
0.000805	0.036203	0.222043	0.310539	0.160097	0.151247	0.045052	0.018504	0.018504	0.036203	0.000805	
0.001280	0.043534	0.156210	0.212548	0.254802	0.128041	0.184379	0.015365	0.001280	0.001280	0.001280	
0.001684	0.020202	0.112795	0.112795	0.149832	0.297980	0.075758	0.112795	0.094276	0.020202	0.001684	
0.003135	0.003135	0.072100	0.141066	0.106583	0.141066	0.106583	0.210031	0.072100	0.106583	0.037618	
0.004329	0.004329	0.099567	0.099567	0.242424	0.099567	0.147186	0.051948	0.004329	0.099567	0.147186	
0.006494	0.006494	0.149351	0.077922	0.220779	0.149351	0.149351	0.077922	0.077922	0.006494	0.077922	
0.006494	0.006494	0.220779	0.077922	0.077922	0.220779	0.077922	0.077922	0.077922	0.149351	0.006494	
0.004545	0.004545	0.104545	0.204545	0.004545	0.104545	0.104545	0.104545	0.104545	0.104545	0.154545	
0.006061	0.006061	0.139394	0.272727	0.072727	0.006061	0.206061	0.139394	0.139394	0.006061	0.006061	


Vector Pi :

0.002933	0.519062	0.164223	0.035191	0.099707	0.067449	0.035191	0.002933	0.035191	0.035191	0.002933	


Vector Phi :

0.001659	0.439359	0.179040	0.116077	0.084654	0.044749	0.033171	0.023251	0.021591	0.031584	0.024866	
