
Parameters: 11 states AND 11 symbols

Matrix A :

0.090909	0.090909	0.090909	0.090909	0.090909	0.090909	0.090909	0.090909	0.090909	0.090909	0.090909	
0.000435	0.718138	0.201392	0.048282	0.010004	0.014789	0.000435	0.005220	0.000435	0.000435	0.000435	
0.000579	0.280834	0.459178	0.147076	0.038796	0.045165	0.006948	0.000579	0.013318	0.006948	0.000579	
0.001082	0.096320	0.382035	0.262987	0.191558	0.024892	0.012987	0.024892	0.001082	0.001082	0.001082	
0.001684	0.020202	0.057239	0.297980	0.316498	0.168350	0.038721	0.057239	0.001684	0.020202	0.020202	
0.002392	0.055024	0.107656	0.186603	0.160287	0.265550	0.081340	0.107656	0.028708	0.002392	0.002392	
0.005051	0.060606	0.060606	0.116162	0.171717	0.282828	0.171717	0.060606	0.005051	0.005051	0.060606	
0.005051	0.005051	0.060606	0.005051	0.060606	0.005051	0.171717	0.282828	0.338384	0.060606	0.005051	
0.006061	0.006061	0.072727	0.072727	0.072727	0.072727	0.272727	0.072727	0.272727	0.006061	0.072727	
0.015152	0.181818	0.181818	0.181818	0.015152	0.015152	0.015152	0.015152	0.181818	0.181818	0.015152	
0.018182	0.018182	0.018182	0.218182	0.218182	0.018182	0.018182	0.018182	0.018182	0.218182	0.218182	


Matrix B :

0.090909	0.090909	0.090909	0.090909	0.090909	0.090909	0.090909	0.090909	0.090909	0.090909	0.090909	
0.000415	0.164799	0.361146	0.215027	0.173931	0.055210	0.009548	0.004981	0.014114	0.000415	0.000415	
0.000548	0.012596	0.193319	0.289704	0.283680	0.090909	0.084885	0.024644	0.018620	0.000548	0.000548	
0.001070	0.001070	0.095187	0.130481	0.283422	0.271658	0.118717	0.036364	0.036364	0.001070	0.024599	
0.001595	0.019139	0.089314	0.141946	0.124402	0.159490	0.177033	0.106858	0.124402	0.036683	0.019139	
0.002217	0.026608	0.026608	0.099778	0.148559	0.246120	0.172949	0.148559	0.050998	0.002217	0.075388	
0.004545	0.004545	0.004545	0.004545	0.104545	0.304545	0.054545	0.254545	0.104545	0.054545	0.104545	
0.004785	0.004785	0.004785	0.267943	0.110048	0.057416	0.215311	0.162679	0.057416	0.110048	0.004785	
0.006061	0.006061	0.072727	0.139394	0.006061	0.072727	0.339394	0.206061	0.139394	0.006061	0.006061	
0.015152	0.015152	0.181818	0.015152	0.015152	0.181818	0.181818	0.348485	0.015152	0.015152	0.015152	
0.015152	0.015152	0.348485	0.015152	0.015152	0.015152	0.015152	0.015152	0.181818	0.348485	0.015152	


Vector Pi :

0.002933	0.357771	0.260997	0.035191	0.099707	0.099707	0.067449	0.035191	0.002933	0.002933	0.035191	


Vector Phi :

0.001657	0.342033	0.261699	0.139266	0.089545	0.063006	0.029852	0.029815	0.024881	0.009956	0.008290	
