
Parameters: 11 states AND 11 symbols

Matrix A :

0.0909091	0.0909091	0.0909091	0.0909091	0.0909091	0.0909091	0.0909091	0.0909091	0.0909091	0.0909091	0.0909091	
0.000140292	0.862795	0.126684	0.00785634	0.0016835	0.000140292	0.000140292	0.000140292	0.000140292	0.000140292	0.000140292	
0.000294204	0.268903	0.595763	0.13298	0.000294204	0.000294204	0.000294204	0.000294204	0.000294204	0.000294204	0.000294204	
0.000688705	0.0309917	0.296143	0.493113	0.137052	0.0309917	0.00826446	0.000688705	0.000688705	0.000688705	0.000688705	
0.0016835	0.020202	0.0387205	0.29798	0.483165	0.131313	0.0016835	0.020202	0.0016835	0.0016835	0.0016835	
0.00395257	0.00395257	0.0474308	0.134387	0.264822	0.221344	0.3083	0.00395257	0.00395257	0.00395257	0.00395257	
0.00454545	0.00454545	0.00454545	0.0545455	0.104545	0.254545	0.404545	0.104545	0.00454545	0.0545455	0.00454545	
0.0181818	0.0181818	0.0181818	0.0181818	0.0181818	0.0181818	0.218182	0.218182	0.218182	0.218182	0.0181818	
0.0181818	0.0181818	0.0181818	0.0181818	0.0181818	0.218182	0.418182	0.0181818	0.0181818	0.218182	0.0181818	
0.0181818	0.0181818	0.0181818	0.0181818	0.0181818	0.0181818	0.0181818	0.0181818	0.418182	0.218182	0.218182	
0.030303	0.030303	0.030303	0.030303	0.030303	0.030303	0.030303	0.030303	0.363636	0.030303	0.363636	


Matrix B :

0.0909091	0.0909091	0.0909091	0.0909091	0.0909091	0.0909091	0.0909091	0.0909091	0.0909091	0.0909091	0.0909091	
0.000132908	0.301302	0.330542	0.196039	0.121478	0.0366826	0.0103668	0.00305688	0.000132908	0.000132908	0.000132908	
0.000278862	0.000278862	0.325432	0.359175	0.211935	0.064696	0.0370887	0.000278862	0.000278862	0.000278862	0.000278862	
0.00066357	0.00066357	0.0298607	0.23424	0.43862	0.161248	0.0882548	0.0444592	0.00066357	0.00066357	0.00066357	
0.00165289	0.00165289	0.00165289	0.183471	0.147107	0.292562	0.27438	0.092562	0.00165289	0.00165289	0.00165289	
0.00378788	0.00378788	0.00378788	0.00378788	0.128788	0.170455	0.378788	0.253788	0.0454545	0.00378788	0.00378788	
0.00454545	0.00454545	0.00454545	0.00454545	0.0545455	0.00454545	0.354545	0.304545	0.204545	0.0545455	0.00454545	
0.0181818	0.0181818	0.0181818	0.0181818	0.0181818	0.218182	0.218182	0.0181818	0.0181818	0.418182	0.0181818	
0.0181818	0.0181818	0.0181818	0.0181818	0.0181818	0.0181818	0.418182	0.0181818	0.218182	0.0181818	0.218182	
0.0181818	0.0181818	0.0181818	0.0181818	0.0181818	0.0181818	0.218182	0.0181818	0.218182	0.218182	0.218182	
0.030303	0.030303	0.030303	0.030303	0.030303	0.030303	0.030303	0.030303	0.030303	0.030303	0.69697	


Vector Pi :

0.00149031	0.591654	0.280179	0.0834575	0.0178838	0.0178838	0.00149031	0.00149031	0.00149031	0.00149031	0.00149031	


Vector Phi :

0.000829879	0.537759	0.256431	0.109544	0.0448134	0.0190872	0.0165976	0.0041494	0.00414941	0.0041494	0.00248964	
