
Parameters: 11 states AND 11 symbols

Matrix A :

0.0909091	0.0909091	0.0909091	0.0909091	0.0909091	0.0909091	0.0909091	0.0909091	0.0909091	0.0909091	0.0909091	
0.000103541	0.896459	0.100331	0.00238145	0.000103541	0.000103541	0.000103541	0.000103541	0.000103541	0.000103541	0.000103541	
0.000355114	0.344105	0.555043	0.0941051	0.000355114	0.00426136	0.000355114	0.000355114	0.000355114	0.000355114	0.000355114	
0.00189394	0.0643939	0.418561	0.397727	0.106061	0.00189394	0.00189394	0.00189394	0.00189394	0.00189394	0.00189394	
0.00568182	0.00568182	0.318182	0.130682	0.505682	0.00568182	0.00568182	0.00568182	0.00568182	0.00568182	0.00568182	
0.030303	0.030303	0.030303	0.030303	0.363636	0.363636	0.030303	0.030303	0.030303	0.030303	0.030303	
0.0909091	0.0909091	0.0909091	0.0909091	0.0909091	0.0909091	0.0909091	0.0909091	0.0909091	0.0909091	0.0909091	
0.0909091	0.0909091	0.0909091	0.0909091	0.0909091	0.0909091	0.0909091	0.0909091	0.0909091	0.0909091	0.0909091	
0.0454545	0.0454545	0.0454545	0.0454545	0.545455	0.0454545	0.0454545	0.0454545	0.0454545	0.0454545	0.0454545	
0.0909091	0.0909091	0.0909091	0.0909091	0.0909091	0.0909091	0.0909091	0.0909091	0.0909091	0.0909091	0.0909091	
0.0454545	0.0454545	0.0454545	0.0454545	0.0454545	0.0454545	0.0454545	0.0454545	0.545455	0.0454545	0.0454545	


Matrix B :

0.0909091	0.0909091	0.0909091	0.0909091	0.0909091	0.0909091	0.0909091	0.0909091	0.0909091	0.0909091	0.0909091	
9.83865e-05	0.368064	0.409189	0.126722	0.0617867	0.0206612	0.00659189	0.00442739	9.83865e-05	9.83865e-05	0.00226289	
0.0003367	0.0040404	0.2633	0.43367	0.218855	0.0521886	0.0262626	0.0003367	0.0003367	0.0003367	0.0003367	
0.00189394	0.00189394	0.0435606	0.210227	0.376894	0.272727	0.0435606	0.0435606	0.00189394	0.00189394	0.00189394	
0.00568182	0.00568182	0.00568182	0.00568182	0.193182	0.380682	0.193182	0.130682	0.0681818	0.00568182	0.00568182	
0.030303	0.030303	0.030303	0.030303	0.030303	0.030303	0.030303	0.363636	0.363636	0.030303	0.030303	
0.0909091	0.0909091	0.0909091	0.0909091	0.0909091	0.0909091	0.0909091	0.0909091	0.0909091	0.0909091	0.0909091	
0.0909091	0.0909091	0.0909091	0.0909091	0.0909091	0.0909091	0.0909091	0.0909091	0.0909091	0.0909091	0.0909091	
0.0454545	0.0454545	0.0454545	0.0454545	0.0454545	0.0454545	0.0454545	0.0454545	0.545455	0.0454545	0.0454545	
0.0909091	0.0909091	0.0909091	0.0909091	0.0909091	0.0909091	0.0909091	0.0909091	0.0909091	0.0909091	0.0909091	
0.0454545	0.0454545	0.0454545	0.0454545	0.0454545	0.0454545	0.545455	0.0454545	0.0454545	0.0454545	0.0454545	


Vector Pi :

0.00149031	0.739195	0.230999	0.00149031	0.00149031	0.00149031	0.00149031	0.00149031	0.00149031	0.00149031	0.0178838	


Vector Phi :

0.00069386	0.730739	0.211184	0.039179	0.0121096	0.0022782	0.00069386	0.00069386	0.00104079	0.00069386	0.00069386	
