
Parameters: 11 states AND 11 symbols

Matrix A :

0.090909	0.090909	0.090909	0.090909	0.090909	0.090909	0.090909	0.090909	0.090909	0.090909	0.090909	
0.000606	0.533939	0.267273	0.073939	0.053939	0.020606	0.020606	0.013939	0.007273	0.000606	0.007273	
0.000812	0.402597	0.304383	0.170455	0.045455	0.027597	0.027597	0.009740	0.000812	0.009740	0.000812	
0.001420	0.173295	0.235795	0.282670	0.157670	0.048295	0.032670	0.017045	0.017045	0.032670	0.001420	
0.001748	0.059441	0.174825	0.136364	0.194056	0.136364	0.097902	0.040210	0.117133	0.020979	0.020979	
0.002114	0.095137	0.095137	0.025370	0.118393	0.281184	0.234672	0.048626	0.048626	0.048626	0.002114	
0.002114	0.095137	0.048626	0.048626	0.118393	0.118393	0.141649	0.095137	0.141649	0.071882	0.118393	
0.003367	0.003367	0.077441	0.040404	0.114478	0.077441	0.114478	0.077441	0.262626	0.188552	0.040404	
0.002114	0.025370	0.048626	0.025370	0.025370	0.071882	0.095137	0.141649	0.257928	0.188161	0.118393	
0.002392	0.002392	0.028708	0.055024	0.055024	0.055024	0.107656	0.160287	0.160287	0.160287	0.212919	
0.003367	0.040404	0.040404	0.040404	0.077441	0.077441	0.077441	0.003367	0.077441	0.336700	0.225589	


Matrix B :

0.090909	0.090909	0.090909	0.090909	0.090909	0.090909	0.090909	0.090909	0.090909	0.090909	0.090909	
0.000583	0.455711	0.308275	0.115967	0.071096	0.032634	0.013403	0.000583	0.000583	0.000583	0.000583	
0.000784	0.276646	0.466301	0.190439	0.043887	0.009404	0.000784	0.009404	0.000784	0.000784	0.000784	
0.001357	0.061058	0.449118	0.374491	0.090909	0.016282	0.001357	0.001357	0.001357	0.001357	0.001357	
0.001684	0.149832	0.483165	0.242424	0.094276	0.001684	0.020202	0.001684	0.001684	0.001684	0.001684	
0.002066	0.047521	0.365702	0.342975	0.161157	0.047521	0.024793	0.002066	0.002066	0.002066	0.002066	
0.002020	0.024242	0.290909	0.335354	0.202020	0.068687	0.046465	0.024242	0.002020	0.002020	0.002020	
0.002933	0.067449	0.164223	0.228739	0.357771	0.035191	0.131965	0.002933	0.002933	0.002933	0.002933	
0.001976	0.001976	0.175889	0.328063	0.197628	0.067194	0.067194	0.067194	0.023715	0.023715	0.045455	
0.002273	0.002273	0.052273	0.277273	0.327273	0.152273	0.077273	0.052273	0.002273	0.027273	0.027273	
0.003030	0.103030	0.103030	0.136364	0.203030	0.303030	0.103030	0.036364	0.003030	0.003030	0.003030	


Vector Pi :

0.002933	0.196481	0.164223	0.099707	0.067449	0.035191	0.067449	0.131965	0.099707	0.067449	0.067449	


Vector Phi :

0.001680	0.247546	0.183538	0.106042	0.086763	0.072049	0.072152	0.045362	0.072464	0.064688	0.047717	
