
Parameters: 11 states AND 11 symbols

Matrix A :

0.090909	0.090909	0.090909	0.090909	0.090909	0.090909	0.090909	0.090909	0.090909	0.090909	0.090909	
0.000494	0.571146	0.245059	0.076581	0.033103	0.027668	0.016798	0.000494	0.011364	0.011364	0.005929	
0.000668	0.368316	0.441845	0.088904	0.044786	0.015374	0.008021	0.000668	0.008021	0.015374	0.008021	
0.001299	0.172727	0.258442	0.344156	0.087013	0.044156	0.015584	0.029870	0.029870	0.001299	0.015584	
0.002165	0.168831	0.168831	0.097403	0.311688	0.168831	0.025974	0.025974	0.002165	0.002165	0.025974	
0.002755	0.123967	0.033058	0.245179	0.184573	0.123967	0.093664	0.093664	0.002755	0.063361	0.033058	
0.003030	0.069697	0.103030	0.103030	0.103030	0.136364	0.203030	0.169697	0.036364	0.069697	0.003030	
0.003636	0.043636	0.003636	0.043636	0.003636	0.123636	0.163636	0.163636	0.203636	0.043636	0.203636	
0.003953	0.003953	0.003953	0.003953	0.047431	0.090909	0.134387	0.308300	0.090909	0.308300	0.003953	
0.002674	0.061497	0.002674	0.061497	0.002674	0.032086	0.149733	0.032086	0.120321	0.355615	0.179144	
0.004132	0.049587	0.004132	0.049587	0.004132	0.049587	0.095041	0.049587	0.231405	0.231405	0.231405	


Matrix B :

0.090909	0.090909	0.090909	0.090909	0.090909	0.090909	0.090909	0.090909	0.090909	0.090909	0.090909	
0.000478	0.279426	0.321531	0.237321	0.084689	0.042584	0.011005	0.005742	0.016268	0.000478	0.000478	
0.000627	0.035110	0.207524	0.297179	0.200627	0.145455	0.083386	0.014420	0.014420	0.000627	0.000627	
0.001212	0.054545	0.241212	0.187879	0.281212	0.174545	0.054545	0.001212	0.001212	0.001212	0.001212	
0.002114	0.025370	0.141649	0.327696	0.234672	0.141649	0.071882	0.025370	0.025370	0.002114	0.002114	
0.002755	0.002755	0.275482	0.154270	0.154270	0.154270	0.033058	0.123967	0.063361	0.033058	0.002755	
0.002674	0.032086	0.149733	0.237968	0.208556	0.032086	0.120321	0.120321	0.032086	0.061497	0.002674	
0.003497	0.003497	0.118881	0.080420	0.157343	0.118881	0.118881	0.157343	0.080420	0.080420	0.080420	
0.003788	0.003788	0.045455	0.128788	0.170455	0.128788	0.170455	0.087121	0.003788	0.170455	0.087121	
0.002457	0.002457	0.110565	0.083538	0.245700	0.218673	0.164619	0.002457	0.056511	0.029484	0.083538	
0.004132	0.004132	0.049587	0.185950	0.095041	0.322314	0.231405	0.004132	0.095041	0.004132	0.004132	


Vector Pi :

0.002933	0.164223	0.325513	0.164223	0.035191	0.002933	0.131965	0.035191	0.035191	0.099707	0.002933	


Vector Phi :

0.001666	0.308750	0.224580	0.116637	0.069973	0.055028	0.050026	0.041675	0.038341	0.056661	0.036662	
