
Parameters: 11 states AND 11 symbols

Matrix A :

0.0909091	0.0909091	0.0909091	0.0909091	0.0909091	0.0909091	0.0909091	0.0909091	0.0909091	0.0909091	0.0909091	
0.000108354	0.859465	0.125257	0.00845162	0.00368404	0.00130025	0.000108354	0.00130025	0.000108354	0.000108354	0.000108354	
0.00035791	0.401933	0.464925	0.114531	0.0121689	0.00429492	0.00035791	0.00035791	0.00035791	0.00035791	0.00035791	
0.0012987	0.158442	0.358442	0.344156	0.101299	0.0298701	0.0012987	0.0012987	0.0012987	0.0012987	0.0012987	
0.004329	0.147186	0.194805	0.242424	0.194805	0.0519481	0.0995671	0.0519481	0.004329	0.004329	0.004329	
0.010101	0.121212	0.121212	0.232323	0.232323	0.010101	0.232323	0.010101	0.010101	0.010101	0.010101	
0.0151515	0.0151515	0.0151515	0.181818	0.0151515	0.348485	0.0151515	0.181818	0.0151515	0.0151515	0.181818	
0.0227273	0.0227273	0.0227273	0.272727	0.0227273	0.272727	0.272727	0.0227273	0.0227273	0.0227273	0.0227273	
0.0454545	0.0454545	0.0454545	0.0454545	0.545455	0.0454545	0.0454545	0.0454545	0.0454545	0.0454545	0.0454545	
0.0909091	0.0909091	0.0909091	0.0909091	0.0909091	0.0909091	0.0909091	0.0909091	0.0909091	0.0909091	0.0909091	
0.0454545	0.0454545	0.0454545	0.0454545	0.0454545	0.0454545	0.0454545	0.0454545	0.545455	0.0454545	0.0454545	


Matrix B :

0.0909091	0.0909091	0.0909091	0.0909091	0.0909091	0.0909091	0.0909091	0.0909091	0.0909091	0.0909091	0.0909091	
0.000102606	0.317258	0.416581	0.170532	0.0621794	0.0271906	0.00348861	0.00235994	0.000102606	0.000102606	0.000102606	
0.000345662	0.00795022	0.228483	0.403387	0.209471	0.0916004	0.0307639	0.00414794	0.0117525	0.00795022	0.00414794	
0.00126263	0.00126263	0.0707071	0.223485	0.223485	0.27904	0.0707071	0.0568182	0.0429293	0.0290404	0.00126263	
0.00413223	0.00413223	0.00413223	0.231405	0.367769	0.140496	0.18595	0.0495868	0.00413223	0.00413223	0.00413223	
0.00909091	0.00909091	0.00909091	0.00909091	0.409091	0.409091	0.00909091	0.109091	0.00909091	0.00909091	0.00909091	
0.0151515	0.0151515	0.0151515	0.0151515	0.181818	0.348485	0.181818	0.181818	0.0151515	0.0151515	0.0151515	
0.0227273	0.0227273	0.0227273	0.0227273	0.272727	0.272727	0.0227273	0.272727	0.0227273	0.0227273	0.0227273	
0.0454545	0.0454545	0.0454545	0.0454545	0.0454545	0.0454545	0.545455	0.0454545	0.0454545	0.0454545	0.0454545	
0.0909091	0.0909091	0.0909091	0.0909091	0.0909091	0.0909091	0.0909091	0.0909091	0.0909091	0.0909091	0.0909091	
0.0454545	0.0454545	0.0454545	0.0454545	0.0454545	0.0454545	0.0454545	0.545455	0.0454545	0.0454545	0.0454545	


Vector Pi :

0.00149031	0.771982	0.149031	0.0342772	0.0178838	0.0178838	0.00149031	0.00149031	0.00149031	0.00149031	0.00149031	


Vector Phi :

0.00082713	0.693962	0.210091	0.0578991	0.0173697	0.00744417	0.00496278	0.00330852	0.00165426	0.00082713	0.00165426	
