
Parameters: 11 states AND 11 symbols

Matrix A :

0.0909091	0.0909091	0.0909091	0.0909091	0.0909091	0.0909091	0.0909091	0.0909091	0.0909091	0.0909091	0.0909091	
7.89827e-05	0.980096	0.0139799	0.00355422	0.000947792	0.000947792	7.89827e-05	7.89827e-05	7.89827e-05	7.89827e-05	7.89827e-05	
0.0031348	0.589342	0.210031	0.106583	0.0376176	0.0031348	0.0031348	0.0376176	0.0031348	0.0031348	0.0031348	
0.00909091	0.109091	0.309091	0.209091	0.109091	0.00909091	0.00909091	0.109091	0.00909091	0.00909091	0.109091	
0.0151515	0.348485	0.181818	0.0151515	0.181818	0.0151515	0.181818	0.0151515	0.0151515	0.0151515	0.0151515	
0.0454545	0.0454545	0.0454545	0.0454545	0.0454545	0.0454545	0.0454545	0.545455	0.0454545	0.0454545	0.0454545	
0.0454545	0.0454545	0.0454545	0.0454545	0.545455	0.0454545	0.0454545	0.0454545	0.0454545	0.0454545	0.0454545	
0.0227273	0.272727	0.522727	0.0227273	0.0227273	0.0227273	0.0227273	0.0227273	0.0227273	0.0227273	0.0227273	
0.0909091	0.0909091	0.0909091	0.0909091	0.0909091	0.0909091	0.0909091	0.0909091	0.0909091	0.0909091	0.0909091	
0.0909091	0.0909091	0.0909091	0.0909091	0.0909091	0.0909091	0.0909091	0.0909091	0.0909091	0.0909091	0.0909091	
0.0454545	0.545455	0.0454545	0.0454545	0.0454545	0.0454545	0.0454545	0.0454545	0.0454545	0.0454545	0.0454545	


Matrix B :

0.0909091	0.0909091	0.0909091	0.0909091	0.0909091	0.0909091	0.0909091	0.0909091	0.0909091	0.0909091	0.0909091	
7.52559e-05	0.149082	0.33534	0.254214	0.118453	0.0605057	0.0431216	0.0232541	0.0116647	0.00338651	0.00090307	
0.0031348	0.0031348	0.0721003	0.0721003	0.175549	0.141066	0.210031	0.141066	0.106583	0.0721003	0.0031348	
0.00757576	0.00757576	0.00757576	0.0909091	0.174242	0.00757576	0.0909091	0.0909091	0.257576	0.174242	0.0909091	
0.012987	0.012987	0.012987	0.012987	0.298701	0.298701	0.012987	0.298701	0.012987	0.012987	0.012987	
0.0454545	0.0454545	0.0454545	0.0454545	0.0454545	0.0454545	0.0454545	0.0454545	0.545455	0.0454545	0.0454545	
0.0454545	0.0454545	0.0454545	0.0454545	0.545455	0.0454545	0.0454545	0.0454545	0.0454545	0.0454545	0.0454545	
0.0227273	0.0227273	0.0227273	0.0227273	0.0227273	0.272727	0.0227273	0.0227273	0.272727	0.272727	0.0227273	
0.0909091	0.0909091	0.0909091	0.0909091	0.0909091	0.0909091	0.0909091	0.0909091	0.0909091	0.0909091	0.0909091	
0.0909091	0.0909091	0.0909091	0.0909091	0.0909091	0.0909091	0.0909091	0.0909091	0.0909091	0.0909091	0.0909091	
0.0454545	0.0454545	0.0454545	0.0454545	0.0454545	0.545455	0.0454545	0.0454545	0.0454545	0.0454545	0.0454545	


Vector Pi :

0.00149031	0.935917	0.00149031	0.0342772	0.0178838	0.00149031	0.00149031	0.00149031	0.00149031	0.00149031	0.00149031	


Vector Phi :

0.00082713	0.952026	0.0239868	0.0082713	0.00496278	0.00165426	0.00165426	0.00330852	0.00082713	0.00082713	0.00165426	
