
Parameters: 11 states AND 11 symbols

Matrix A :

0.0909091	0.0909091	0.0909091	0.0909091	0.0909091	0.0909091	0.0909091	0.0909091	0.0909091	0.0909091	0.0909091	
8.15328e-05	0.966898	0.0287811	0.00187525	0.000978394	8.15328e-05	8.15328e-05	8.15328e-05	8.15328e-05	8.15328e-05	0.000978394	
0.00154083	0.493066	0.289676	0.137134	0.01849	0.00154083	0.01849	0.01849	0.00154083	0.00154083	0.01849	
0.00606061	0.272727	0.272727	0.139394	0.206061	0.00606061	0.00606061	0.00606061	0.0727273	0.00606061	0.00606061	
0.012987	0.298701	0.298701	0.012987	0.155844	0.012987	0.012987	0.012987	0.012987	0.012987	0.155844	
0.0909091	0.0909091	0.0909091	0.0909091	0.0909091	0.0909091	0.0909091	0.0909091	0.0909091	0.0909091	0.0909091	
0.0454545	0.0454545	0.0454545	0.545455	0.0454545	0.0454545	0.0454545	0.0454545	0.0454545	0.0454545	0.0454545	
0.0454545	0.0454545	0.545455	0.0454545	0.0454545	0.0454545	0.0454545	0.0454545	0.0454545	0.0454545	0.0454545	
0.0454545	0.0454545	0.545455	0.0454545	0.0454545	0.0454545	0.0454545	0.0454545	0.0454545	0.0454545	0.0454545	
0.0909091	0.0909091	0.0909091	0.0909091	0.0909091	0.0909091	0.0909091	0.0909091	0.0909091	0.0909091	0.0909091	
0.0227273	0.272727	0.272727	0.272727	0.0227273	0.0227273	0.0227273	0.0227273	0.0227273	0.0227273	0.0227273	


Matrix B :

0.0909091	0.0909091	0.0909091	0.0909091	0.0909091	0.0909091	0.0909091	0.0909091	0.0909091	0.0909091	0.0909091	
7.75014e-05	0.186778	0.341936	0.245602	0.12966	0.058901	0.0248004	0.00860265	0.000930016	0.000930016	0.00178253	
0.00151515	0.00151515	0.0515152	0.218182	0.151515	0.201515	0.134848	0.101515	0.101515	0.0348485	0.00151515	
0.00606061	0.00606061	0.00606061	0.339394	0.139394	0.206061	0.139394	0.139394	0.00606061	0.00606061	0.00606061	
0.012987	0.012987	0.012987	0.012987	0.441558	0.012987	0.298701	0.012987	0.155844	0.012987	0.012987	
0.0909091	0.0909091	0.0909091	0.0909091	0.0909091	0.0909091	0.0909091	0.0909091	0.0909091	0.0909091	0.0909091	
0.0454545	0.0454545	0.0454545	0.0454545	0.0454545	0.545455	0.0454545	0.0454545	0.0454545	0.0454545	0.0454545	
0.0454545	0.0454545	0.0454545	0.0454545	0.545455	0.0454545	0.0454545	0.0454545	0.0454545	0.0454545	0.0454545	
0.030303	0.030303	0.030303	0.030303	0.030303	0.030303	0.69697	0.030303	0.030303	0.030303	0.030303	
0.0909091	0.0909091	0.0909091	0.0909091	0.0909091	0.0909091	0.0909091	0.0909091	0.0909091	0.0909091	0.0909091	
0.0227273	0.0227273	0.0227273	0.0227273	0.272727	0.272727	0.272727	0.0227273	0.0227273	0.0227273	0.0227273	


Vector Pi :

0.00149031	0.95231	0.0178838	0.00149031	0.00149031	0.00149031	0.00149031	0.00149031	0.0178838	0.00149031	0.00149031	


Vector Phi :

0.00082713	0.92225	0.0488007	0.0124069	0.00578991	0.00082713	0.00165426	0.00165426	0.00165426	0.00082713	0.00330852	
