
Parameters: 11 states AND 11 symbols

Matrix A :

0.0909091	0.0909091	0.0909091	0.0909091	0.0909091	0.0909091	0.0909091	0.0909091	0.0909091	0.0909091	0.0909091	
0.000119775	0.8934	0.101569	0.00407234	0.000119775	0.000119775	0.000119775	0.000119775	0.000119775	0.000119775	0.000119775	
0.000314564	0.25983	0.626612	0.111041	0.000314564	0.000314564	0.000314564	0.000314564	0.000314564	0.000314564	0.000314564	
0.000874126	0.048951	0.26049	0.558566	0.106643	0.000874126	0.0104895	0.000874126	0.0104895	0.000874126	0.000874126	
0.00395257	0.00395257	0.0909091	0.395257	0.221344	0.264822	0.00395257	0.00395257	0.00395257	0.00395257	0.00395257	
0.00606061	0.00606061	0.00606061	0.0727273	0.339394	0.539394	0.00606061	0.00606061	0.00606061	0.00606061	0.00606061	
0.030303	0.030303	0.030303	0.030303	0.363636	0.030303	0.030303	0.363636	0.030303	0.030303	0.030303	
0.0227273	0.0227273	0.272727	0.0227273	0.0227273	0.0227273	0.272727	0.272727	0.0227273	0.0227273	0.0227273	
0.0454545	0.0454545	0.0454545	0.0454545	0.0454545	0.0454545	0.0454545	0.0454545	0.0454545	0.0454545	0.545455	
0.0909091	0.0909091	0.0909091	0.0909091	0.0909091	0.0909091	0.0909091	0.0909091	0.0909091	0.0909091	0.0909091	
0.0227273	0.0227273	0.0227273	0.0227273	0.0227273	0.0227273	0.0227273	0.272727	0.0227273	0.0227273	0.522727	


Matrix B :

0.0909091	0.0909091	0.0909091	0.0909091	0.0909091	0.0909091	0.0909091	0.0909091	0.0909091	0.0909091	0.0909091	
0.000113921	0.374801	0.433698	0.117908	0.0565049	0.010139	0.00262019	0.00387332	0.000113921	0.000113921	0.000113921	
0.000299043	0.0200359	0.273325	0.460825	0.18122	0.062799	0.000299043	0.000299043	0.000299043	0.000299043	0.000299043	
0.000841751	0.000841751	0.0378788	0.297138	0.39899	0.186027	0.0656566	0.010101	0.000841751	0.000841751	0.000841751	
0.00395257	0.00395257	0.0909091	0.0909091	0.221344	0.221344	0.177866	0.0909091	0.0909091	0.00395257	0.00395257	
0.00568182	0.00568182	0.00568182	0.00568182	0.00568182	0.255682	0.318182	0.00568182	0.00568182	0.130682	0.255682	
0.030303	0.030303	0.030303	0.030303	0.363636	0.363636	0.030303	0.030303	0.030303	0.030303	0.030303	
0.0181818	0.0181818	0.0181818	0.0181818	0.0181818	0.818182	0.0181818	0.0181818	0.0181818	0.0181818	0.0181818	
0.0454545	0.0454545	0.0454545	0.545455	0.0454545	0.0454545	0.0454545	0.0454545	0.0454545	0.0454545	0.0454545	
0.0909091	0.0909091	0.0909091	0.0909091	0.0909091	0.0909091	0.0909091	0.0909091	0.0909091	0.0909091	0.0909091	
0.0227273	0.0227273	0.0227273	0.0227273	0.272727	0.522727	0.0227273	0.0227273	0.0227273	0.0227273	0.0227273	


Vector Pi :

0.00149031	0.640835	0.247392	0.0670641	0.00149031	0.0178838	0.00149031	0.0178838	0.00149031	0.00149031	0.00149031	


Vector Phi :

0.000829876	0.629876	0.239834	0.0863071	0.0190871	0.0124481	0.00248963	0.0033195	0.00165975	0.000829876	0.0033195	
