
Parameters: 11 states AND 11 symbols

Matrix A :

0.090909	0.090909	0.090909	0.090909	0.090909	0.090909	0.090909	0.090909	0.090909	0.090909	0.090909	
0.000196	0.856109	0.118475	0.015249	0.000196	0.000196	0.000196	0.002346	0.002346	0.002346	0.002346	
0.001010	0.589899	0.189899	0.078788	0.034343	0.023232	0.012121	0.001010	0.023232	0.034343	0.012121	
0.004785	0.215311	0.320574	0.162679	0.004785	0.057416	0.057416	0.110048	0.057416	0.004785	0.004785	
0.015152	0.181818	0.348485	0.015152	0.015152	0.181818	0.015152	0.181818	0.015152	0.015152	0.015152	
0.018182	0.218182	0.418182	0.018182	0.018182	0.018182	0.018182	0.018182	0.018182	0.218182	0.018182	
0.030303	0.030303	0.696970	0.030303	0.030303	0.030303	0.030303	0.030303	0.030303	0.030303	0.030303	
0.018182	0.218182	0.418182	0.218182	0.018182	0.018182	0.018182	0.018182	0.018182	0.018182	0.018182	
0.015152	0.515152	0.181818	0.015152	0.181818	0.015152	0.015152	0.015152	0.015152	0.015152	0.015152	
0.015152	0.181818	0.515152	0.015152	0.015152	0.015152	0.015152	0.015152	0.181818	0.015152	0.015152	
0.030303	0.363636	0.030303	0.030303	0.363636	0.030303	0.030303	0.030303	0.030303	0.030303	0.030303	


Matrix B :

0.090909	0.090909	0.090909	0.090909	0.090909	0.090909	0.090909	0.090909	0.090909	0.090909	0.090909	
0.000186	0.139245	0.319204	0.257855	0.161740	0.069716	0.022681	0.016546	0.004276	0.006321	0.002231	
0.000967	0.032882	0.086074	0.288201	0.213733	0.192456	0.075435	0.054159	0.022244	0.032882	0.000967	
0.004545	0.004545	0.154545	0.404545	0.054545	0.004545	0.204545	0.054545	0.054545	0.004545	0.054545	
0.012987	0.012987	0.298701	0.012987	0.012987	0.298701	0.155844	0.012987	0.155844	0.012987	0.012987	
0.018182	0.018182	0.218182	0.218182	0.218182	0.018182	0.218182	0.018182	0.018182	0.018182	0.018182	
0.030303	0.030303	0.363636	0.363636	0.030303	0.030303	0.030303	0.030303	0.030303	0.030303	0.030303	
0.018182	0.018182	0.218182	0.218182	0.018182	0.218182	0.018182	0.018182	0.218182	0.018182	0.018182	
0.015152	0.015152	0.181818	0.348485	0.015152	0.181818	0.015152	0.015152	0.015152	0.181818	0.015152	
0.015152	0.181818	0.015152	0.181818	0.015152	0.181818	0.015152	0.181818	0.181818	0.015152	0.015152	
0.030303	0.030303	0.363636	0.030303	0.030303	0.363636	0.030303	0.030303	0.030303	0.030303	0.030303	


Vector Pi :

0.002933	0.809384	0.099707	0.035191	0.035191	0.002933	0.002933	0.002933	0.002933	0.002933	0.002933	


Vector Phi :

0.001653	0.761015	0.149711	0.031354	0.009949	0.008288	0.004967	0.008248	0.009923	0.009938	0.004953	
