
Parameters: 11 states AND 11 symbols

Matrix A :

0.0909091	0.0909091	0.0909091	0.0909091	0.0909091	0.0909091	0.0909091	0.0909091	0.0909091	0.0909091	0.0909091	
0.000161473	0.762151	0.188439	0.0339093	0.0108187	0.00371387	0.000161473	0.000161473	0.000161473	0.000161473	0.000161473	
0.000330579	0.360331	0.41124	0.160331	0.0512397	0.014876	0.000330579	0.000330579	0.000330579	0.000330579	0.000330579	
0.000568182	0.163068	0.263068	0.344318	0.125568	0.0693182	0.0130682	0.00681818	0.000568182	0.0130682	0.000568182	
0.0011655	0.0780886	0.0909091	0.308858	0.231935	0.167832	0.0780886	0.013986	0.0268065	0.0011655	0.0011655	
0.00165289	0.0198347	0.0561983	0.219835	0.219835	0.201653	0.165289	0.0743802	0.0380165	0.00165289	0.00165289	
0.00284091	0.0340909	0.0340909	0.159091	0.127841	0.127841	0.190341	0.221591	0.0653409	0.0340909	0.00284091	
0.00378788	0.00378788	0.0871212	0.00378788	0.0871212	0.337121	0.253788	0.128788	0.0454545	0.0454545	0.00378788	
0.00826446	0.00826446	0.00826446	0.00826446	0.00826446	0.0991736	0.0991736	0.46281	0.190083	0.00826446	0.0991736	
0.012987	0.012987	0.012987	0.012987	0.012987	0.155844	0.155844	0.298701	0.155844	0.012987	0.155844	
0.030303	0.030303	0.030303	0.030303	0.030303	0.030303	0.030303	0.030303	0.030303	0.69697	0.030303	


Matrix B :

0.0909091	0.0909091	0.0909091	0.0909091	0.0909091	0.0909091	0.0909091	0.0909091	0.0909091	0.0909091	0.0909091	
0.000154345	0.4263	0.338015	0.139373	0.0544837	0.0307146	0.00694552	0.00185214	0.00185214	0.000154345	0.000154345	
0.00031027	0.031027	0.512256	0.300652	0.102699	0.0378529	0.00713621	0.00713621	0.00031027	0.00031027	0.00031027	
0.000544366	0.00653239	0.252041	0.395754	0.198149	0.102341	0.0364725	0.00653239	0.000544366	0.000544366	0.000544366	
0.00112233	0.00112233	0.0505051	0.223345	0.482604	0.198653	0.0381594	0.00112233	0.00112233	0.00112233	0.00112233	
0.00151515	0.00151515	0.0348485	0.168182	0.201515	0.301515	0.234848	0.00151515	0.0515152	0.00151515	0.00151515	
0.00284091	0.00284091	0.00284091	0.221591	0.221591	0.221591	0.127841	0.127841	0.00284091	0.00284091	0.0653409	
0.00363636	0.00363636	0.00363636	0.0436364	0.123636	0.243636	0.323636	0.0836364	0.163636	0.00363636	0.00363636	
0.00826446	0.00826446	0.0991736	0.00826446	0.00826446	0.190083	0.371901	0.0991736	0.00826446	0.00826446	0.190083	
0.012987	0.012987	0.012987	0.012987	0.298701	0.155844	0.155844	0.155844	0.155844	0.012987	0.012987	
0.030303	0.030303	0.030303	0.030303	0.030303	0.030303	0.363636	0.030303	0.363636	0.030303	0.030303	


Vector Pi :

0.00149031	0.42772	0.296572	0.116244	0.0670641	0.0670641	0.00149031	0.0178838	0.00149031	0.00149031	0.00149031	


Vector Phi :

0.000829947	0.465279	0.227317	0.132288	0.0637393	0.0464567	0.0266455	0.019998	0.009145	0.00581038	0.00249137	
