
Parameters: 11 states AND 11 symbols

Matrix A :

0.0909091	0.0909091	0.0909091	0.0909091	0.0909091	0.0909091	0.0909091	0.0909091	0.0909091	0.0909091	0.0909091	
0.000120569	0.791898	0.188449	0.0173619	0.00144683	0.000120569	0.000120569	0.000120569	0.000120569	0.000120569	0.000120569	
0.000293255	0.461584	0.38739	0.139003	0.00674487	0.00351906	0.000293255	0.000293255	0.000293255	0.000293255	0.000293255	
0.000891266	0.118538	0.432264	0.334225	0.0891266	0.0106952	0.0106952	0.000891266	0.000891266	0.000891266	0.000891266	
0.00378788	0.0454545	0.0871212	0.378788	0.378788	0.0454545	0.0454545	0.00378788	0.00378788	0.00378788	0.00378788	
0.0181818	0.0181818	0.0181818	0.418182	0.418182	0.0181818	0.0181818	0.0181818	0.0181818	0.0181818	0.0181818	
0.0151515	0.0151515	0.0151515	0.0151515	0.0151515	0.181818	0.515152	0.0151515	0.0151515	0.0151515	0.181818	
0.0909091	0.0909091	0.0909091	0.0909091	0.0909091	0.0909091	0.0909091	0.0909091	0.0909091	0.0909091	0.0909091	
0.0909091	0.0909091	0.0909091	0.0909091	0.0909091	0.0909091	0.0909091	0.0909091	0.0909091	0.0909091	0.0909091	
0.0454545	0.0454545	0.545455	0.0454545	0.0454545	0.0454545	0.0454545	0.0454545	0.0454545	0.0454545	0.0454545	
0.030303	0.030303	0.030303	0.030303	0.030303	0.030303	0.030303	0.030303	0.030303	0.363636	0.363636	


Matrix B :

0.0909091	0.0909091	0.0909091	0.0909091	0.0909091	0.0909091	0.0909091	0.0909091	0.0909091	0.0909091	0.0909091	
0.000115075	0.424166	0.410242	0.119102	0.0304948	0.0115075	0.0013809	0.00264672	0.000115075	0.000115075	0.000115075	
0.000278009	0.000278009	0.443703	0.382541	0.113428	0.0400334	0.0155685	0.00333611	0.000278009	0.000278009	0.000278009	
0.000841751	0.000841751	0.000841751	0.361953	0.408249	0.158249	0.0656566	0.000841751	0.000841751	0.000841751	0.000841751	
0.00363636	0.00363636	0.00363636	0.0436364	0.203636	0.323636	0.363636	0.0436364	0.00363636	0.00363636	0.00363636	
0.0181818	0.0181818	0.0181818	0.0181818	0.0181818	0.0181818	0.418182	0.218182	0.218182	0.0181818	0.0181818	
0.0151515	0.0151515	0.0151515	0.0151515	0.0151515	0.0151515	0.0151515	0.348485	0.515152	0.0151515	0.0151515	
0.0909091	0.0909091	0.0909091	0.0909091	0.0909091	0.0909091	0.0909091	0.0909091	0.0909091	0.0909091	0.0909091	
0.0909091	0.0909091	0.0909091	0.0909091	0.0909091	0.0909091	0.0909091	0.0909091	0.0909091	0.0909091	0.0909091	
0.0454545	0.0454545	0.0454545	0.0454545	0.0454545	0.0454545	0.0454545	0.0454545	0.545455	0.0454545	0.0454545	
0.030303	0.030303	0.030303	0.030303	0.030303	0.030303	0.030303	0.030303	0.030303	0.030303	0.69697	


Vector Pi :

0.00149031	0.591654	0.280179	0.099851	0.0178838	0.00149031	0.00149031	0.00149031	0.00149031	0.00149031	0.00149031	


Vector Phi :

0.00082713	0.623656	0.25641	0.0843672	0.0198511	0.00413565	0.00496278	0.00082713	0.00082713	0.00165426	0.00248139	
