
Parameters: 11 states AND 11 symbols

Matrix A :

0.090909	0.090909	0.090909	0.090909	0.090909	0.090909	0.090909	0.090909	0.090909	0.090909	0.090909	
0.000187	0.909652	0.059858	0.008418	0.008418	0.000187	0.004302	0.000187	0.004302	0.000187	0.004302	
0.001684	0.483165	0.149832	0.168350	0.001684	0.075758	0.075758	0.001684	0.020202	0.020202	0.001684	
0.003135	0.416928	0.210031	0.210031	0.141066	0.003135	0.003135	0.003135	0.003135	0.003135	0.003135	
0.007576	0.174242	0.340909	0.007576	0.090909	0.174242	0.090909	0.090909	0.007576	0.007576	0.007576	
0.011364	0.136364	0.261364	0.511364	0.011364	0.011364	0.011364	0.011364	0.011364	0.011364	0.011364	
0.011364	0.136364	0.136364	0.386364	0.261364	0.011364	0.011364	0.011364	0.011364	0.011364	0.011364	
0.045455	0.045455	0.045455	0.045455	0.045455	0.545455	0.045455	0.045455	0.045455	0.045455	0.045455	
0.022727	0.022727	0.522727	0.272727	0.022727	0.022727	0.022727	0.022727	0.022727	0.022727	0.022727	
0.045455	0.045455	0.545455	0.045455	0.045455	0.045455	0.045455	0.045455	0.045455	0.045455	0.045455	
0.030303	0.363636	0.030303	0.363636	0.030303	0.030303	0.030303	0.030303	0.030303	0.030303	0.030303	


Matrix B :

0.090909	0.090909	0.090909	0.090909	0.090909	0.090909	0.090909	0.090909	0.090909	0.090909	0.090909	
0.000178	0.340687	0.256538	0.158691	0.103896	0.060843	0.029532	0.015833	0.009963	0.013877	0.009963	
0.001623	0.037338	0.180195	0.340909	0.215909	0.126623	0.019481	0.055195	0.001623	0.019481	0.001623	
0.002933	0.035191	0.196481	0.228739	0.164223	0.164223	0.131965	0.035191	0.002933	0.002933	0.035191	
0.006993	0.083916	0.006993	0.237762	0.314685	0.083916	0.083916	0.083916	0.083916	0.006993	0.006993	
0.011364	0.011364	0.011364	0.136364	0.136364	0.261364	0.261364	0.136364	0.011364	0.011364	0.011364	
0.011364	0.011364	0.136364	0.136364	0.011364	0.136364	0.261364	0.136364	0.136364	0.011364	0.011364	
0.045455	0.045455	0.545455	0.045455	0.045455	0.045455	0.045455	0.045455	0.045455	0.045455	0.045455	
0.022727	0.022727	0.022727	0.022727	0.272727	0.272727	0.272727	0.022727	0.022727	0.022727	0.022727	
0.045455	0.045455	0.045455	0.045455	0.545455	0.045455	0.045455	0.045455	0.045455	0.045455	0.045455	
0.030303	0.030303	0.030303	0.030303	0.030303	0.363636	0.030303	0.030303	0.363636	0.030303	0.030303	


Vector Pi :

0.002933	0.809384	0.067449	0.067449	0.035191	0.002933	0.002933	0.002933	0.002933	0.002933	0.002933	


Vector Phi :

0.001642	0.798030	0.088670	0.047619	0.019704	0.013136	0.013136	0.003284	0.006568	0.003284	0.004926	
