
Parameters: 11 states AND 11 symbols

Matrix A :

0.090909	0.090909	0.090909	0.090909	0.090909	0.090909	0.090909	0.090909	0.090909	0.090909	0.090909	
0.000196	0.868447	0.073630	0.019635	0.008836	0.000196	0.004516	0.006676	0.006676	0.002356	0.008836	
0.001263	0.542929	0.195707	0.098485	0.070707	0.042929	0.015152	0.015152	0.001263	0.015152	0.001263	
0.003135	0.347962	0.278997	0.106583	0.175549	0.037618	0.003135	0.037618	0.003135	0.003135	0.003135	
0.005682	0.193182	0.318182	0.318182	0.068182	0.005682	0.068182	0.005682	0.005682	0.005682	0.005682	
0.018182	0.018182	0.618182	0.218182	0.018182	0.018182	0.018182	0.018182	0.018182	0.018182	0.018182	
0.018182	0.218182	0.218182	0.418182	0.018182	0.018182	0.018182	0.018182	0.018182	0.018182	0.018182	
0.015152	0.181818	0.515152	0.181818	0.015152	0.015152	0.015152	0.015152	0.015152	0.015152	0.015152	
0.022727	0.022727	0.772727	0.022727	0.022727	0.022727	0.022727	0.022727	0.022727	0.022727	0.022727	
0.030303	0.696970	0.030303	0.030303	0.030303	0.030303	0.030303	0.030303	0.030303	0.030303	0.030303	
0.018182	0.818182	0.018182	0.018182	0.018182	0.018182	0.018182	0.018182	0.018182	0.018182	0.018182	


Matrix B :

0.090909	0.090909	0.090909	0.090909	0.090909	0.090909	0.090909	0.090909	0.090909	0.090909	0.090909	
0.000186	0.557328	0.267532	0.096104	0.047124	0.014471	0.004267	0.006308	0.002226	0.004267	0.000186	
0.001229	0.271499	0.420147	0.109337	0.095823	0.068796	0.001229	0.001229	0.028256	0.001229	0.001229	
0.003135	0.141066	0.347962	0.278997	0.072100	0.037618	0.003135	0.037618	0.003135	0.037618	0.037618	
0.005348	0.122995	0.358289	0.181818	0.181818	0.064171	0.005348	0.064171	0.005348	0.005348	0.005348	
0.018182	0.018182	0.418182	0.218182	0.218182	0.018182	0.018182	0.018182	0.018182	0.018182	0.018182	
0.018182	0.218182	0.218182	0.018182	0.218182	0.218182	0.018182	0.018182	0.018182	0.018182	0.018182	
0.015152	0.181818	0.015152	0.015152	0.181818	0.015152	0.181818	0.181818	0.015152	0.015152	0.181818	
0.022727	0.022727	0.522727	0.022727	0.272727	0.022727	0.022727	0.022727	0.022727	0.022727	0.022727	
0.030303	0.030303	0.030303	0.030303	0.030303	0.363636	0.030303	0.030303	0.030303	0.363636	0.030303	
0.018182	0.018182	0.018182	0.218182	0.618182	0.018182	0.018182	0.018182	0.018182	0.018182	0.018182	


Vector Pi :

0.002933	0.873900	0.067449	0.002933	0.035191	0.002933	0.002933	0.002933	0.002933	0.002933	0.002933	


Vector Phi :

0.001642	0.760263	0.118227	0.047619	0.026273	0.008210	0.008210	0.009852	0.006568	0.004926	0.008210	
