
Parameters: 11 states AND 11 symbols

Matrix A :

0.0909091	0.0909091	0.0909091	0.0909091	0.0909091	0.0909091	0.0909091	0.0909091	0.0909091	0.0909091	0.0909091	
0.00011279	0.795398	0.188698	0.011279	0.00259418	0.00135349	0.00011279	0.00011279	0.00011279	0.00011279	0.00011279	
0.000299043	0.490431	0.408194	0.0792464	0.0134569	0.000299043	0.00358852	0.000299043	0.00358852	0.000299043	0.000299043	
0.00131752	0.160738	0.334651	0.392622	0.102767	0.00131752	0.00131752	0.00131752	0.00131752	0.00131752	0.00131752	
0.00505051	0.116162	0.227273	0.393939	0.171717	0.0606061	0.00505051	0.00505051	0.00505051	0.00505051	0.00505051	
0.030303	0.363636	0.030303	0.030303	0.363636	0.030303	0.030303	0.030303	0.030303	0.030303	0.030303	
0.0454545	0.0454545	0.545455	0.0454545	0.0454545	0.0454545	0.0454545	0.0454545	0.0454545	0.0454545	0.0454545	
0.0909091	0.0909091	0.0909091	0.0909091	0.0909091	0.0909091	0.0909091	0.0909091	0.0909091	0.0909091	0.0909091	
0.0454545	0.0454545	0.0454545	0.0454545	0.0454545	0.0454545	0.0454545	0.0454545	0.0454545	0.0454545	0.545455	
0.0909091	0.0909091	0.0909091	0.0909091	0.0909091	0.0909091	0.0909091	0.0909091	0.0909091	0.0909091	0.0909091	
0.0454545	0.0454545	0.0454545	0.545455	0.0454545	0.0454545	0.0454545	0.0454545	0.0454545	0.0454545	0.0454545	


Matrix B :

0.0909091	0.0909091	0.0909091	0.0909091	0.0909091	0.0909091	0.0909091	0.0909091	0.0909091	0.0909091	0.0909091	
0.000107458	0.3098	0.445734	0.160864	0.0509349	0.0142919	0.0131098	0.00365356	0.00128949	0.000107458	0.000107458	
0.000286779	0.00659593	0.325208	0.435618	0.158015	0.0412962	0.0129051	0.0097505	0.0097505	0.000286779	0.000286779	
0.014742	0.0012285	0.0552826	0.176904	0.35258	0.217445	0.12285	0.0282555	0.014742	0.014742	0.0012285	
0.00505051	0.00505051	0.00505051	0.0606061	0.338384	0.449495	0.0606061	0.0606061	0.00505051	0.00505051	0.00505051	
0.0227273	0.0227273	0.0227273	0.0227273	0.0227273	0.0227273	0.272727	0.522727	0.0227273	0.0227273	0.0227273	
0.030303	0.030303	0.030303	0.030303	0.030303	0.030303	0.030303	0.69697	0.030303	0.030303	0.030303	
0.0909091	0.0909091	0.0909091	0.0909091	0.0909091	0.0909091	0.0909091	0.0909091	0.0909091	0.0909091	0.0909091	
0.0454545	0.0454545	0.0454545	0.545455	0.0454545	0.0454545	0.0454545	0.0454545	0.0454545	0.0454545	0.0454545	
0.0909091	0.0909091	0.0909091	0.0909091	0.0909091	0.0909091	0.0909091	0.0909091	0.0909091	0.0909091	0.0909091	
0.0454545	0.0454545	0.0454545	0.545455	0.0454545	0.0454545	0.0454545	0.0454545	0.0454545	0.0454545	0.0454545	


Vector Pi :

0.00149031	0.673621	0.198212	0.0834575	0.00149031	0.0178838	0.0178838	0.00149031	0.00149031	0.00149031	0.00149031	


Vector Phi :

0.000828914	0.665376	0.252536	0.0572178	0.0149224	0.00248346	0.00165962	0.000828914	0.00165962	0.000828914	0.00165873	
