
Parameters: 11 states AND 11 symbols

Matrix A :

0.0909091	0.0909091	0.0909091	0.0909091	0.0909091	0.0909091	0.0909091	0.0909091	0.0909091	0.0909091	0.0909091	
0.000181818	0.884182	0.112182	0.00218182	0.000181818	0.000181818	0.000181818	0.000181818	0.000181818	0.000181818	0.000181818	
0.000311333	0.185243	0.685243	0.120174	0.00373599	0.00373599	0.000311333	0.000311333	0.000311333	0.000311333	0.000311333	
0.000486145	0.0165289	0.176957	0.679631	0.112786	0.00583374	0.00583374	0.000486145	0.000486145	0.000486145	0.000486145	
0.00103306	0.0123967	0.0123967	0.216942	0.637397	0.0919421	0.0237603	0.00103306	0.00103306	0.00103306	0.00103306	
0.00227273	0.00227273	0.00227273	0.0772727	0.177273	0.452273	0.202273	0.0522727	0.00227273	0.0272727	0.00227273	
0.0020202	0.0020202	0.0020202	0.0242424	0.0464646	0.246465	0.557576	0.0686869	0.0242424	0.0242424	0.0020202	
0.00413223	0.00413223	0.00413223	0.00413223	0.00413223	0.00413223	0.322314	0.458678	0.18595	0.00413223	0.00413223	
0.00757576	0.00757576	0.00757576	0.00757576	0.00757576	0.00757576	0.00757576	0.340909	0.340909	0.0909091	0.174242	
0.012987	0.012987	0.012987	0.012987	0.012987	0.012987	0.012987	0.298701	0.155844	0.298701	0.155844	
0.0151515	0.0151515	0.0151515	0.0151515	0.0151515	0.0151515	0.181818	0.0151515	0.181818	0.181818	0.348485	


Matrix B :

0.0909091	0.0909091	0.0909091	0.0909091	0.0909091	0.0909091	0.0909091	0.0909091	0.0909091	0.0909091	0.0909091	
0.000174155	0.224312	0.28753	0.279868	0.147684	0.0442355	0.00592128	0.0097527	0.000174155	0.000174155	0.000174155	
0.000296121	0.000296121	0.179449	0.283684	0.273912	0.150133	0.0687	0.0328694	0.0100681	0.000296121	0.000296121	
0.000459137	0.000459137	0.0105601	0.151974	0.162075	0.263085	0.177227	0.162075	0.0560147	0.0156107	0.000459137	
0.000956938	0.000956938	0.000956938	0.10622	0.10622	0.169378	0.327273	0.116746	0.137799	0.0325359	0.000956938	
0.0021645	0.0021645	0.0021645	0.0974026	0.287879	0.287879	0.168831	0.0021645	0.0497835	0.0735931	0.025974	
0.00193424	0.00193424	0.00193424	0.193424	0.129594	0.34236	0.15087	0.00193424	0.065764	0.00193424	0.108317	
0.00395257	0.00395257	0.00395257	0.134387	0.0909091	0.0474308	0.177866	0.3083	0.0909091	0.00395257	0.134387	
0.00757576	0.00757576	0.0909091	0.0909091	0.00757576	0.0909091	0.257576	0.424242	0.00757576	0.00757576	0.00757576	
0.012987	0.012987	0.012987	0.441558	0.298701	0.012987	0.155844	0.012987	0.012987	0.012987	0.012987	
0.0151515	0.0151515	0.0151515	0.515152	0.0151515	0.0151515	0.348485	0.0151515	0.0151515	0.0151515	0.0151515	


Vector Pi :

0.00149031	0.345753	0.263785	0.181818	0.116244	0.0342772	0.0342772	0.0178838	0.00149031	0.00149031	0.00149031	


Vector Phi :

0.000831185	0.420352	0.241392	0.15483	0.0729365	0.0331992	0.0373834	0.0182893	0.00997841	0.0058186	0.0049897	
