
Parameters: 11 states AND 11 symbols

Matrix A :

0.0909091	0.0909091	0.0909091	0.0909091	0.0909091	0.0909091	0.0909091	0.0909091	0.0909091	0.0909091	0.0909091	
0.000131372	0.923542	0.0752759	0.000131372	0.000131372	0.000131372	0.000131372	0.000131372	0.000131372	0.000131372	0.000131372	
0.000287687	0.164845	0.762946	0.0572497	0.0066168	0.00345224	0.00345224	0.000287687	0.000287687	0.000287687	0.000287687	
0.000999001	0.011988	0.231768	0.649351	0.0999001	0.000999001	0.000999001	0.000999001	0.000999001	0.000999001	0.000999001	
0.0026738	0.0026738	0.0026738	0.326203	0.532086	0.120321	0.0026738	0.0026738	0.0026738	0.0026738	0.0026738	
0.00568182	0.00568182	0.0681818	0.130682	0.0681818	0.380682	0.318182	0.00568182	0.00568182	0.00568182	0.00568182	
0.00568182	0.00568182	0.00568182	0.00568182	0.193182	0.0681818	0.443182	0.193182	0.0681818	0.00568182	0.00568182	
0.00909091	0.00909091	0.00909091	0.00909091	0.00909091	0.309091	0.209091	0.209091	0.209091	0.00909091	0.00909091	
0.00606061	0.00606061	0.00606061	0.00606061	0.00606061	0.00606061	0.00606061	0.272727	0.539394	0.139394	0.00606061	
0.0227273	0.0227273	0.0227273	0.0227273	0.0227273	0.0227273	0.0227273	0.0227273	0.522727	0.272727	0.0227273	
0.0181818	0.0181818	0.0181818	0.0181818	0.0181818	0.0181818	0.0181818	0.0181818	0.218182	0.0181818	0.618182	


Matrix B :

0.0909091	0.0909091	0.0909091	0.0909091	0.0909091	0.0909091	0.0909091	0.0909091	0.0909091	0.0909091	0.0909091	
0.000124363	0.186171	0.339386	0.273722	0.131451	0.0521079	0.0110683	0.00559632	0.000124363	0.000124363	0.000124363	
0.000275482	0.000275482	0.0820937	0.257851	0.34573	0.215427	0.0820937	0.015427	0.000275482	0.000275482	0.000275482	
0.000977517	0.000977517	0.0117302	0.151515	0.259042	0.2913	0.140762	0.13001	0.0117302	0.000977517	0.000977517	
0.00252525	0.00252525	0.00252525	0.0858586	0.169192	0.113636	0.252525	0.224747	0.141414	0.00252525	0.00252525	
0.00568182	0.00568182	0.00568182	0.0681818	0.318182	0.0681818	0.0681818	0.130682	0.255682	0.0681818	0.00568182	
0.00505051	0.00505051	0.00505051	0.00505051	0.00505051	0.0606061	0.00505051	0.227273	0.338384	0.282828	0.0606061	
0.00909091	0.00909091	0.00909091	0.00909091	0.00909091	0.209091	0.309091	0.00909091	0.00909091	0.109091	0.309091	
0.00568182	0.00568182	0.00568182	0.00568182	0.00568182	0.568182	0.00568182	0.00568182	0.0681818	0.130682	0.193182	
0.0227273	0.0227273	0.0227273	0.0227273	0.0227273	0.272727	0.272727	0.0227273	0.0227273	0.272727	0.0227273	
0.0181818	0.0181818	0.0181818	0.0181818	0.218182	0.618182	0.0181818	0.0181818	0.0181818	0.0181818	0.0181818	


Vector Pi :

0.00149031	0.624441	0.230999	0.0342772	0.0342772	0.00149031	0.0342772	0.00149031	0.0178838	0.00149031	0.0178838	


Vector Phi :

0.000719134	0.588232	0.264506	0.0740938	0.0270476	0.0121306	0.0119883	0.00697779	0.009805	0.00270225	0.00179804	
