
Parameters: 11 states AND 11 symbols

Matrix A :

0.0909091	0.0909091	0.0909091	0.0909091	0.0909091	0.0909091	0.0909091	0.0909091	0.0909091	0.0909091	0.0909091	
0.00013369	0.863369	0.132487	0.00307487	0.00013369	0.00013369	0.00013369	0.00013369	0.00013369	0.00013369	0.00013369	
0.000272183	0.260751	0.617039	0.117039	0.00326619	0.000272183	0.000272183	0.000272183	0.000272183	0.000272183	0.000272183	
0.000699301	0.0391608	0.277622	0.593007	0.0776224	0.00839161	0.000699301	0.000699301	0.000699301	0.000699301	0.000699301	
0.00395257	0.0474308	0.0474308	0.351779	0.351779	0.134387	0.0474308	0.00395257	0.00395257	0.00395257	0.00395257	
0.012987	0.012987	0.012987	0.155844	0.298701	0.155844	0.298701	0.012987	0.012987	0.012987	0.012987	
0.00606061	0.00606061	0.00606061	0.139394	0.0727273	0.0727273	0.472727	0.139394	0.0727273	0.00606061	0.00606061	
0.0181818	0.0181818	0.0181818	0.0181818	0.0181818	0.0181818	0.418182	0.218182	0.0181818	0.218182	0.0181818	
0.030303	0.030303	0.030303	0.030303	0.030303	0.030303	0.030303	0.363636	0.363636	0.030303	0.030303	
0.0227273	0.0227273	0.0227273	0.0227273	0.0227273	0.0227273	0.272727	0.0227273	0.0227273	0.272727	0.272727	
0.030303	0.030303	0.030303	0.030303	0.030303	0.030303	0.030303	0.030303	0.030303	0.363636	0.363636	


Matrix B :

0.0909091	0.0909091	0.0909091	0.0909091	0.0909091	0.0909091	0.0909091	0.0909091	0.0909091	0.0909091	0.0909091	
0.000126614	0.345531	0.346923	0.203469	0.0753355	0.021018	0.00569764	0.000126614	0.000126614	0.00151937	0.000126614	
0.000262743	0.055176	0.500263	0.254598	0.0956385	0.0580662	0.0176038	0.00893326	0.00893326	0.000262743	0.000262743	
0.000668449	0.000668449	0.162433	0.493316	0.199198	0.0815508	0.0227273	0.00802139	0.0153743	0.000668449	0.0153743	
0.0034965	0.0034965	0.0034965	0.234266	0.426573	0.234266	0.0034965	0.0804196	0.0034965	0.0034965	0.0034965	
0.012987	0.012987	0.012987	0.155844	0.155844	0.441558	0.155844	0.012987	0.012987	0.012987	0.012987	
0.00606061	0.00606061	0.00606061	0.00606061	0.339394	0.539394	0.0727273	0.00606061	0.00606061	0.00606061	0.00606061	
0.0181818	0.0181818	0.0181818	0.0181818	0.0181818	0.818182	0.0181818	0.0181818	0.0181818	0.0181818	0.0181818	
0.030303	0.030303	0.030303	0.030303	0.030303	0.030303	0.69697	0.030303	0.030303	0.030303	0.030303	
0.0181818	0.0181818	0.0181818	0.0181818	0.0181818	0.0181818	0.218182	0.618182	0.0181818	0.0181818	0.0181818	
0.030303	0.030303	0.030303	0.030303	0.030303	0.030303	0.030303	0.69697	0.030303	0.030303	0.030303	


Vector Pi :

0.00149031	0.608048	0.198212	0.099851	0.0506706	0.00149031	0.0178838	0.00149031	0.00149031	0.0178838	0.00149031	


Vector Phi :

0.000757859	0.570718	0.277987	0.10632	0.0183373	0.00538828	0.00976486	0.00345533	0.00211328	0.00292457	0.00223351	
