
Parameters: 11 states AND 11 symbols

Matrix A :

0.0909091	0.0909091	0.0909091	0.0909091	0.0909091	0.0909091	0.0909091	0.0909091	0.0909091	0.0909091	0.0909091	
0.000247709	0.722319	0.250929	0.0165965	0.0056973	0.0029725	0.000247709	0.000247709	0.000247709	0.000247709	0.000247709	
0.000244379	0.236804	0.570137	0.169599	0.0163734	0.00293255	0.00293255	0.000244379	0.000244379	0.000244379	0.000244379	
0.000418936	0.0603268	0.281525	0.479682	0.161709	0.0142438	0.000418936	0.000418936	0.000418936	0.000418936	0.000418936	
0.000882613	0.000882613	0.0688438	0.340688	0.33098	0.214475	0.0300088	0.0105914	0.000882613	0.000882613	0.000882613	
0.0016835	0.0016835	0.0016835	0.0572391	0.372054	0.29798	0.16835	0.0757576	0.0016835	0.020202	0.0016835	
0.002457	0.002457	0.002457	0.0835381	0.110565	0.191646	0.353808	0.164619	0.0565111	0.029484	0.002457	
0.00378788	0.00378788	0.00378788	0.0871212	0.00378788	0.128788	0.337121	0.128788	0.253788	0.0454545	0.00378788	
0.00649351	0.00649351	0.00649351	0.00649351	0.00649351	0.00649351	0.149351	0.435065	0.220779	0.0779221	0.0779221	
0.0113636	0.0113636	0.0113636	0.0113636	0.0113636	0.0113636	0.0113636	0.386364	0.136364	0.0113636	0.386364	
0.0113636	0.0113636	0.0113636	0.0113636	0.0113636	0.0113636	0.0113636	0.0113636	0.136364	0.386364	0.386364	


Matrix B :

0.0909091	0.0909091	0.0909091	0.0909091	0.0909091	0.0909091	0.0909091	0.0909091	0.0909091	0.0909091	0.0909091	
0.000236128	0.197639	0.262574	0.228808	0.140496	0.0859504	0.0469894	0.0210153	0.0132231	0.00283353	0.000236128	
0.000234302	0.0388941	0.394564	0.286317	0.149719	0.0698219	0.0311621	0.0208529	0.00281162	0.00538894	0.000234302	
0.000393546	0.000393546	0.112948	0.441952	0.268792	0.0999606	0.0436836	0.0263676	0.00472255	0.000393546	0.000393546	
0.000849618	0.000849618	0.000849618	0.187766	0.514868	0.159728	0.075616	0.0382328	0.0101954	0.000849618	0.0101954	
0.0015949	0.0015949	0.0015949	0.0015949	0.299841	0.440191	0.177033	0.0366826	0.0015949	0.0015949	0.0366826	
0.00227273	0.00227273	0.00227273	0.00227273	0.00227273	0.402273	0.427273	0.127273	0.0272727	0.00227273	0.00227273	
0.00363636	0.00363636	0.00363636	0.00363636	0.00363636	0.0836364	0.403636	0.403636	0.0836364	0.00363636	0.00363636	
0.00606061	0.00606061	0.00606061	0.00606061	0.00606061	0.00606061	0.0727273	0.672727	0.139394	0.00606061	0.0727273	
0.0113636	0.0113636	0.0113636	0.0113636	0.0113636	0.0113636	0.0113636	0.0113636	0.761364	0.0113636	0.136364	
0.0113636	0.0113636	0.0113636	0.0113636	0.0113636	0.0113636	0.0113636	0.0113636	0.511364	0.386364	0.0113636	


Vector Pi :

0.00149031	0.296572	0.247392	0.230999	0.0834575	0.0506706	0.0506706	0.0178838	0.0178838	0.00149031	0.00149031	


Vector Phi :

0.000821891	0.306397	0.311043	0.179522	0.0836892	0.0440902	0.030251	0.0196251	0.0114563	0.00654982	0.00655421	
