
Parameters: 11 states AND 11 symbols

Matrix A :

0.0909091	0.0909091	0.0909091	0.0909091	0.0909091	0.0909091	0.0909091	0.0909091	0.0909091	0.0909091	0.0909091	
0.000225023	0.772502	0.193294	0.0249775	0.00765077	0.000225023	0.000225023	0.000225023	0.000225023	0.000225023	0.000225023	
0.000250438	0.217881	0.633859	0.132482	0.0085149	0.00576008	0.000250438	0.000250438	0.000250438	0.000250438	0.000250438	
0.000483559	0.053675	0.261122	0.511122	0.138781	0.0323985	0.000483559	0.000483559	0.000483559	0.000483559	0.000483559	
0.000865801	0.0199134	0.038961	0.258009	0.505628	0.124675	0.0484848	0.000865801	0.000865801	0.000865801	0.000865801	
0.00193424	0.00193424	0.00193424	0.108317	0.321083	0.299807	0.2147	0.0444874	0.00193424	0.00193424	0.00193424	
0.002331	0.002331	0.002331	0.027972	0.104895	0.2331	0.310023	0.258741	0.027972	0.027972	0.002331	
0.003367	0.003367	0.003367	0.003367	0.040404	0.0774411	0.3367	0.373737	0.0774411	0.040404	0.040404	
0.010101	0.010101	0.010101	0.010101	0.010101	0.010101	0.232323	0.343434	0.232323	0.121212	0.010101	
0.012987	0.012987	0.012987	0.012987	0.012987	0.012987	0.012987	0.155844	0.298701	0.298701	0.155844	
0.00909091	0.00909091	0.00909091	0.00909091	0.00909091	0.00909091	0.00909091	0.00909091	0.109091	0.109091	0.709091	


Matrix B :

0.0909091	0.0909091	0.0909091	0.0909091	0.0909091	0.0909091	0.0909091	0.0909091	0.0909091	0.0909091	0.0909091	
0.000214915	0.25317	0.317	0.198796	0.073501	0.0711369	0.0427681	0.0191274	0.0120352	0.00494305	0.00730711	
0.000236742	0.0653409	0.424716	0.268466	0.112216	0.0523201	0.0340909	0.0210701	0.0106534	0.00544508	0.00544508	
0.000468604	0.000468604	0.175726	0.531396	0.160262	0.0623243	0.0313964	0.00562324	0.00562324	0.00562324	0.0210872	
0.000811688	0.000811688	0.00974026	0.44724	0.250812	0.0900974	0.0722403	0.0633117	0.0275974	0.0275974	0.00974026	
0.00189394	0.00189394	0.00189394	0.106061	0.314394	0.231061	0.106061	0.0227273	0.0852273	0.0852273	0.0435606	
0.00211416	0.00211416	0.00211416	0.02537	0.211416	0.30444	0.257928	0.164905	0.02537	0.00211416	0.00211416	
0.003367	0.003367	0.003367	0.003367	0.0774411	0.151515	0.410774	0.188552	0.151515	0.003367	0.003367	
0.00909091	0.00909091	0.00909091	0.00909091	0.209091	0.00909091	0.209091	0.209091	0.309091	0.00909091	0.00909091	
0.0113636	0.0113636	0.0113636	0.0113636	0.261364	0.386364	0.0113636	0.0113636	0.261364	0.0113636	0.0113636	
0.00909091	0.00909091	0.00909091	0.00909091	0.00909091	0.00909091	0.109091	0.609091	0.209091	0.00909091	0.00909091	


Vector Pi :

0.00149031	0.312966	0.362146	0.099851	0.099851	0.0178838	0.0670641	0.00149031	0.0178838	0.0178838	0.00149031	


Vector Phi :

0.000843124	0.334393	0.299724	0.15726	0.0898905	0.0398547	0.0331231	0.0229021	0.00762231	0.00592715	0.00846053	
