
Parameters: 11 states AND 11 symbols

Matrix A :

0.0909091	0.0909091	0.0909091	0.0909091	0.0909091	0.0909091	0.0909091	0.0909091	0.0909091	0.0909091	0.0909091	
0.00017449	0.867737	0.123015	0.00593265	0.00017449	0.00209388	0.00017449	0.00017449	0.00017449	0.00017449	0.00017449	
0.000275482	0.185124	0.676033	0.130579	0.00330579	0.000275482	0.000275482	0.000275482	0.000275482	0.00330579	0.000275482	
0.000441306	0.0198588	0.19947	0.675199	0.0926743	0.01015	0.000441306	0.000441306	0.000441306	0.000441306	0.000441306	
0.00126263	0.0151515	0.0151515	0.265152	0.570707	0.0984848	0.0290404	0.00126263	0.00126263	0.00126263	0.00126263	
0.0031348	0.0031348	0.0031348	0.0376176	0.244514	0.589342	0.0721003	0.0376176	0.0031348	0.0031348	0.0031348	
0.0113636	0.0113636	0.136364	0.0113636	0.386364	0.0113636	0.136364	0.261364	0.0113636	0.0113636	0.0113636	
0.00826446	0.00826446	0.00826446	0.00826446	0.00826446	0.0991736	0.0991736	0.553719	0.190083	0.00826446	0.00826446	
0.00649351	0.00649351	0.00649351	0.00649351	0.00649351	0.00649351	0.0779221	0.0779221	0.720779	0.0779221	0.00649351	
0.0181818	0.218182	0.0181818	0.0181818	0.0181818	0.0181818	0.0181818	0.0181818	0.218182	0.0181818	0.418182	
0.030303	0.030303	0.030303	0.030303	0.030303	0.030303	0.030303	0.030303	0.030303	0.69697	0.030303	


Matrix B :

0.0909091	0.0909091	0.0909091	0.0909091	0.0909091	0.0909091	0.0909091	0.0909091	0.0909091	0.0909091	0.0909091	
0.0001665	0.313353	0.357309	0.154013	0.0880786	0.0789211	0.00749251	0.0001665	0.0001665	0.0001665	0.0001665	
0.000261986	0.00890752	0.363374	0.34032	0.181818	0.0723081	0.0233167	0.00314383	0.00314383	0.00314383	0.000261986	
0.000422833	0.000422833	0.0701903	0.42833	0.288795	0.158562	0.0283298	0.00972516	0.0143763	0.000422833	0.000422833	
0.0011655	0.0011655	0.0011655	0.257576	0.385781	0.193473	0.039627	0.0652681	0.039627	0.0011655	0.013986	
0.00293255	0.00293255	0.00293255	0.196481	0.486804	0.228739	0.0351906	0.0351906	0.00293255	0.00293255	0.00293255	
0.0113636	0.0113636	0.136364	0.136364	0.0113636	0.136364	0.136364	0.261364	0.0113636	0.0113636	0.136364	
0.00826446	0.00826446	0.00826446	0.00826446	0.0991736	0.190083	0.190083	0.0991736	0.371901	0.00826446	0.00826446	
0.00606061	0.00606061	0.00606061	0.00606061	0.206061	0.0727273	0.206061	0.206061	0.0727273	0.0727273	0.139394	
0.0181818	0.0181818	0.218182	0.0181818	0.618182	0.0181818	0.0181818	0.0181818	0.0181818	0.0181818	0.0181818	
0.030303	0.030303	0.030303	0.363636	0.363636	0.030303	0.030303	0.030303	0.030303	0.030303	0.030303	


Vector Pi :

0.00149031	0.42772	0.263785	0.149031	0.099851	0.0342772	0.00149031	0.00149031	0.0178838	0.00149031	0.00149031	


Vector Phi :

0.000836217	0.430753	0.276904	0.172635	0.0603046	0.0242602	0.00669462	0.00920295	0.0117135	0.00418567	0.0025105	
