
Parameters: 11 states AND 11 symbols

Matrix A :

0.090909	0.090909	0.090909	0.090909	0.090909	0.090909	0.090909	0.090909	0.090909	0.090909	0.090909	
0.000283	0.850750	0.118663	0.015860	0.006514	0.000283	0.000283	0.000283	0.000283	0.000283	0.006514	
0.000627	0.262696	0.559248	0.152351	0.014420	0.007524	0.000627	0.000627	0.000627	0.000627	0.000627	
0.001684	0.131313	0.316498	0.242424	0.260943	0.038721	0.001684	0.001684	0.001684	0.001684	0.001684	
0.002273	0.027273	0.102273	0.252273	0.352273	0.127273	0.027273	0.027273	0.052273	0.002273	0.027273	
0.007576	0.090909	0.174242	0.090909	0.257576	0.174242	0.007576	0.090909	0.007576	0.090909	0.007576	
0.018182	0.018182	0.018182	0.418182	0.218182	0.018182	0.218182	0.018182	0.018182	0.018182	0.018182	
0.018182	0.218182	0.018182	0.018182	0.418182	0.018182	0.018182	0.018182	0.218182	0.018182	0.018182	
0.018182	0.018182	0.018182	0.018182	0.018182	0.218182	0.018182	0.218182	0.218182	0.218182	0.018182	
0.012987	0.012987	0.012987	0.012987	0.012987	0.012987	0.298701	0.012987	0.012987	0.298701	0.298701	
0.009091	0.009091	0.109091	0.009091	0.109091	0.009091	0.009091	0.109091	0.009091	0.209091	0.409091	


Matrix B :

0.090909	0.090909	0.090909	0.090909	0.090909	0.090909	0.090909	0.090909	0.090909	0.090909	0.090909	
0.000268	0.286404	0.413248	0.180209	0.059265	0.023867	0.029767	0.006168	0.000268	0.000268	0.000268	
0.000594	0.072490	0.262032	0.255496	0.255496	0.059418	0.020202	0.033274	0.013666	0.020202	0.007130	
0.001653	0.038017	0.256198	0.292562	0.219835	0.110744	0.056198	0.019835	0.001653	0.001653	0.001653	
0.002165	0.073593	0.145022	0.311688	0.192641	0.121212	0.049784	0.073593	0.025974	0.002165	0.002165	
0.007576	0.007576	0.340909	0.174242	0.174242	0.174242	0.090909	0.007576	0.007576	0.007576	0.007576	
0.018182	0.018182	0.018182	0.018182	0.818182	0.018182	0.018182	0.018182	0.018182	0.018182	0.018182	
0.018182	0.018182	0.018182	0.218182	0.018182	0.018182	0.418182	0.218182	0.018182	0.018182	0.018182	
0.018182	0.018182	0.218182	0.218182	0.018182	0.018182	0.018182	0.418182	0.018182	0.018182	0.018182	
0.012987	0.012987	0.012987	0.298701	0.298701	0.155844	0.155844	0.012987	0.012987	0.012987	0.012987	
0.099174	0.008264	0.008264	0.190083	0.099174	0.190083	0.008264	0.099174	0.008264	0.099174	0.190083	


Vector Pi :

0.002933	0.551320	0.293255	0.035191	0.067449	0.002933	0.002933	0.002933	0.002933	0.002933	0.035191	


Vector Phi :

0.001646	0.535188	0.236487	0.088537	0.065707	0.019696	0.008229	0.008227	0.008221	0.011532	0.016530	
