
Parameters: 11 states AND 11 symbols

Matrix A :

0.090909	0.090909	0.090909	0.090909	0.090909	0.090909	0.090909	0.090909	0.090909	0.090909	0.090909	
0.000402	0.748190	0.155270	0.057924	0.013677	0.000402	0.009252	0.009252	0.000402	0.004827	0.000402	
0.000758	0.292424	0.450758	0.134091	0.050758	0.009091	0.025758	0.000758	0.009091	0.017424	0.009091	
0.001299	0.101299	0.287013	0.315584	0.115584	0.101299	0.029870	0.015584	0.029870	0.001299	0.001299	
0.002674	0.090909	0.179144	0.179144	0.179144	0.296791	0.002674	0.061497	0.002674	0.002674	0.002674	
0.002331	0.053613	0.053613	0.207459	0.181818	0.233100	0.258741	0.002331	0.002331	0.002331	0.002331	
0.003030	0.069697	0.036364	0.003030	0.036364	0.303030	0.269697	0.069697	0.136364	0.069697	0.003030	
0.006061	0.139394	0.072727	0.072727	0.006061	0.072727	0.072727	0.272727	0.272727	0.006061	0.006061	
0.003030	0.069697	0.003030	0.003030	0.036364	0.036364	0.103030	0.103030	0.436364	0.203030	0.003030	
0.004329	0.051948	0.051948	0.051948	0.004329	0.004329	0.004329	0.004329	0.242424	0.337662	0.242424	
0.004785	0.057416	0.004785	0.110048	0.057416	0.004785	0.004785	0.004785	0.004785	0.110048	0.636364	


Matrix B :

0.090909	0.090909	0.090909	0.090909	0.090909	0.090909	0.090909	0.090909	0.090909	0.090909	0.090909	
0.000384	0.354814	0.388569	0.177599	0.055236	0.017261	0.004603	0.000384	0.000384	0.000384	0.000384	
0.000722	0.175325	0.207071	0.413420	0.143579	0.040404	0.016595	0.000722	0.000722	0.000722	0.000722	
0.001245	0.083437	0.412204	0.138232	0.206725	0.097136	0.014944	0.028643	0.001245	0.014944	0.001245	
0.002457	0.029484	0.218673	0.407862	0.245700	0.029484	0.029484	0.002457	0.029484	0.002457	0.002457	
0.002331	0.002331	0.181818	0.310023	0.233100	0.104895	0.079254	0.053613	0.002331	0.027972	0.002331	
0.002755	0.002755	0.123967	0.245179	0.366391	0.002755	0.002755	0.033058	0.093664	0.093664	0.033058	
0.005682	0.005682	0.068182	0.193182	0.193182	0.255682	0.068182	0.005682	0.005682	0.068182	0.130682	
0.002933	0.002933	0.035191	0.228739	0.067449	0.164223	0.228739	0.131965	0.099707	0.002933	0.035191	
0.047431	0.003953	0.221344	0.090909	0.003953	0.090909	0.047431	0.264822	0.090909	0.134387	0.003953	
0.004785	0.004785	0.004785	0.110048	0.110048	0.110048	0.162679	0.267943	0.110048	0.004785	0.110048	


Vector Pi :

0.002933	0.390029	0.164223	0.099707	0.099707	0.002933	0.099707	0.035191	0.035191	0.067449	0.002933	


Vector Phi :

0.001657	0.370009	0.200617	0.115996	0.056391	0.064670	0.049733	0.024811	0.049736	0.034832	0.031546	
