
Parameters: 11 states AND 11 symbols

Matrix A :

0.0454545	0.0454545	0.0454545	0.0454545	0.0454545	0.0454545	0.0454545	0.0454545	0.0454545	0.0454545	0.545455	
0.000154083	0.827273	0.162866	0.00693374	0.000154083	0.001849	0.000154083	0.000154083	0.000154083	0.000154083	0.000154083	
0.000241138	0.260188	0.605016	0.122257	0.0108512	0.000241138	0.000241138	0.000241138	0.000241138	0.000241138	0.000241138	
0.000602047	0.0270921	0.31186	0.530403	0.12643	0.000602047	0.000602047	0.000602047	0.000602047	0.000602047	0.000602047	
0.0015949	0.0015949	0.0542265	0.352472	0.457735	0.0893142	0.0366826	0.0015949	0.0015949	0.0015949	0.0015949	
0.00757576	0.00757576	0.0909091	0.00757576	0.507576	0.257576	0.00757576	0.00757576	0.00757576	0.0909091	0.00757576	
0.0151515	0.0151515	0.0151515	0.0151515	0.181818	0.181818	0.348485	0.0151515	0.181818	0.0151515	0.0151515	
0.0909091	0.0909091	0.0909091	0.0909091	0.0909091	0.0909091	0.0909091	0.0909091	0.0909091	0.0909091	0.0909091	
0.0181818	0.0181818	0.0181818	0.0181818	0.0181818	0.218182	0.218182	0.0181818	0.418182	0.0181818	0.0181818	
0.545455	0.0454545	0.0454545	0.0454545	0.0454545	0.0454545	0.0454545	0.0454545	0.0454545	0.0454545	0.0454545	
0.0454545	0.0454545	0.0454545	0.0454545	0.0454545	0.0454545	0.0454545	0.0454545	0.545455	0.0454545	0.0454545	


Matrix B :

0.0454545	0.0454545	0.0454545	0.0454545	0.0454545	0.0454545	0.0454545	0.0454545	0.0454545	0.0454545	0.545455	
0.00014758	0.284238	0.33781	0.194953	0.10729	0.0488489	0.0228749	0.00339433	0.00014758	0.00014758	0.00014758	
0.000227842	0.00774664	0.316017	0.38118	0.215767	0.0428344	0.0277968	0.00774664	0.000227842	0.000227842	0.000227842	
0.000579039	0.000579039	0.045165	0.331789	0.370006	0.166184	0.0579039	0.0260567	0.000579039	0.000579039	0.000579039	
0.00149031	0.00149031	0.00149031	0.0834575	0.42772	0.312966	0.099851	0.0670641	0.00149031	0.00149031	0.00149031	
0.00699301	0.00699301	0.00699301	0.00699301	0.237762	0.314685	0.237762	0.0839161	0.0839161	0.00699301	0.00699301	
0.012987	0.012987	0.012987	0.012987	0.441558	0.298701	0.155844	0.012987	0.012987	0.012987	0.012987	
0.0909091	0.0909091	0.0909091	0.0909091	0.0909091	0.0909091	0.0909091	0.0909091	0.0909091	0.0909091	0.0909091	
0.0181818	0.0181818	0.0181818	0.0181818	0.418182	0.218182	0.0181818	0.0181818	0.0181818	0.0181818	0.218182	
0.0454545	0.0454545	0.0454545	0.0454545	0.0454545	0.0454545	0.0454545	0.0454545	0.545455	0.0454545	0.0454545	
0.0454545	0.0454545	0.0454545	0.0454545	0.0454545	0.0454545	0.0454545	0.0454545	0.0454545	0.0454545	0.545455	


Vector Pi :

0.00149031	0.411326	0.378539	0.099851	0.0670641	0.0178838	0.0178838	0.00149031	0.00149031	0.00149031	0.00149031	


Vector Phi :

0.00165575	0.491966	0.311286	0.124796	0.0471215	0.0099335	0.00496345	0.000827901	0.00413838	0.00165569	0.00165577	
