
Parameters: 11 states AND 11 symbols

Matrix A :

0.0454545	0.0454545	0.0454545	0.0454545	0.0454545	0.0454545	0.0454545	0.0454545	0.0454545	0.545455	0.0454545	
0.000191388	0.802297	0.14756	0.0191388	0.00440191	0.00229665	0.00440191	0.000191388	0.0107177	0.00650718	0.00229665	
0.000372578	0.287258	0.479881	0.152012	0.0413562	0.0126677	0.0208644	0.000372578	0.000372578	0.000372578	0.00447094	
0.000598086	0.0532297	0.270335	0.42823	0.125598	0.0729665	0.0203349	0.00717703	0.00717703	0.00717703	0.00717703	
0.000956938	0.0535885	0.0746411	0.295694	0.390431	0.10622	0.0430622	0.0114833	0.0220096	0.000956938	0.000956938	
0.00131752	0.0447958	0.030303	0.11726	0.262187	0.349144	0.102767	0.0737813	0.0158103	0.00131752	0.00131752	
0.00193424	0.00193424	0.065764	0.00193424	0.108317	0.235977	0.34236	0.108317	0.0444874	0.0444874	0.0444874	
0.00275482	0.00275482	0.0633609	0.0936639	0.0330579	0.123967	0.15427	0.366391	0.123967	0.0330579	0.00275482	
0.00284091	0.127841	0.00284091	0.0340909	0.0340909	0.0653409	0.0340909	0.221591	0.190341	0.221591	0.0653409	
0.0025974	0.0311688	0.0025974	0.0311688	0.0311688	0.0597403	0.0597403	0.0311688	0.25974	0.402597	0.0883117	
0.0519481	0.0519481	0.0519481	0.004329	0.004329	0.004329	0.0519481	0.004329	0.0519481	0.242424	0.480519	


Matrix B :

0.0454545	0.0454545	0.0454545	0.0454545	0.545455	0.0454545	0.0454545	0.0454545	0.0454545	0.0454545	0.0454545	
0.000183284	0.326796	0.332845	0.205828	0.088893	0.0324413	0.00623167	0.00421554	0.00219941	0.000183284	0.000183284	
0.000355114	0.0433239	0.312855	0.367543	0.144886	0.0667614	0.0316051	0.0120739	0.0120739	0.00816761	0.000355114	
0.000554324	0.0127494	0.177384	0.213969	0.28714	0.177384	0.0920177	0.0127494	0.018847	0.000554324	0.00665188	
0.000918274	0.000918274	0.0514233	0.22314	0.233242	0.273646	0.0817264	0.0817264	0.0211203	0.0211203	0.0110193	
0.00126263	0.00126263	0.0568182	0.223485	0.223485	0.223485	0.15404	0.0290404	0.0429293	0.0429293	0.00126263	
0.00178253	0.00178253	0.0213904	0.11943	0.217469	0.197861	0.237077	0.0998217	0.0802139	0.0213904	0.00178253	
0.0026738	0.0026738	0.0026738	0.0909091	0.120321	0.237968	0.208556	0.26738	0.0320856	0.0320856	0.0026738	
0.00275482	0.00275482	0.0633609	0.0633609	0.214876	0.336088	0.123967	0.123967	0.0633609	0.00275482	0.00275482	
0.00252525	0.00252525	0.141414	0.0858586	0.0580808	0.19697	0.252525	0.0580808	0.0858586	0.0580808	0.0580808	
0.00413223	0.00413223	0.00413223	0.231405	0.18595	0.18595	0.00413223	0.18595	0.0495868	0.0495868	0.0950413	


Vector Pi :

0.00149031	0.362146	0.198212	0.181818	0.0670641	0.0506706	0.0670641	0.0178838	0.0178838	0.0178838	0.0178838	


Vector Phi :

0.00166444	0.390952	0.20263	0.127907	0.0793888	0.0576322	0.0391723	0.027503	0.0265945	0.0290874	0.017468	
