
Parameters: 11 states AND 11 symbols

Matrix A :

0.0909091	0.0909091	0.0909091	0.0909091	0.0909091	0.0909091	0.0909091	0.0909091	0.0909091	0.0909091	0.0909091	
0.000223364	0.845432	0.147644	0.00513737	0.000223364	0.000223364	0.000223364	0.000223364	0.000223364	0.000223364	0.000223364	
0.00027972	0.181818	0.661818	0.138741	0.0156643	0.00027972	0.00027972	0.00027972	0.00027972	0.00027972	0.00027972	
0.000380373	0.00874857	0.201217	0.682389	0.104983	0.000380373	0.000380373	0.000380373	0.000380373	0.000380373	0.000380373	
0.00090009	0.0108011	0.0108011	0.278128	0.515752	0.149415	0.0306031	0.00090009	0.00090009	0.00090009	0.00090009	
0.00142045	0.00142045	0.00142045	0.0170455	0.267045	0.610795	0.0951705	0.00142045	0.00142045	0.00142045	0.00142045	
0.00413223	0.00413223	0.00413223	0.00413223	0.0495868	0.322314	0.322314	0.231405	0.0495868	0.00413223	0.00413223	
0.00649351	0.00649351	0.00649351	0.00649351	0.00649351	0.0779221	0.292208	0.292208	0.292208	0.00649351	0.00649351	
0.00699301	0.00699301	0.00699301	0.00699301	0.00699301	0.00699301	0.0839161	0.314685	0.314685	0.237762	0.00699301	
0.00909091	0.00909091	0.00909091	0.00909091	0.00909091	0.00909091	0.00909091	0.00909091	0.309091	0.509091	0.109091	
0.0227273	0.0227273	0.0227273	0.0227273	0.0227273	0.0227273	0.0227273	0.0227273	0.0227273	0.272727	0.522727	


Matrix B :

0.0909091	0.0909091	0.0909091	0.0909091	0.0909091	0.0909091	0.0909091	0.0909091	0.0909091	0.0909091	0.0909091	
0.000212404	0.23853	0.381054	0.187128	0.124044	0.0422685	0.0118946	0.00722175	0.00722175	0.000212404	0.000212404	
0.000266596	0.023727	0.340443	0.311117	0.17622	0.0706478	0.0383898	0.0325247	0.0061317	0.000266596	0.000266596	
0.00036075	0.00829726	0.0479798	0.317821	0.290043	0.167027	0.119408	0.0281385	0.020202	0.00036075	0.00036075	
0.000849618	0.000849618	0.028887	0.141037	0.262532	0.24384	0.225149	0.0195412	0.0382328	0.0382328	0.000849618	
0.00137741	0.00137741	0.046832	0.0165289	0.243802	0.198347	0.304408	0.077135	0.107438	0.00137741	0.00137741	
0.00395257	0.00395257	0.0909091	0.00395257	0.0909091	0.134387	0.221344	0.221344	0.177866	0.0474308	0.00395257	
0.00649351	0.00649351	0.00649351	0.292208	0.00649351	0.0779221	0.149351	0.0779221	0.0779221	0.220779	0.0779221	
0.00699301	0.00699301	0.00699301	0.00699301	0.00699301	0.00699301	0.0839161	0.314685	0.314685	0.0839161	0.160839	
0.00826446	0.00826446	0.00826446	0.00826446	0.00826446	0.00826446	0.00826446	0.00826446	0.280992	0.46281	0.190083	
0.0227273	0.0227273	0.0227273	0.0227273	0.0227273	0.0227273	0.0227273	0.0227273	0.0227273	0.0227273	0.772727	


Vector Pi :

0.00149031	0.345753	0.263785	0.198212	0.099851	0.0506706	0.0178838	0.00149031	0.00149031	0.0178838	0.00149031	


Vector Phi :

0.000814698	0.341651	0.273071	0.201293	0.0826978	0.0498813	0.0175478	0.0112364	0.0104723	0.008088	0.00324748	
