
Parameters: 11 states AND 11 symbols

Matrix A :

0.0454545	0.0454545	0.0454545	0.0454545	0.0454545	0.0454545	0.0454545	0.0454545	0.0454545	0.545455	0.0454545	
0.000127146	0.919008	0.074253	0.00432295	0.00152575	0.000127146	0.000127146	0.000127146	0.000127146	0.000127146	0.000127146	
0.0003885	0.226884	0.607226	0.128594	0.0260295	0.00893551	0.0003885	0.0003885	0.0003885	0.0003885	0.0003885	
0.000733138	0.0168622	0.282991	0.54912	0.113636	0.0168622	0.00879765	0.00879765	0.000733138	0.000733138	0.000733138	
0.00189394	0.0435606	0.0227273	0.293561	0.335227	0.168561	0.106061	0.0227273	0.00189394	0.00189394	0.00189394	
0.0034965	0.0034965	0.041958	0.195804	0.311189	0.195804	0.157343	0.041958	0.0034965	0.0034965	0.041958	
0.00505051	0.00505051	0.00505051	0.116162	0.0606061	0.282828	0.171717	0.171717	0.116162	0.0606061	0.00505051	
0.00699301	0.00699301	0.00699301	0.0839161	0.00699301	0.237762	0.237762	0.160839	0.160839	0.0839161	0.00699301	
0.136364	0.0113636	0.0113636	0.0113636	0.136364	0.0113636	0.0113636	0.386364	0.261364	0.0113636	0.0113636	
0.0113636	0.0113636	0.0113636	0.0113636	0.0113636	0.0113636	0.136364	0.136364	0.0113636	0.261364	0.386364	
0.010101	0.010101	0.121212	0.010101	0.010101	0.010101	0.010101	0.010101	0.121212	0.232323	0.454545	


Matrix B :

0.0454545	0.0454545	0.545455	0.0454545	0.0454545	0.0454545	0.0454545	0.0454545	0.0454545	0.0454545	0.0454545	
0.000121699	0.312036	0.356213	0.194231	0.0750882	0.0442984	0.0121699	0.00547645	0.000121699	0.000121699	0.000121699	
0.00036075	0.0836941	0.258297	0.321789	0.151154	0.0995671	0.0638528	0.0162338	0.004329	0.00036075	0.00036075	
0.000704722	0.00845666	0.116984	0.30303	0.256519	0.14024	0.109232	0.0394644	0.00845666	0.00845666	0.00845666	
0.00174825	0.0786713	0.0979021	0.155594	0.174825	0.194056	0.136364	0.0402098	0.0402098	0.0402098	0.0402098	
0.003367	0.003367	0.114478	0.262626	0.188552	0.188552	0.151515	0.0774411	0.003367	0.003367	0.003367	
0.00505051	0.00505051	0.116162	0.393939	0.171717	0.116162	0.116162	0.00505051	0.00505051	0.00505051	0.0606061	
0.00699301	0.00699301	0.237762	0.160839	0.160839	0.0839161	0.160839	0.00699301	0.0839161	0.00699301	0.0839161	
0.0113636	0.0113636	0.0113636	0.386364	0.386364	0.0113636	0.0113636	0.0113636	0.0113636	0.0113636	0.136364	
0.0113636	0.0113636	0.261364	0.386364	0.136364	0.136364	0.0113636	0.0113636	0.0113636	0.0113636	0.0113636	
0.010101	0.010101	0.454545	0.232323	0.232323	0.010101	0.010101	0.010101	0.010101	0.010101	0.010101	


Vector Pi :

0.00149031	0.52608	0.296572	0.0834575	0.0670641	0.0178838	0.00149031	0.00149031	0.00149031	0.00149031	0.00149031	


Vector Phi :

0.0016598	0.593357	0.194191	0.102906	0.0398346	0.0215772	0.0149381	0.0107887	0.00663921	0.00663923	0.00746914	
