
Parameters: 11 states AND 11 symbols

Matrix A :

0.090909	0.090909	0.090909	0.090909	0.090909	0.090909	0.090909	0.090909	0.090909	0.090909	0.090909	
0.000365	0.815626	0.108799	0.040526	0.012413	0.004381	0.004381	0.000365	0.004381	0.004381	0.004381	
0.001095	0.374589	0.410734	0.133625	0.037240	0.001095	0.025192	0.001095	0.001095	0.001095	0.013143	
0.001623	0.126623	0.215909	0.305195	0.162338	0.090909	0.001623	0.019481	0.019481	0.037338	0.019481	
0.002273	0.127273	0.102273	0.152273	0.227273	0.127273	0.127273	0.077273	0.027273	0.002273	0.027273	
0.002597	0.002597	0.059740	0.174026	0.174026	0.202597	0.202597	0.088312	0.031169	0.002597	0.059740	
0.002457	0.002457	0.056511	0.083538	0.110565	0.245700	0.272727	0.083538	0.083538	0.002457	0.056511	
0.003367	0.040404	0.040404	0.003367	0.077441	0.114478	0.225589	0.188552	0.225589	0.040404	0.040404	
0.004132	0.004132	0.004132	0.049587	0.049587	0.095041	0.049587	0.276860	0.095041	0.185950	0.185950	
0.003953	0.003953	0.047431	0.047431	0.090909	0.090909	0.090909	0.177866	0.090909	0.177866	0.177866	
0.002841	0.034091	0.002841	0.002841	0.002841	0.002841	0.065341	0.034091	0.096591	0.315341	0.440341	


Matrix B :

0.090909	0.090909	0.090909	0.090909	0.090909	0.090909	0.090909	0.090909	0.090909	0.090909	0.090909	
0.000348	0.280042	0.326019	0.230233	0.065482	0.053988	0.015674	0.008011	0.008011	0.004180	0.008011	
0.001045	0.184953	0.449321	0.253918	0.047022	0.058516	0.001045	0.001045	0.001045	0.001045	0.001045	
0.001595	0.071770	0.387560	0.282297	0.194577	0.054226	0.001595	0.001595	0.001595	0.001595	0.001595	
0.002066	0.070248	0.342975	0.342975	0.092975	0.047521	0.092975	0.002066	0.002066	0.002066	0.002066	
0.002457	0.029484	0.380835	0.299754	0.164619	0.110565	0.002457	0.002457	0.002457	0.002457	0.002457	
0.002457	0.056511	0.191646	0.299754	0.299754	0.083538	0.056511	0.002457	0.002457	0.002457	0.002457	
0.003030	0.036364	0.169697	0.503030	0.036364	0.136364	0.103030	0.003030	0.003030	0.003030	0.003030	
0.003788	0.045455	0.128788	0.378788	0.170455	0.087121	0.128788	0.045455	0.003788	0.003788	0.003788	
0.003788	0.003788	0.045455	0.253788	0.462121	0.170455	0.045455	0.003788	0.003788	0.003788	0.003788	
0.002755	0.033058	0.184573	0.184573	0.214876	0.214876	0.093664	0.063361	0.002755	0.002755	0.002755	


Vector Pi :

0.002933	0.390029	0.099707	0.035191	0.131965	0.067449	0.002933	0.099707	0.099707	0.035191	0.035191	


Vector Phi :

0.001625	0.417554	0.140623	0.092755	0.065545	0.056790	0.059989	0.043133	0.033759	0.036819	0.051409	
