
Parameters: 11 states AND 11 symbols

Matrix A :

0.090909	0.090909	0.090909	0.090909	0.090909	0.090909	0.090909	0.090909	0.090909	0.090909	0.090909	
0.000385	0.746148	0.212250	0.013097	0.008860	0.004622	0.004622	0.000385	0.004622	0.004622	0.000385	
0.000602	0.305238	0.484046	0.119807	0.027092	0.007225	0.013847	0.007225	0.013847	0.013847	0.007225	
0.001443	0.080808	0.287157	0.445887	0.096681	0.033189	0.017316	0.017316	0.017316	0.001443	0.001443	
0.003636	0.083636	0.123636	0.163636	0.283636	0.083636	0.043636	0.083636	0.003636	0.123636	0.003636	
0.009091	0.109091	0.209091	0.209091	0.109091	0.009091	0.209091	0.009091	0.009091	0.109091	0.009091	
0.006993	0.083916	0.083916	0.160839	0.083916	0.006993	0.006993	0.160839	0.006993	0.160839	0.237762	
0.006993	0.160839	0.160839	0.006993	0.006993	0.006993	0.160839	0.006993	0.160839	0.237762	0.083916	
0.005348	0.064171	0.005348	0.064171	0.064171	0.064171	0.064171	0.122995	0.240642	0.181818	0.122995	
0.002755	0.033058	0.002755	0.033058	0.063361	0.002755	0.002755	0.093664	0.063361	0.366391	0.336088	
0.002114	0.002114	0.025370	0.071882	0.002114	0.048626	0.048626	0.025370	0.095137	0.118393	0.560254	


Matrix B :

0.090909	0.090909	0.090909	0.090909	0.090909	0.090909	0.090909	0.090909	0.090909	0.090909	0.090909	
0.000359	0.249371	0.391664	0.209845	0.095221	0.031980	0.004312	0.008264	0.008264	0.000359	0.000359	
0.000594	0.013666	0.301248	0.399287	0.157457	0.072490	0.039810	0.007130	0.000594	0.000594	0.007130	
0.001399	0.032168	0.155245	0.386014	0.232168	0.155245	0.016783	0.016783	0.001399	0.001399	0.001399	
0.003497	0.003497	0.118881	0.388112	0.272727	0.157343	0.041958	0.003497	0.003497	0.003497	0.003497	
0.008264	0.008264	0.008264	0.371901	0.371901	0.190083	0.008264	0.008264	0.008264	0.008264	0.008264	
0.006993	0.006993	0.006993	0.391608	0.391608	0.160839	0.006993	0.006993	0.006993	0.006993	0.006993	
0.006061	0.006061	0.072727	0.139394	0.272727	0.272727	0.206061	0.006061	0.006061	0.006061	0.006061	
0.005051	0.005051	0.060606	0.282828	0.171717	0.282828	0.116162	0.005051	0.060606	0.005051	0.005051	
0.002597	0.002597	0.002597	0.231169	0.231169	0.231169	0.174026	0.116883	0.002597	0.002597	0.002597	
0.024242	0.002020	0.024242	0.290909	0.268687	0.135354	0.135354	0.046465	0.002020	0.002020	0.068687	


Vector Pi :

0.002933	0.551320	0.067449	0.067449	0.035191	0.035191	0.002933	0.067449	0.035191	0.067449	0.067449	


Vector Phi :

0.001653	0.390083	0.249587	0.104132	0.041322	0.016529	0.021488	0.021488	0.028099	0.054545	0.071074	
