
Parameters: 11 states AND 11 symbols

Matrix A :

0.090909	0.090909	0.090909	0.090909	0.090909	0.090909	0.090909	0.090909	0.090909	0.090909	0.090909	
0.000340	0.798093	0.135172	0.022812	0.007831	0.004086	0.007831	0.004086	0.007831	0.007831	0.004086	
0.000850	0.337298	0.393373	0.131691	0.047579	0.019541	0.028887	0.010195	0.019541	0.010195	0.000850	
0.002066	0.183884	0.297521	0.229339	0.092975	0.070248	0.070248	0.002066	0.024793	0.002066	0.024793	
0.003788	0.045455	0.170455	0.170455	0.128788	0.170455	0.003788	0.087121	0.087121	0.045455	0.087121	
0.004329	0.004329	0.147186	0.051948	0.147186	0.290043	0.242424	0.051948	0.051948	0.004329	0.004329	
0.003788	0.003788	0.128788	0.045455	0.087121	0.045455	0.295455	0.128788	0.128788	0.087121	0.045455	
0.005348	0.064171	0.064171	0.299465	0.064171	0.064171	0.005348	0.064171	0.181818	0.122995	0.064171	
0.003788	0.045455	0.045455	0.045455	0.045455	0.045455	0.045455	0.087121	0.128788	0.170455	0.337121	
0.002674	0.120321	0.061497	0.032086	0.002674	0.002674	0.061497	0.090909	0.120321	0.208556	0.296791	
0.002165	0.025974	0.049784	0.002165	0.049784	0.025974	0.002165	0.049784	0.049784	0.335498	0.406926	


Matrix B :

0.090909	0.090909	0.090909	0.090909	0.090909	0.090909	0.090909	0.090909	0.090909	0.090909	0.090909	
0.000324	0.295697	0.281462	0.188936	0.117761	0.075057	0.032352	0.007441	0.000324	0.000324	0.000324	
0.000791	0.096443	0.339921	0.305138	0.113834	0.052964	0.052964	0.026877	0.009486	0.000791	0.000791	
0.002020	0.046465	0.268687	0.313131	0.179798	0.090909	0.024242	0.046465	0.024242	0.002020	0.002020	
0.003636	0.003636	0.003636	0.403636	0.203636	0.043636	0.323636	0.003636	0.003636	0.003636	0.003636	
0.004132	0.004132	0.185950	0.185950	0.140496	0.140496	0.322314	0.004132	0.004132	0.004132	0.004132	
0.003788	0.003788	0.170455	0.420455	0.212121	0.045455	0.128788	0.003788	0.003788	0.003788	0.003788	
0.004785	0.004785	0.267943	0.267943	0.057416	0.215311	0.057416	0.110048	0.004785	0.004785	0.004785	
0.003636	0.003636	0.123636	0.163636	0.283636	0.123636	0.163636	0.123636	0.003636	0.003636	0.003636	
0.002525	0.002525	0.058081	0.224747	0.141414	0.196970	0.196970	0.058081	0.030303	0.085859	0.002525	
0.002165	0.002165	0.097403	0.145022	0.097403	0.121212	0.168831	0.073593	0.097403	0.073593	0.121212	


Vector Pi :

0.002933	0.486804	0.228739	0.035191	0.035191	0.035191	0.002933	0.067449	0.035191	0.067449	0.002933	


Vector Phi :

0.001659	0.437510	0.179119	0.073122	0.039874	0.034877	0.039843	0.028200	0.039809	0.056357	0.069630	
