
Parameters: 11 states AND 11 symbols

Matrix A :

0.0909091	0.0909091	0.0909091	0.0909091	0.0909091	0.0909091	0.0909091	0.0909091	0.0909091	0.0909091	0.0909091	
0.00012987	0.904416	0.0887013	0.00441558	0.00012987	0.00155844	0.00012987	0.00012987	0.00012987	0.00012987	0.00012987	
0.000321234	0.219403	0.671699	0.102795	0.000321234	0.000321234	0.000321234	0.000321234	0.000321234	0.0038548	0.000321234	
0.000865801	0.0294372	0.248485	0.572294	0.124675	0.0103896	0.000865801	0.0103896	0.000865801	0.000865801	0.000865801	
0.0015949	0.0191388	0.0366826	0.194577	0.650718	0.0893142	0.0015949	0.0015949	0.0015949	0.0015949	0.0015949	
0.00363636	0.0436364	0.00363636	0.0436364	0.243636	0.523636	0.123636	0.00363636	0.00363636	0.00363636	0.00363636	
0.0151515	0.0151515	0.0151515	0.0151515	0.0151515	0.348485	0.348485	0.181818	0.0151515	0.0151515	0.0151515	
0.0151515	0.0151515	0.0151515	0.0151515	0.0151515	0.181818	0.0151515	0.515152	0.0151515	0.181818	0.0151515	
0.030303	0.030303	0.030303	0.030303	0.030303	0.363636	0.030303	0.030303	0.363636	0.030303	0.030303	
0.0227273	0.0227273	0.0227273	0.0227273	0.0227273	0.0227273	0.0227273	0.0227273	0.272727	0.272727	0.272727	
0.00909091	0.00909091	0.109091	0.00909091	0.00909091	0.00909091	0.00909091	0.00909091	0.00909091	0.00909091	0.809091	


Matrix B :

0.0909091	0.0909091	0.0909091	0.0909091	0.0909091	0.0909091	0.0909091	0.0909091	0.0909091	0.0909091	0.0909091	
0.000124193	0.147665	0.36078	0.236463	0.144933	0.0629657	0.0370094	0.00968703	0.000124193	0.000124193	0.000124193	
0.000302024	0.00694654	0.186349	0.252794	0.249471	0.179704	0.076714	0.0302024	0.0169133	0.000302024	0.000302024	
0.000811688	0.000811688	0.0543831	0.13474	0.304383	0.188312	0.143669	0.036526	0.099026	0.0275974	0.00974026	
0.00154083	0.00154083	0.01849	0.0354391	0.171032	0.289676	0.272727	0.103236	0.01849	0.0354391	0.0523883	
0.0034965	0.0034965	0.118881	0.118881	0.041958	0.195804	0.272727	0.157343	0.041958	0.041958	0.0034965	
0.0151515	0.0151515	0.0151515	0.181818	0.0151515	0.181818	0.0151515	0.515152	0.0151515	0.0151515	0.0151515	
0.0151515	0.0151515	0.0151515	0.515152	0.0151515	0.0151515	0.0151515	0.348485	0.0151515	0.0151515	0.0151515	
0.030303	0.030303	0.030303	0.030303	0.363636	0.363636	0.030303	0.030303	0.030303	0.030303	0.030303	
0.0227273	0.0227273	0.0227273	0.0227273	0.0227273	0.0227273	0.522727	0.272727	0.0227273	0.0227273	0.0227273	
0.00909091	0.00909091	0.00909091	0.00909091	0.00909091	0.109091	0.109091	0.309091	0.209091	0.209091	0.00909091	


Vector Pi :

0.00149031	0.509687	0.312966	0.116244	0.0342772	0.0178838	0.00149031	0.00149031	0.00149031	0.00149031	0.00149031	


Vector Phi :

0.000828949	0.586724	0.233661	0.0868527	0.0471853	0.0207251	0.00497397	0.00497024	0.00248492	0.00331065	0.0082832	
