
Parameters: 11 states AND 11 symbols

Matrix A :

0.045455	0.045455	0.045455	0.545455	0.045455	0.045455	0.045455	0.045455	0.045455	0.045455	0.045455	
0.002182	0.904182	0.068182	0.010182	0.006182	0.002182	0.002182	0.002182	0.000182	0.000182	0.002182	
0.001263	0.542929	0.404040	0.029040	0.015152	0.001263	0.001263	0.001263	0.001263	0.001263	0.001263	
0.006993	0.468531	0.314685	0.083916	0.083916	0.006993	0.006993	0.006993	0.006993	0.006993	0.006993	
0.011364	0.136364	0.386364	0.136364	0.261364	0.011364	0.011364	0.011364	0.011364	0.011364	0.011364	
0.030303	0.030303	0.363636	0.030303	0.030303	0.030303	0.363636	0.030303	0.030303	0.030303	0.030303	
0.030303	0.030303	0.030303	0.363636	0.030303	0.030303	0.030303	0.363636	0.030303	0.030303	0.030303	
0.030303	0.363636	0.030303	0.030303	0.030303	0.030303	0.030303	0.030303	0.030303	0.030303	0.363636	
0.090909	0.090909	0.090909	0.090909	0.090909	0.090909	0.090909	0.090909	0.090909	0.090909	0.090909	
0.090909	0.090909	0.090909	0.090909	0.090909	0.090909	0.090909	0.090909	0.090909	0.090909	0.090909	
0.030303	0.030303	0.030303	0.363636	0.030303	0.363636	0.030303	0.030303	0.030303	0.030303	0.030303	


Matrix B :

0.045455	0.045455	0.045455	0.045455	0.545455	0.045455	0.045455	0.045455	0.045455	0.045455	0.045455	
0.000175	0.364337	0.397092	0.154318	0.052198	0.017516	0.005956	0.004029	0.002102	0.000175	0.002102	
0.001109	0.135255	0.574279	0.220621	0.049889	0.013304	0.001109	0.001109	0.001109	0.001109	0.001109	
0.006494	0.006494	0.720779	0.149351	0.006494	0.077922	0.006494	0.006494	0.006494	0.006494	0.006494	
0.011364	0.011364	0.511364	0.386364	0.011364	0.011364	0.011364	0.011364	0.011364	0.011364	0.011364	
0.030303	0.363636	0.363636	0.030303	0.030303	0.030303	0.030303	0.030303	0.030303	0.030303	0.030303	
0.030303	0.030303	0.696970	0.030303	0.030303	0.030303	0.030303	0.030303	0.030303	0.030303	0.030303	
0.030303	0.030303	0.030303	0.030303	0.696970	0.030303	0.030303	0.030303	0.030303	0.030303	0.030303	
0.090909	0.090909	0.090909	0.090909	0.090909	0.090909	0.090909	0.090909	0.090909	0.090909	0.090909	
0.090909	0.090909	0.090909	0.090909	0.090909	0.090909	0.090909	0.090909	0.090909	0.090909	0.090909	
0.030303	0.696970	0.030303	0.030303	0.030303	0.030303	0.030303	0.030303	0.030303	0.030303	0.030303	


Vector Pi :

0.002933	0.615836	0.325513	0.035191	0.002933	0.002933	0.002933	0.002933	0.002933	0.002933	0.002933	


Vector Phi :

0.003284	0.821018	0.118227	0.021346	0.013136	0.004926	0.004926	0.004926	0.001642	0.001642	0.004926	
