
Parameters: 11 states AND 11 symbols

Matrix A :

0.090909	0.090909	0.090909	0.090909	0.090909	0.090909	0.090909	0.090909	0.090909	0.090909	0.090909	
0.000431	0.635502	0.242137	0.099957	0.014649	0.005170	0.000431	0.000431	0.000431	0.000431	0.000431	
0.000640	0.359795	0.359795	0.204866	0.035851	0.035851	0.000640	0.000640	0.000640	0.000640	0.000640	
0.000758	0.167424	0.234091	0.375758	0.167424	0.034091	0.017424	0.000758	0.000758	0.000758	0.000758	
0.001567	0.070533	0.173981	0.242947	0.277429	0.139498	0.070533	0.018809	0.001567	0.001567	0.001567	
0.002165	0.025974	0.025974	0.216450	0.097403	0.359307	0.121212	0.097403	0.025974	0.025974	0.002165	
0.004329	0.004329	0.051948	0.004329	0.242424	0.242424	0.290043	0.147186	0.004329	0.004329	0.004329	
0.005348	0.005348	0.005348	0.064171	0.064171	0.181818	0.181818	0.299465	0.064171	0.122995	0.005348	
0.012987	0.012987	0.012987	0.012987	0.298701	0.012987	0.012987	0.155844	0.298701	0.155844	0.012987	
0.011364	0.011364	0.011364	0.011364	0.011364	0.011364	0.011364	0.136364	0.261364	0.386364	0.136364	
0.030303	0.030303	0.030303	0.030303	0.030303	0.030303	0.030303	0.363636	0.030303	0.030303	0.363636	


Matrix B :

0.090909	0.090909	0.090909	0.090909	0.090909	0.090909	0.090909	0.090909	0.090909	0.090909	0.090909	
0.000410	0.608518	0.293202	0.076986	0.018428	0.000410	0.000410	0.000410	0.000410	0.000410	0.000410	
0.000618	0.184292	0.449598	0.238714	0.082251	0.014224	0.014224	0.014224	0.000618	0.000618	0.000618	
0.000727	0.000727	0.392727	0.272727	0.160727	0.080727	0.032727	0.040727	0.000727	0.016727	0.000727	
0.001541	0.001541	0.035439	0.374422	0.391371	0.154083	0.035439	0.001541	0.001541	0.001541	0.001541	
0.002114	0.002114	0.002114	0.071882	0.304440	0.374207	0.164905	0.071882	0.002114	0.002114	0.002114	
0.004132	0.004132	0.004132	0.004132	0.276860	0.276860	0.231405	0.140496	0.049587	0.004132	0.004132	
0.005348	0.005348	0.005348	0.005348	0.005348	0.240642	0.240642	0.299465	0.122995	0.064171	0.005348	
0.012987	0.012987	0.012987	0.012987	0.012987	0.298701	0.155844	0.441558	0.012987	0.012987	0.012987	
0.010101	0.010101	0.010101	0.010101	0.010101	0.010101	0.121212	0.010101	0.010101	0.343434	0.454545	
0.030303	0.030303	0.030303	0.030303	0.030303	0.030303	0.030303	0.030303	0.030303	0.363636	0.363636	


Vector Pi :

0.003497	0.426573	0.157343	0.195804	0.080420	0.041958	0.041958	0.003497	0.003497	0.041958	0.003497	


Vector Phi :

0.001576	0.336693	0.227785	0.190355	0.089686	0.066031	0.032902	0.026674	0.011004	0.012573	0.004721	
