
Parameters: 11 states AND 11 symbols

Matrix A :

0.090909	0.090909	0.090909	0.090909	0.090909	0.090909	0.090909	0.090909	0.090909	0.090909	0.090909	
0.000568	0.775568	0.181818	0.019318	0.006818	0.006818	0.000568	0.006818	0.000568	0.000568	0.000568	
0.000805	0.230893	0.505229	0.186645	0.062751	0.009654	0.000805	0.000805	0.000805	0.000805	0.000805	
0.001122	0.062851	0.248036	0.420875	0.198653	0.038159	0.025814	0.001122	0.001122	0.001122	0.001122	
0.001567	0.036050	0.070533	0.311912	0.173981	0.225705	0.139498	0.018809	0.018809	0.001567	0.001567	
0.001623	0.001623	0.019481	0.073052	0.323052	0.358766	0.162338	0.019481	0.019481	0.019481	0.001623	
0.001894	0.022727	0.022727	0.022727	0.043561	0.272727	0.356061	0.168561	0.085227	0.001894	0.001894	
0.003497	0.003497	0.003497	0.003497	0.080420	0.041958	0.349650	0.311189	0.195804	0.003497	0.003497	
0.003135	0.003135	0.003135	0.003135	0.003135	0.072100	0.037618	0.210031	0.520376	0.072100	0.072100	
0.009091	0.009091	0.009091	0.009091	0.109091	0.009091	0.009091	0.009091	0.209091	0.409091	0.209091	
0.005051	0.005051	0.005051	0.005051	0.005051	0.060606	0.060606	0.005051	0.005051	0.116162	0.727273	


Matrix B :

0.090909	0.090909	0.090909	0.090909	0.090909	0.090909	0.090909	0.090909	0.090909	0.090909	0.090909	
0.000544	0.371802	0.419706	0.108329	0.066413	0.030484	0.000544	0.000544	0.000544	0.000544	0.000544	
0.000777	0.205905	0.393939	0.197358	0.128982	0.060606	0.009324	0.000777	0.000777	0.000777	0.000777	
0.001057	0.012685	0.396406	0.291755	0.152220	0.094080	0.012685	0.001057	0.035941	0.001057	0.001057	
0.001490	0.050671	0.165425	0.312966	0.263785	0.132638	0.034277	0.001490	0.001490	0.034277	0.001490	
0.001595	0.019139	0.124402	0.177033	0.475279	0.141946	0.019139	0.001595	0.019139	0.019139	0.001595	
0.001684	0.001684	0.131313	0.168350	0.335017	0.205387	0.094276	0.001684	0.020202	0.020202	0.020202	
0.003247	0.110390	0.003247	0.038961	0.217532	0.253247	0.074675	0.110390	0.074675	0.074675	0.038961	
0.002933	0.067449	0.035191	0.002933	0.260997	0.228739	0.131965	0.035191	0.067449	0.099707	0.067449	
0.009091	0.009091	0.009091	0.009091	0.209091	0.209091	0.209091	0.009091	0.309091	0.009091	0.009091	
0.005051	0.005051	0.005051	0.060606	0.116162	0.282828	0.505051	0.005051	0.005051	0.005051	0.005051	


Vector Pi :

0.002933	0.260997	0.131965	0.131965	0.099707	0.035191	0.196481	0.067449	0.067449	0.002933	0.002933	


Vector Phi :

0.001677	0.259804	0.187696	0.138243	0.097835	0.094328	0.080873	0.043687	0.048786	0.016813	0.030256	
