
Parameters: 11 states AND 11 symbols

Matrix A :

0.090909	0.090909	0.090909	0.090909	0.090909	0.090909	0.090909	0.090909	0.090909	0.090909	0.090909	
0.000288	0.924338	0.041427	0.003452	0.003452	0.003452	0.003452	0.003452	0.006617	0.003452	0.006617	
0.001515	0.218182	0.518182	0.118182	0.084848	0.001515	0.001515	0.001515	0.018182	0.034848	0.001515	
0.003788	0.212121	0.337121	0.128788	0.128788	0.003788	0.087121	0.003788	0.003788	0.045455	0.045455	
0.006061	0.006061	0.139394	0.206061	0.139394	0.139394	0.206061	0.072727	0.072727	0.006061	0.006061	
0.007576	0.090909	0.090909	0.174242	0.090909	0.174242	0.174242	0.090909	0.007576	0.007576	0.090909	
0.006993	0.006993	0.006993	0.083916	0.006993	0.160839	0.160839	0.006993	0.314685	0.237762	0.006993	
0.007576	0.007576	0.174242	0.090909	0.174242	0.090909	0.090909	0.257576	0.007576	0.090909	0.007576	
0.004545	0.054545	0.104545	0.054545	0.004545	0.054545	0.054545	0.004545	0.204545	0.354545	0.104545	
0.001934	0.065764	0.001934	0.065764	0.001934	0.044487	0.023211	0.087041	0.108317	0.384913	0.214700	
0.001136	0.001136	0.001136	0.013636	0.001136	0.001136	0.001136	0.013636	0.026136	0.163636	0.776136	


Matrix B :

0.090909	0.090909	0.090909	0.090909	0.090909	0.090909	0.090909	0.090909	0.090909	0.090909	0.090909	
0.000271	0.313704	0.239077	0.182361	0.113704	0.068928	0.054003	0.015197	0.012212	0.000271	0.000271	
0.001466	0.130499	0.388563	0.291789	0.114370	0.033724	0.033724	0.001466	0.001466	0.001466	0.001466	
0.003788	0.170455	0.420455	0.170455	0.128788	0.045455	0.045455	0.003788	0.003788	0.003788	0.003788	
0.005682	0.068182	0.380682	0.318182	0.005682	0.068182	0.068182	0.005682	0.068182	0.005682	0.005682	
0.006993	0.160839	0.314685	0.237762	0.083916	0.083916	0.006993	0.006993	0.083916	0.006993	0.006993	
0.005682	0.318182	0.255682	0.130682	0.068182	0.005682	0.193182	0.005682	0.005682	0.005682	0.005682	
0.006993	0.006993	0.237762	0.314685	0.314685	0.006993	0.083916	0.006993	0.006993	0.006993	0.006993	
0.004545	0.004545	0.304545	0.054545	0.104545	0.204545	0.154545	0.104545	0.004545	0.004545	0.054545	
0.001894	0.022727	0.106061	0.210227	0.210227	0.168561	0.064394	0.106061	0.043561	0.001894	0.064394	
0.001109	0.001109	0.086475	0.123060	0.159645	0.147450	0.269401	0.098670	0.074279	0.013304	0.025499	


Vector Pi :

0.002933	0.615836	0.067449	0.002933	0.035191	0.035191	0.067449	0.035191	0.002933	0.035191	0.099707	


Vector Phi :

0.001684	0.530328	0.100788	0.040325	0.025180	0.020455	0.023842	0.019902	0.033927	0.077633	0.125936	
