
Parameters: 11 states AND 11 symbols

Matrix A :

0.045455	0.045455	0.045455	0.045455	0.045455	0.045455	0.045455	0.045455	0.045455	0.045455	0.545455	
0.000334	0.867981	0.081217	0.026070	0.007687	0.004011	0.004011	0.004011	0.000334	0.000334	0.004011	
0.000745	0.205663	0.640089	0.115499	0.017139	0.000745	0.000745	0.008942	0.000745	0.008942	0.000745	
0.001541	0.086287	0.272727	0.357473	0.204931	0.018490	0.018490	0.001541	0.001541	0.035439	0.001541	
0.002392	0.081340	0.055024	0.291866	0.212919	0.239234	0.107656	0.002392	0.002392	0.002392	0.002392	
0.002841	0.034091	0.002841	0.096591	0.315341	0.315341	0.190341	0.034091	0.002841	0.002841	0.002841	
0.003636	0.003636	0.003636	0.043636	0.123636	0.283636	0.203636	0.243636	0.043636	0.043636	0.003636	
0.005682	0.005682	0.005682	0.005682	0.005682	0.068182	0.380682	0.318182	0.130682	0.068182	0.005682	
0.012987	0.012987	0.155844	0.155844	0.012987	0.155844	0.012987	0.155844	0.012987	0.298701	0.012987	
0.006494	0.006494	0.077922	0.006494	0.006494	0.077922	0.077922	0.006494	0.077922	0.220779	0.435065	
0.060606	0.060606	0.060606	0.005051	0.005051	0.005051	0.005051	0.005051	0.116162	0.171717	0.505051	


Matrix B :

0.045455	0.045455	0.045455	0.545455	0.045455	0.045455	0.045455	0.045455	0.045455	0.045455	0.045455	
0.000317	0.414951	0.341780	0.167564	0.038644	0.010770	0.024707	0.000317	0.000317	0.000317	0.000317	
0.000716	0.189692	0.465283	0.173944	0.118826	0.016464	0.016464	0.008590	0.008590	0.000716	0.000716	
0.001515	0.168182	0.434848	0.168182	0.018182	0.151515	0.018182	0.034848	0.001515	0.001515	0.001515	
0.002331	0.002331	0.310023	0.335664	0.130536	0.104895	0.053613	0.053613	0.002331	0.002331	0.002331	
0.002525	0.030303	0.085859	0.446970	0.058081	0.169192	0.058081	0.058081	0.085859	0.002525	0.002525	
0.003636	0.003636	0.123636	0.283636	0.083636	0.243636	0.123636	0.043636	0.083636	0.003636	0.003636	
0.005348	0.005348	0.181818	0.005348	0.122995	0.475936	0.181818	0.005348	0.005348	0.005348	0.005348	
0.011364	0.011364	0.011364	0.261364	0.136364	0.136364	0.136364	0.261364	0.011364	0.011364	0.011364	
0.005682	0.005682	0.068182	0.380682	0.005682	0.005682	0.255682	0.068182	0.005682	0.193182	0.005682	
0.005051	0.005051	0.005051	0.393939	0.116162	0.171717	0.116162	0.005051	0.005051	0.005051	0.171717	


Vector Pi :

0.002933	0.486804	0.164223	0.035191	0.035191	0.131965	0.002933	0.035191	0.035191	0.067449	0.002933	


Vector Phi :

0.003306	0.449587	0.201653	0.097521	0.062810	0.052893	0.041322	0.026446	0.011570	0.023140	0.029752	
