
Parameters: 11 states AND 11 symbols

Matrix A :

0.0909091	0.0909091	0.0909091	0.0909091	0.0909091	0.0909091	0.0909091	0.0909091	0.0909091	0.0909091	0.0909091	
0.000236128	0.77686	0.215821	0.00543093	0.000236128	0.000236128	0.000236128	0.000236128	0.000236128	0.000236128	0.000236128	
0.000263505	0.22635	0.597365	0.159684	0.00895916	0.00606061	0.000263505	0.000263505	0.000263505	0.000263505	0.000263505	
0.000402253	0.0313757	0.23934	0.575623	0.133146	0.0181014	0.000402253	0.000402253	0.000402253	0.000402253	0.000402253	
0.000834028	0.000834028	0.000834028	0.312761	0.52377	0.129274	0.028357	0.000834028	0.000834028	0.000834028	0.000834028	
0.0015949	0.0015949	0.0191388	0.0366826	0.317384	0.457735	0.0893142	0.0717703	0.0015949	0.0015949	0.0015949	
0.00324675	0.00324675	0.00324675	0.038961	0.00324675	0.288961	0.503247	0.146104	0.00324675	0.00324675	0.00324675	
0.00413223	0.00413223	0.00413223	0.00413223	0.00413223	0.0950413	0.27686	0.367769	0.231405	0.00413223	0.00413223	
0.00757576	0.00757576	0.00757576	0.00757576	0.00757576	0.00757576	0.00757576	0.340909	0.340909	0.257576	0.00757576	
0.0113636	0.0113636	0.0113636	0.0113636	0.0113636	0.0113636	0.0113636	0.136364	0.261364	0.261364	0.261364	
0.012987	0.012987	0.012987	0.012987	0.012987	0.012987	0.012987	0.012987	0.012987	0.298701	0.584416	


Matrix B :

0.0909091	0.0909091	0.0909091	0.0909091	0.0909091	0.0909091	0.0909091	0.0909091	0.0909091	0.0909091	0.0909091	
0.000229568	0.300735	0.278007	0.212351	0.146694	0.0330579	0.0103306	0.00528007	0.0128558	0.000229568	0.000229568	
0.000250438	0.0470824	0.460306	0.272978	0.129727	0.0636113	0.0195342	0.00300526	0.00300526	0.000250438	0.000250438	
0.000377216	0.000377216	0.0584685	0.527348	0.241041	0.108261	0.0460204	0.0169747	0.000377216	0.000377216	0.000377216	
0.000770416	0.000770416	0.000770416	0.178737	0.441448	0.136364	0.195686	0.0431433	0.000770416	0.000770416	0.000770416	
0.00154083	0.00154083	0.00154083	0.00154083	0.42527	0.323575	0.187982	0.0523883	0.00154083	0.00154083	0.00154083	
0.00293255	0.00293255	0.00293255	0.00293255	0.00293255	0.228739	0.55132	0.0674487	0.131965	0.00293255	0.00293255	
0.00378788	0.00378788	0.00378788	0.00378788	0.00378788	0.0871212	0.337121	0.545455	0.00378788	0.00378788	0.00378788	
0.00757576	0.00757576	0.00757576	0.00757576	0.00757576	0.00757576	0.0909091	0.424242	0.424242	0.00757576	0.00757576	
0.0113636	0.0113636	0.0113636	0.0113636	0.0113636	0.0113636	0.136364	0.261364	0.136364	0.386364	0.0113636	
0.012987	0.012987	0.012987	0.012987	0.012987	0.012987	0.012987	0.012987	0.155844	0.155844	0.584416	


Vector Pi :

0.00149031	0.181818	0.296572	0.263785	0.149031	0.0342772	0.0342772	0.0342772	0.00149031	0.00149031	0.00149031	


Vector Phi :

0.000862808	0.318033	0.2849	0.186231	0.0914142	0.0492376	0.0260666	0.0195611	0.0105899	0.00700442	0.00609967	
