
Parameters: 11 states AND 11 symbols

Matrix A :

0.0909091	0.0909091	0.0909091	0.0909091	0.0909091	0.0909091	0.0909091	0.0909091	0.0909091	0.0909091	0.0909091	
0.000157282	0.607424	0.301195	0.078012	0.0105379	0.00188739	0.000157282	0.000157282	0.000157282	0.000157282	0.000157282	
0.000241138	0.464432	0.347721	0.14613	0.0267663	0.0108512	0.000241138	0.00289366	0.000241138	0.000241138	0.000241138	
0.000579039	0.287203	0.344528	0.223509	0.0642733	0.045165	0.0324262	0.000579039	0.000579039	0.000579039	0.000579039	
0.0025974	0.116883	0.345455	0.25974	0.0883117	0.145455	0.0311688	0.0025974	0.0025974	0.0025974	0.0025974	
0.0030303	0.10303	0.136364	0.269697	0.10303	0.269697	0.10303	0.0030303	0.0030303	0.0030303	0.0030303	
0.00568182	0.00568182	0.0681818	0.130682	0.130682	0.130682	0.318182	0.193182	0.00568182	0.00568182	0.00568182	
0.00909091	0.00909091	0.00909091	0.209091	0.00909091	0.109091	0.109091	0.409091	0.00909091	0.00909091	0.109091	
0.0909091	0.0909091	0.0909091	0.0909091	0.0909091	0.0909091	0.0909091	0.0909091	0.0909091	0.0909091	0.0909091	
0.0909091	0.0909091	0.0909091	0.0909091	0.0909091	0.0909091	0.0909091	0.0909091	0.0909091	0.0909091	0.0909091	
0.030303	0.030303	0.030303	0.030303	0.030303	0.030303	0.030303	0.363636	0.030303	0.030303	0.363636	


Matrix B :

0.0909091	0.0909091	0.0909091	0.0909091	0.0909091	0.0909091	0.0909091	0.0909091	0.0909091	0.0909091	0.0909091	
0.000151012	0.362277	0.373905	0.186198	0.0649351	0.0101178	0.00181214	0.000151012	0.000151012	0.000151012	0.000151012	
0.000226706	0.0575833	0.516436	0.234641	0.119927	0.0525958	0.0176831	0.000226706	0.000226706	0.000226706	0.000226706	
0.000554324	0.000554324	0.305432	0.463969	0.140798	0.0554324	0.0249446	0.00665188	0.000554324	0.000554324	0.000554324	
0.00239234	0.00239234	0.0287081	0.476077	0.370813	0.0813397	0.0287081	0.00239234	0.00239234	0.00239234	0.00239234	
0.00293255	0.00293255	0.00293255	0.164223	0.357771	0.357771	0.0351906	0.00293255	0.0351906	0.00293255	0.0351906	
0.00534759	0.00534759	0.00534759	0.00534759	0.417112	0.417112	0.122995	0.00534759	0.00534759	0.00534759	0.00534759	
0.00909091	0.00909091	0.00909091	0.00909091	0.00909091	0.409091	0.509091	0.00909091	0.00909091	0.00909091	0.00909091	
0.0909091	0.0909091	0.0909091	0.0909091	0.0909091	0.0909091	0.0909091	0.0909091	0.0909091	0.0909091	0.0909091	
0.0909091	0.0909091	0.0909091	0.0909091	0.0909091	0.0909091	0.0909091	0.0909091	0.0909091	0.0909091	0.0909091	
0.030303	0.030303	0.030303	0.030303	0.030303	0.030303	0.030303	0.363636	0.363636	0.030303	0.030303	


Vector Pi :

0.00149031	0.378539	0.394933	0.116244	0.0506706	0.0342772	0.0178838	0.00149031	0.00149031	0.00149031	0.00149031	


Vector Phi :

0.000817199	0.479913	0.312124	0.129539	0.0287785	0.0235745	0.0130022	0.00816659	0.000817199	0.000817199	0.00245079	
