
Parameters: 11 states AND 11 symbols

Matrix A :

0.0909091	0.0909091	0.0909091	0.0909091	0.0909091	0.0909091	0.0909091	0.0909091	0.0909091	0.0909091	0.0909091	
0.00020803	0.84689	0.135219	0.00707302	0.00020803	0.00249636	0.00249636	0.00020803	0.00020803	0.00249636	0.00249636	
0.000297089	0.212715	0.617944	0.150624	0.016637	0.000297089	0.000297089	0.000297089	0.000297089	0.000297089	0.000297089	
0.0004329	0.00519481	0.252814	0.581385	0.14329	0.00995671	0.00519481	0.0004329	0.0004329	0.0004329	0.0004329	
0.00071582	0.00858984	0.0322119	0.28418	0.544023	0.110952	0.0164639	0.00071582	0.00071582	0.00071582	0.00071582	
0.00189394	0.00189394	0.00189394	0.0435606	0.356061	0.418561	0.147727	0.0227273	0.00189394	0.00189394	0.00189394	
0.00324675	0.00324675	0.00324675	0.00324675	0.0746753	0.288961	0.467532	0.11039	0.00324675	0.038961	0.00324675	
0.00699301	0.00699301	0.00699301	0.00699301	0.0839161	0.0839161	0.160839	0.391608	0.237762	0.00699301	0.00699301	
0.010101	0.010101	0.010101	0.010101	0.121212	0.121212	0.121212	0.343434	0.121212	0.121212	0.010101	
0.0113636	0.0113636	0.0113636	0.0113636	0.0113636	0.0113636	0.0113636	0.0113636	0.511364	0.261364	0.136364	
0.00699301	0.00699301	0.00699301	0.00699301	0.00699301	0.00699301	0.00699301	0.00699301	0.00699301	0.160839	0.776224	


Matrix B :

0.0909091	0.0909091	0.0909091	0.0909091	0.0909091	0.0909091	0.0909091	0.0909091	0.0909091	0.0909091	0.0909091	
0.00020024	0.218262	0.392271	0.211654	0.110332	0.050861	0.0156187	0.00020024	0.00020024	0.00020024	0.00020024	
0.000280584	0.0249719	0.244108	0.386083	0.222503	0.0928732	0.0218855	0.00645342	0.000280584	0.000280584	0.000280584	
0.000413223	0.000413223	0.154959	0.22314	0.232231	0.191322	0.11405	0.0458678	0.018595	0.018595	0.000413223	
0.000668449	0.00802139	0.0889037	0.191845	0.118316	0.235963	0.0962567	0.110963	0.0668449	0.059492	0.0227273	
0.00174825	0.0402098	0.0402098	0.0979021	0.194056	0.251748	0.251748	0.0979021	0.00174825	0.00174825	0.020979	
0.00324675	0.0746753	0.00324675	0.0746753	0.038961	0.431818	0.253247	0.11039	0.00324675	0.00324675	0.00324675	
0.00699301	0.00699301	0.00699301	0.0839161	0.160839	0.237762	0.314685	0.160839	0.00699301	0.00699301	0.00699301	
0.010101	0.121212	0.010101	0.121212	0.343434	0.232323	0.010101	0.121212	0.010101	0.010101	0.010101	
0.010101	0.121212	0.010101	0.010101	0.565657	0.010101	0.232323	0.010101	0.010101	0.010101	0.010101	
0.00649351	0.00649351	0.00649351	0.00649351	0.149351	0.292208	0.149351	0.220779	0.149351	0.00649351	0.00649351	


Vector Pi :

0.00149031	0.263785	0.296572	0.165425	0.165425	0.0670641	0.00149031	0.00149031	0.00149031	0.0178838	0.0178838	


Vector Phi :

0.000827088	0.370069	0.255527	0.173059	0.102684	0.0391824	0.0229693	0.0107081	0.00745553	0.00665792	0.0108601	
