
Parameters: 11 states AND 11 symbols

Matrix A :

0.0909091	0.0909091	0.0909091	0.0909091	0.0909091	0.0909091	0.0909091	0.0909091	0.0909091	0.0909091	0.0909091	
0.000101348	0.889733	0.099321	0.00567548	0.00121618	0.00344583	0.000101348	0.000101348	0.000101348	0.000101348	0.000101348	
0.000445633	0.451426	0.451426	0.083779	0.00534759	0.00534759	0.000445633	0.000445633	0.000445633	0.000445633	0.000445633	
0.00181818	0.0418182	0.381818	0.381818	0.141818	0.0418182	0.00181818	0.00181818	0.00181818	0.00181818	0.00181818	
0.00363636	0.0836364	0.123636	0.283636	0.323636	0.0836364	0.0836364	0.00363636	0.00363636	0.00363636	0.00363636	
0.00699301	0.0839161	0.00699301	0.0839161	0.314685	0.160839	0.160839	0.00699301	0.0839161	0.00699301	0.0839161	
0.0113636	0.0113636	0.136364	0.0113636	0.136364	0.261364	0.261364	0.0113636	0.136364	0.0113636	0.0113636	
0.0909091	0.0909091	0.0909091	0.0909091	0.0909091	0.0909091	0.0909091	0.0909091	0.0909091	0.0909091	0.0909091	
0.0227273	0.0227273	0.0227273	0.0227273	0.272727	0.0227273	0.0227273	0.0227273	0.0227273	0.522727	0.0227273	
0.030303	0.030303	0.030303	0.030303	0.030303	0.030303	0.363636	0.030303	0.363636	0.030303	0.030303	
0.030303	0.030303	0.030303	0.030303	0.363636	0.030303	0.030303	0.030303	0.030303	0.030303	0.363636	


Matrix B :

0.0909091	0.0909091	0.0909091	0.0909091	0.0909091	0.0909091	0.0909091	0.0909091	0.0909091	0.0909091	0.0909091	
9.62001e-05	0.316498	0.412795	0.149303	0.0572391	0.0381914	0.014911	0.00750361	0.0032708	9.62001e-05	9.62001e-05	
0.000434972	0.0339278	0.258808	0.378425	0.191823	0.0339278	0.0387125	0.0434972	0.0100043	0.00521966	0.00521966	
0.0016835	0.0016835	0.186869	0.131313	0.372054	0.186869	0.0757576	0.0016835	0.0387205	0.0016835	0.0016835	
0.0034965	0.0034965	0.234266	0.34965	0.0804196	0.234266	0.041958	0.0034965	0.0034965	0.0034965	0.041958	
0.00649351	0.00649351	0.149351	0.506494	0.0779221	0.220779	0.00649351	0.00649351	0.00649351	0.00649351	0.00649351	
0.0113636	0.0113636	0.0113636	0.511364	0.136364	0.0113636	0.136364	0.0113636	0.0113636	0.136364	0.0113636	
0.0909091	0.0909091	0.0909091	0.0909091	0.0909091	0.0909091	0.0909091	0.0909091	0.0909091	0.0909091	0.0909091	
0.0227273	0.0227273	0.0227273	0.0227273	0.0227273	0.272727	0.0227273	0.272727	0.0227273	0.0227273	0.272727	
0.0227273	0.0227273	0.0227273	0.0227273	0.0227273	0.272727	0.0227273	0.0227273	0.0227273	0.522727	0.0227273	
0.030303	0.030303	0.030303	0.030303	0.363636	0.363636	0.030303	0.030303	0.030303	0.030303	0.030303	


Vector Pi :

0.00149031	0.804769	0.0670641	0.0670641	0.0178838	0.0178838	0.00149031	0.00149031	0.00149031	0.0178838	0.00149031	


Vector Phi :

0.000829846	0.7402	0.170101	0.0415677	0.0207565	0.0107806	0.00663818	0.000829846	0.00331861	0.00248915	0.00248868	
