
Parameters: 11 states AND 11 symbols

Matrix A :

0.0909091	0.0909091	0.0909091	0.0909091	0.0909091	0.0909091	0.0909091	0.0909091	0.0909091	0.0909091	0.0909091	
0.000180375	0.805736	0.178752	0.010101	0.00414863	0.000180375	0.000180375	0.000180375	0.000180375	0.000180375	0.000180375	
0.000246366	0.244149	0.591032	0.149298	0.0137965	0.000246366	0.000246366	0.000246366	0.000246366	0.000246366	0.000246366	
0.000513611	0.0287622	0.299949	0.525937	0.119158	0.0174628	0.000513611	0.00616333	0.000513611	0.000513611	0.000513611	
0.00106952	0.0128342	0.0716578	0.271658	0.495187	0.106952	0.0363636	0.00106952	0.00106952	0.00106952	0.00106952	
0.003367	0.003367	0.003367	0.003367	0.410774	0.299663	0.262626	0.003367	0.003367	0.003367	0.003367	
0.00395257	0.00395257	0.0474308	0.0474308	0.134387	0.264822	0.3083	0.177866	0.00395257	0.00395257	0.00395257	
0.00699301	0.00699301	0.00699301	0.00699301	0.00699301	0.00699301	0.314685	0.545455	0.00699301	0.00699301	0.0839161	
0.0454545	0.0454545	0.0454545	0.0454545	0.0454545	0.0454545	0.545455	0.0454545	0.0454545	0.0454545	0.0454545	
0.0909091	0.0909091	0.0909091	0.0909091	0.0909091	0.0909091	0.0909091	0.0909091	0.0909091	0.0909091	0.0909091	
0.030303	0.030303	0.030303	0.030303	0.030303	0.030303	0.030303	0.030303	0.363636	0.030303	0.363636	


Matrix B :

0.0909091	0.0909091	0.0909091	0.0909091	0.0909091	0.0909091	0.0909091	0.0909091	0.0909091	0.0909091	0.0909091	
0.00207004	0.298085	0.258237	0.174746	0.134897	0.0646886	0.0476108	0.00776264	0.00776264	0.00207004	0.00207004	
0.000236128	0.0236128	0.369067	0.301535	0.148288	0.083353	0.0417946	0.0236128	0.00802834	0.000236128	0.000236128	
0.000481	0.000481	0.164502	0.407888	0.233285	0.0586821	0.0533911	0.0533911	0.026936	0.000481	0.000481	
0.00102145	0.00102145	0.00102145	0.102145	0.360572	0.192033	0.158325	0.0796731	0.0459653	0.0347293	0.0234934	
0.003367	0.003367	0.003367	0.003367	0.225589	0.3367	0.299663	0.114478	0.003367	0.003367	0.003367	
0.0034965	0.0034965	0.0034965	0.0034965	0.0034965	0.118881	0.195804	0.34965	0.118881	0.118881	0.0804196	
0.00606061	0.00606061	0.00606061	0.00606061	0.00606061	0.00606061	0.339394	0.0727273	0.206061	0.00606061	0.339394	
0.0454545	0.0454545	0.0454545	0.0454545	0.0454545	0.0454545	0.0454545	0.0454545	0.545455	0.0454545	0.0454545	
0.0909091	0.0909091	0.0909091	0.0909091	0.0909091	0.0909091	0.0909091	0.0909091	0.0909091	0.0909091	0.0909091	
0.030303	0.030303	0.030303	0.030303	0.030303	0.030303	0.030303	0.030303	0.030303	0.69697	0.030303	


Vector Pi :

0.00149031	0.394933	0.263785	0.181818	0.0670641	0.00149031	0.0506706	0.0342772	0.00149031	0.00149031	0.00149031	


Vector Phi :

0.000836021	0.41457	0.306373	0.149065	0.0712886	0.0226547	0.0192873	0.0109038	0.00167341	0.000836021	0.00251216	
