
Parameters: 11 states AND 11 symbols

Matrix A :

0.0909091	0.0909091	0.0909091	0.0909091	0.0909091	0.0909091	0.0909091	0.0909091	0.0909091	0.0909091	0.0909091	
0.000148302	0.701616	0.253003	0.0360374	0.00830491	0.000148302	0.000148302	0.000148302	0.000148302	0.000148302	0.000148302	
0.000258264	0.432076	0.389463	0.142304	0.0258264	0.00594008	0.00309917	0.000258264	0.000258264	0.000258264	0.000258264	
0.000673401	0.171044	0.348822	0.282155	0.141414	0.030303	0.0228956	0.000673401	0.000673401	0.000673401	0.000673401	
0.0015674	0.122257	0.208464	0.277429	0.208464	0.105016	0.0705329	0.0015674	0.0015674	0.0015674	0.0015674	
0.00568182	0.00568182	0.00568182	0.255682	0.255682	0.130682	0.130682	0.130682	0.0681818	0.00568182	0.00568182	
0.00454545	0.00454545	0.0545455	0.204545	0.254545	0.00454545	0.304545	0.104545	0.0545455	0.00454545	0.00454545	
0.012987	0.012987	0.012987	0.012987	0.298701	0.155844	0.441558	0.012987	0.012987	0.012987	0.012987	
0.030303	0.030303	0.030303	0.030303	0.030303	0.030303	0.030303	0.363636	0.030303	0.030303	0.363636	
0.0909091	0.0909091	0.0909091	0.0909091	0.0909091	0.0909091	0.0909091	0.0909091	0.0909091	0.0909091	0.0909091	
0.030303	0.030303	0.030303	0.030303	0.030303	0.030303	0.030303	0.363636	0.030303	0.030303	0.363636	


Matrix B :

0.0909091	0.0909091	0.0909091	0.0909091	0.0909091	0.0909091	0.0909091	0.0909091	0.0909091	0.0909091	0.0909091	
0.000141603	0.352167	0.331917	0.169924	0.0733503	0.0421977	0.0188332	0.00169924	0.0048145	0.0048145	0.000141603	
0.000243724	0.0270534	0.51767	0.265659	0.104801	0.0485011	0.0297343	0.00292469	0.00292469	0.000243724	0.000243724	
0.000654022	0.000654022	0.101373	0.489863	0.209287	0.058208	0.058208	0.0366252	0.029431	0.0150425	0.000654022	
0.00151515	0.00151515	0.00151515	0.368182	0.334848	0.101515	0.101515	0.0348485	0.00151515	0.0348485	0.0181818	
0.00534759	0.00534759	0.00534759	0.00534759	0.534759	0.299465	0.0641711	0.00534759	0.00534759	0.0641711	0.00534759	
0.00413223	0.00413223	0.00413223	0.00413223	0.0495868	0.27686	0.458678	0.0495868	0.0495868	0.0950413	0.00413223	
0.012987	0.012987	0.012987	0.012987	0.012987	0.155844	0.441558	0.155844	0.155844	0.012987	0.012987	
0.030303	0.030303	0.030303	0.030303	0.030303	0.030303	0.363636	0.363636	0.030303	0.030303	0.030303	
0.0909091	0.0909091	0.0909091	0.0909091	0.0909091	0.0909091	0.0909091	0.0909091	0.0909091	0.0909091	0.0909091	
0.0227273	0.0227273	0.0227273	0.0227273	0.0227273	0.0227273	0.0227273	0.0227273	0.0227273	0.772727	0.0227273	


Vector Pi :

0.00149031	0.4769	0.329359	0.0670641	0.0506706	0.0178838	0.0342772	0.00149031	0.00149031	0.00149031	0.0178838	


Vector Phi :

0.000819782	0.507946	0.292263	0.111341	0.0467692	0.0130689	0.0163378	0.0057238	0.00245348	0.000819782	0.00245641	
