
Parameters: 11 states AND 11 symbols

Matrix A :

0.0909091	0.0909091	0.0909091	0.0909091	0.0909091	0.0909091	0.0909091	0.0909091	0.0909091	0.0909091	0.0909091	
0.0001844	0.825742	0.162456	0.0103264	0.0001844	0.0001844	0.0001844	0.0001844	0.0001844	0.0001844	0.0001844	
0.000255363	0.230592	0.618233	0.137896	0.00868233	0.000255363	0.00306435	0.000255363	0.000255363	0.000255363	0.000255363	
0.000459137	0.0156107	0.268136	0.591368	0.121671	0.000459137	0.000459137	0.000459137	0.000459137	0.000459137	0.000459137	
0.0010101	0.0010101	0.0232323	0.267677	0.534343	0.156566	0.0121212	0.0010101	0.0010101	0.0010101	0.0010101	
0.0021645	0.0021645	0.025974	0.025974	0.311688	0.549784	0.0735931	0.0021645	0.0021645	0.0021645	0.0021645	
0.00606061	0.00606061	0.00606061	0.0727273	0.00606061	0.272727	0.472727	0.0727273	0.0727273	0.00606061	0.00606061	
0.0454545	0.0454545	0.0454545	0.0454545	0.0454545	0.0454545	0.545455	0.0454545	0.0454545	0.0454545	0.0454545	
0.030303	0.030303	0.030303	0.030303	0.030303	0.030303	0.363636	0.030303	0.030303	0.030303	0.363636	
0.0909091	0.0909091	0.0909091	0.0909091	0.0909091	0.0909091	0.0909091	0.0909091	0.0909091	0.0909091	0.0909091	
0.0227273	0.0227273	0.0227273	0.0227273	0.0227273	0.0227273	0.0227273	0.0227273	0.272727	0.0227273	0.522727	


Matrix B :

0.0909091	0.0909091	0.0909091	0.0909091	0.0909091	0.0909091	0.0909091	0.0909091	0.0909091	0.0909091	0.0909091	
0.00017584	0.321259	0.313522	0.18006	0.0930192	0.0465975	0.0233867	0.0117813	0.00404431	0.00404431	0.00211008	
0.000243072	0.133933	0.425377	0.264949	0.104521	0.026981	0.0162859	0.0136121	0.00826446	0.00559067	0.000243072	
0.000443459	0.000443459	0.361419	0.371175	0.151663	0.0638581	0.0199557	0.0150776	0.00532151	0.00532151	0.00532151	
0.000956938	0.000956938	0.000956938	0.548325	0.316746	0.0325359	0.0430622	0.0325359	0.0114833	0.000956938	0.0114833	
0.00189394	0.00189394	0.00189394	0.168561	0.356061	0.189394	0.126894	0.0643939	0.0435606	0.0435606	0.00189394	
0.00606061	0.00606061	0.00606061	0.00606061	0.472727	0.206061	0.206061	0.0727273	0.00606061	0.00606061	0.00606061	
0.0454545	0.0454545	0.0454545	0.0454545	0.0454545	0.545455	0.0454545	0.0454545	0.0454545	0.0454545	0.0454545	
0.030303	0.030303	0.030303	0.030303	0.030303	0.363636	0.030303	0.363636	0.030303	0.030303	0.030303	
0.0909091	0.0909091	0.0909091	0.0909091	0.0909091	0.0909091	0.0909091	0.0909091	0.0909091	0.0909091	0.0909091	
0.0227273	0.0227273	0.0227273	0.0227273	0.0227273	0.0227273	0.0227273	0.772727	0.0227273	0.0227273	0.0227273	


Vector Pi :

0.00149031	0.394933	0.280179	0.116244	0.099851	0.099851	0.00149031	0.00149031	0.00149031	0.00149031	0.00149031	


Vector Phi :

0.00081704	0.412188	0.29788	0.163234	0.0718745	0.0336912	0.0121641	0.00162798	0.0024438	0.00081704	0.00326328	
