
Parameters: 11 states AND 11 symbols

Matrix A :

0.0909091	0.0909091	0.0909091	0.0909091	0.0909091	0.0909091	0.0909091	0.0909091	0.0909091	0.0909091	0.0909091	
0.000173491	0.855135	0.122311	0.0173491	0.00399028	0.000173491	0.000173491	0.000173491	0.000173491	0.000173491	0.000173491	
0.0003885	0.269619	0.530303	0.149961	0.0174825	0.00893551	0.004662	0.004662	0.004662	0.00893551	0.0003885	
0.000770416	0.068567	0.297381	0.382126	0.153313	0.0600924	0.0261941	0.000770416	0.000770416	0.00924499	0.000770416	
0.00124533	0.0423412	0.0971357	0.247821	0.330012	0.179328	0.0697385	0.014944	0.014944	0.00124533	0.00124533	
0.0015949	0.0015949	0.0366826	0.0893142	0.317384	0.370016	0.0893142	0.0717703	0.0191388	0.0015949	0.0015949	
0.0020202	0.0242424	0.0020202	0.0686869	0.0686869	0.20202	0.335354	0.179798	0.0909091	0.0020202	0.0242424	
0.002331	0.027972	0.027972	0.027972	0.0792541	0.0536131	0.2331	0.310023	0.181818	0.027972	0.027972	
0.00252525	0.00252525	0.00252525	0.030303	0.00252525	0.0580808	0.0858586	0.252525	0.280303	0.19697	0.0858586	
0.00227273	0.00227273	0.00227273	0.00227273	0.00227273	0.00227273	0.0522727	0.0272727	0.152273	0.552273	0.202273	
0.00275482	0.00275482	0.00275482	0.00275482	0.00275482	0.00275482	0.00275482	0.0633609	0.15427	0.184573	0.578512	


Matrix B :

0.0909091	0.0909091	0.0909091	0.0909091	0.0909091	0.0909091	0.0909091	0.0909091	0.0909091	0.0909091	0.0909091	
0.00016559	0.439146	0.430038	0.120384	0.00563007	0.00380858	0.00016559	0.00016559	0.00016559	0.00016559	0.00016559	
0.000366569	0.278592	0.556818	0.101173	0.0285924	0.0245601	0.00843109	0.000366569	0.000366569	0.000366569	0.000366569	
0.000757576	0.242424	0.425758	0.209091	0.0757576	0.0174242	0.0174242	0.00909091	0.000757576	0.000757576	0.000757576	
0.00118064	0.0791027	0.416765	0.325856	0.157025	0.0141677	0.00118064	0.00118064	0.00118064	0.00118064	0.00118064	
0.00151515	0.0348485	0.284848	0.418182	0.134848	0.101515	0.00151515	0.0181818	0.00151515	0.00151515	0.00151515	
0.00178253	0.00178253	0.178253	0.511586	0.0998217	0.11943	0.0606061	0.0213904	0.00178253	0.00178253	0.00178253	
0.00221729	0.0509978	0.197339	0.221729	0.31929	0.148559	0.0266075	0.0266075	0.00221729	0.00221729	0.00221729	
0.002457	0.029484	0.272727	0.191646	0.110565	0.2457	0.110565	0.029484	0.002457	0.002457	0.002457	
0.0021645	0.0021645	0.24026	0.192641	0.0974026	0.21645	0.0974026	0.025974	0.025974	0.0497835	0.0497835	
0.0026738	0.0909091	0.208556	0.385027	0.208556	0.0320856	0.0614973	0.0026738	0.0026738	0.0026738	0.0026738	


Vector Pi :

0.00149031	0.394933	0.230999	0.0342772	0.0670641	0.0506706	0.116244	0.0342772	0.0178838	0.0342772	0.0178838	


Vector Phi :

0.000817379	0.443544	0.196184	0.0979547	0.0599302	0.0463734	0.0354235	0.0313953	0.0290884	0.0325498	0.0267392	
