
Parameters: 11 states AND 11 symbols

Matrix A :

0.0909091	0.0909091	0.0909091	0.0909091	0.0909091	0.0909091	0.0909091	0.0909091	0.0909091	0.0909091	0.0909091	
0.000116252	0.929784	0.06917	0.000116252	0.000116252	0.000116252	0.000116252	0.000116252	0.000116252	0.000116252	0.000116252	
0.000304044	0.174217	0.749468	0.0705382	0.00364853	0.000304044	0.000304044	0.000304044	0.000304044	0.000304044	0.000304044	
0.00110865	0.0133038	0.232816	0.684035	0.0620843	0.00110865	0.00110865	0.00110865	0.00110865	0.00110865	0.00110865	
0.00649351	0.0779221	0.00649351	0.292208	0.363636	0.149351	0.0779221	0.00649351	0.00649351	0.00649351	0.00649351	
0.0227273	0.0227273	0.0227273	0.0227273	0.272727	0.272727	0.272727	0.0227273	0.0227273	0.0227273	0.0227273	
0.0227273	0.0227273	0.272727	0.0227273	0.0227273	0.0227273	0.0227273	0.0227273	0.522727	0.0227273	0.0227273	
0.0454545	0.0454545	0.0454545	0.0454545	0.545455	0.0454545	0.0454545	0.0454545	0.0454545	0.0454545	0.0454545	
0.030303	0.030303	0.030303	0.030303	0.030303	0.030303	0.030303	0.030303	0.030303	0.363636	0.363636	
0.030303	0.030303	0.030303	0.030303	0.030303	0.030303	0.363636	0.030303	0.030303	0.030303	0.363636	
0.0151515	0.0151515	0.0151515	0.0151515	0.0151515	0.0151515	0.0151515	0.181818	0.0151515	0.181818	0.515152	


Matrix B :

0.0909091	0.0909091	0.0909091	0.0909091	0.0909091	0.0909091	0.0909091	0.0909091	0.0909091	0.0909091	0.0909091	
0.000110461	0.334254	0.424169	0.161714	0.0535734	0.009831	0.00618579	0.00497073	0.00497073	0.000110461	0.000110461	
0.000290444	0.000290444	0.217543	0.434795	0.243102	0.0801626	0.0194598	0.00348533	0.000290444	0.000290444	0.000290444	
0.00105708	0.00105708	0.00105708	0.128964	0.303383	0.396406	0.105708	0.0243129	0.0359408	0.00105708	0.00105708	
0.00649351	0.00649351	0.00649351	0.00649351	0.149351	0.435065	0.0779221	0.220779	0.0779221	0.00649351	0.00649351	
0.0227273	0.0227273	0.0227273	0.0227273	0.0227273	0.0227273	0.272727	0.0227273	0.522727	0.0227273	0.0227273	
0.0227273	0.0227273	0.0227273	0.0227273	0.0227273	0.0227273	0.772727	0.0227273	0.0227273	0.0227273	0.0227273	
0.0454545	0.0454545	0.0454545	0.0454545	0.0454545	0.0454545	0.0454545	0.0454545	0.0454545	0.545455	0.0454545	
0.030303	0.030303	0.030303	0.030303	0.030303	0.030303	0.030303	0.363636	0.363636	0.030303	0.030303	
0.0227273	0.0227273	0.0227273	0.0227273	0.0227273	0.0227273	0.0227273	0.0227273	0.522727	0.272727	0.0227273	
0.0151515	0.0151515	0.0151515	0.0151515	0.0151515	0.0151515	0.0151515	0.0151515	0.181818	0.181818	0.515152	


Vector Pi :

0.00149031	0.673621	0.230999	0.0670641	0.00149031	0.00149031	0.00149031	0.00149031	0.00149031	0.0178838	0.00149031	


Vector Phi :

0.00083334	0.651666	0.249167	0.0683335	0.0116667	0.00333336	0.00333336	0.00166669	0.00250002	0.00250003	0.00500006	
