
Parameters: 11 states AND 11 symbols

Matrix A :

0.090909	0.090909	0.090909	0.090909	0.090909	0.090909	0.090909	0.090909	0.090909	0.090909	0.090909	
0.000710	0.735085	0.203835	0.039773	0.000710	0.000710	0.000710	0.000710	0.008523	0.008523	0.000710	
0.001070	0.259893	0.459893	0.154011	0.059893	0.012834	0.001070	0.001070	0.001070	0.036364	0.012834	
0.001541	0.052388	0.238829	0.391371	0.120185	0.069337	0.035439	0.018490	0.052388	0.018490	0.001541	
0.002331	0.027972	0.053613	0.207459	0.335664	0.258741	0.053613	0.053613	0.002331	0.002331	0.002331	
0.002392	0.028708	0.002392	0.107656	0.186603	0.344498	0.160287	0.107656	0.002392	0.055024	0.002392	
0.002392	0.081340	0.002392	0.028708	0.028708	0.133971	0.423445	0.133971	0.055024	0.055024	0.055024	
0.002755	0.033058	0.033058	0.063361	0.033058	0.033058	0.154270	0.275482	0.275482	0.093664	0.002755	
0.001818	0.001818	0.021818	0.041818	0.061818	0.041818	0.021818	0.161818	0.401818	0.201818	0.041818	
0.001541	0.018490	0.001541	0.001541	0.018490	0.018490	0.069337	0.018490	0.154083	0.357473	0.340524	
0.001299	0.015584	0.015584	0.001299	0.001299	0.001299	0.015584	0.029870	0.072727	0.215584	0.629870	


Matrix B :

0.090909	0.090909	0.090909	0.090909	0.090909	0.090909	0.090909	0.090909	0.090909	0.090909	0.090909	
0.000673	0.245118	0.334007	0.185859	0.111785	0.082155	0.022896	0.015488	0.000673	0.000673	0.000673	
0.001021	0.057201	0.236977	0.293156	0.214505	0.090909	0.068437	0.023493	0.012257	0.001021	0.001021	
0.001490	0.050671	0.181818	0.132638	0.247392	0.165425	0.050671	0.132638	0.034277	0.001490	0.001490	
0.002114	0.002114	0.141649	0.350951	0.234672	0.071882	0.071882	0.071882	0.048626	0.002114	0.002114	
0.002331	0.002331	0.079254	0.335664	0.284382	0.027972	0.079254	0.027972	0.104895	0.027972	0.027972	
0.002217	0.002217	0.197339	0.270510	0.172949	0.124169	0.124169	0.075388	0.026608	0.002217	0.002217	
0.002597	0.002597	0.116883	0.431169	0.202597	0.145455	0.059740	0.031169	0.002597	0.002597	0.002597	
0.001684	0.001684	0.020202	0.131313	0.297980	0.168350	0.168350	0.149832	0.020202	0.020202	0.020202	
0.001490	0.001490	0.083458	0.165425	0.230999	0.198212	0.149031	0.116244	0.001490	0.001490	0.050671	
0.001280	0.001280	0.001280	0.043534	0.282971	0.198464	0.142125	0.198464	0.057618	0.057618	0.015365	


Vector Pi :

0.002933	0.228739	0.131965	0.067449	0.131965	0.035191	0.099707	0.067449	0.131965	0.067449	0.035191	


Vector Phi :

0.001667	0.213333	0.141667	0.098333	0.065000	0.063333	0.063333	0.055000	0.083333	0.098333	0.116667	
