
Parameters: 11 states AND 11 symbols

Matrix A :

0.0909091	0.0909091	0.0909091	0.0909091	0.0909091	0.0909091	0.0909091	0.0909091	0.0909091	0.0909091	0.0909091	
0.000405844	0.665584	0.250406	0.049513	0.0137987	0.00933442	0.00487013	0.000405844	0.000405844	0.00487013	0.000405844	
0.0004914	0.24914	0.422113	0.227518	0.0815725	0.00589681	0.0004914	0.00589681	0.0004914	0.00589681	0.0004914	
0.000547645	0.108981	0.235487	0.343921	0.205367	0.0607886	0.0186199	0.0125958	0.000547645	0.0125958	0.000547645	
0.000554324	0.0310421	0.0371397	0.274945	0.427384	0.152993	0.0371397	0.0249446	0.0127494	0.000554324	0.000554324	
0.000790514	0.00948617	0.0268775	0.0703557	0.26166	0.357312	0.218182	0.0355731	0.0181818	0.000790514	0.000790514	
0.000909091	0.0209091	0.0109091	0.0209091	0.0309091	0.320909	0.350909	0.200909	0.0309091	0.0109091	0.000909091	
0.00109529	0.0131435	0.00109529	0.0131435	0.0492881	0.0372399	0.278204	0.290252	0.254107	0.0492881	0.0131435	
0.00119617	0.00119617	0.0143541	0.00119617	0.0143541	0.00119617	0.0801435	0.303828	0.422249	0.132775	0.027512	
0.00162338	0.00162338	0.00162338	0.00162338	0.0551948	0.00162338	0.00162338	0.0373377	0.180195	0.519481	0.198052	
0.0030303	0.0363636	0.0030303	0.0030303	0.0030303	0.0030303	0.0030303	0.069697	0.169697	0.236364	0.469697	


Matrix B :

0.0909091	0.0909091	0.0909091	0.0909091	0.0909091	0.0909091	0.0909091	0.0909091	0.0909091	0.0909091	0.0909091	
0.00039185	0.35815	0.293495	0.215909	0.0995298	0.0176332	0.00901254	0.00470219	0.00039185	0.00039185	0.00039185	
0.000471032	0.119642	0.332077	0.347621	0.171455	0.0160151	0.00565238	0.00565238	0.000471032	0.000471032	0.000471032	
0.000516529	0.00619835	0.267562	0.32438	0.256198	0.114153	0.0118802	0.00619835	0.0118802	0.000516529	0.000516529	
0.000531632	0.00637959	0.0707071	0.415736	0.246146	0.158426	0.0648591	0.0297714	0.00637959	0.000531632	0.000531632	
0.000745156	0.000745156	0.0745156	0.28763	0.304024	0.115499	0.140089	0.0499255	0.00894188	0.0171386	0.000745156	
0.000891266	0.0204991	0.0597148	0.285205	0.285205	0.108734	0.108734	0.030303	0.0499109	0.040107	0.0106952	
0.000988142	0.000988142	0.055336	0.174901	0.327075	0.19664	0.142292	0.0118577	0.0662055	0.0227273	0.000988142	
0.00112233	0.013468	0.0381594	0.112233	0.346801	0.14927	0.136925	0.124579	0.0505051	0.0258137	0.00112233	
0.00154083	0.01849	0.00154083	0.154083	0.187982	0.103236	0.171032	0.120185	0.0693374	0.103236	0.0693374	
0.00293255	0.00293255	0.0674487	0.164223	0.131965	0.0997067	0.0997067	0.164223	0.131965	0.131965	0.00293255	


Vector Pi :

0.00149031	0.132638	0.132638	0.149031	0.116244	0.116244	0.0342772	0.149031	0.0834575	0.0506706	0.0342772	


Vector Phi :

0.000823007	0.18848	0.155904	0.140678	0.137554	0.0959967	0.0828661	0.0681377	0.0617286	0.0450943	0.0227366	
