
Parameters: 11 states AND 11 symbols

Matrix A :

0.0909091	0.0909091	0.0909091	0.0909091	0.0909091	0.0909091	0.0909091	0.0909091	0.0909091	0.0909091	0.0909091	
0.000320102	0.739757	0.179898	0.0355314	0.0144046	0.00736236	0.00736236	0.000320102	0.00384123	0.00736236	0.00384123	
0.00040404	0.227071	0.524848	0.164848	0.0359596	0.0226263	0.00484848	0.00040404	0.0137374	0.00484848	0.00040404	
0.000594177	0.0855615	0.24896	0.438503	0.144385	0.0463458	0.00713012	0.020202	0.00713012	0.000594177	0.000594177	
0.000834028	0.0375313	0.0742285	0.24854	0.376981	0.175146	0.0467056	0.0191827	0.0100083	0.000834028	0.0100083	
0.00113636	0.0261364	0.0386364	0.0386364	0.263636	0.313636	0.188636	0.0386364	0.0636364	0.0261364	0.00113636	
0.0013369	0.0160428	0.0307487	0.0454545	0.104278	0.192513	0.280749	0.221925	0.0748663	0.0307487	0.0013369	
0.00118064	0.0141677	0.0271547	0.0531287	0.0401417	0.0920897	0.234947	0.390791	0.131051	0.0141677	0.00118064	
0.0012987	0.0012987	0.0298701	0.0012987	0.0298701	0.0012987	0.0584416	0.201299	0.42987	0.172727	0.0727273	
0.00137741	0.0165289	0.00137741	0.00137741	0.00137741	0.00137741	0.0165289	0.077135	0.168044	0.546832	0.168044	
0.00135685	0.00135685	0.0162822	0.0162822	0.00135685	0.0162822	0.00135685	0.0610583	0.0312076	0.135685	0.717775	


Matrix B :

0.0909091	0.0909091	0.0909091	0.0909091	0.0909091	0.0909091	0.0909091	0.0909091	0.0909091	0.0909091	0.0909091	
0.000306091	0.404346	0.380777	0.121518	0.0609122	0.0272421	0.00367309	0.000306091	0.000306091	0.000306091	0.000306091	
0.000377216	0.0999623	0.531498	0.187099	0.145605	0.0169747	0.00867597	0.00867597	0.000377216	0.000377216	0.000377216	
0.000564653	0.0254094	0.249012	0.373235	0.230378	0.0688876	0.0502541	0.000564653	0.000564653	0.000564653	0.000564653	
0.000804505	0.00965406	0.142397	0.239743	0.28399	0.133548	0.142397	0.000804505	0.0273532	0.0185036	0.000804505	
0.00112233	0.00112233	0.0751964	0.186308	0.223345	0.23569	0.210999	0.0381594	0.013468	0.00112233	0.013468	
0.0012987	0.0012987	0.0727273	0.12987	0.258442	0.172727	0.258442	0.101299	0.0012987	0.0012987	0.0012987	
0.00110865	0.0133038	0.037694	0.14745	0.232816	0.257206	0.159645	0.0986696	0.0498891	0.00110865	0.00110865	
0.00124533	0.00124533	0.0971357	0.0971357	0.0971357	0.193026	0.193026	0.247821	0.0423412	0.0286426	0.00124533	
0.00128041	0.00128041	0.0153649	0.142125	0.198464	0.240717	0.184379	0.184379	0.0153649	0.00128041	0.0153649	
0.0012987	0.0012987	0.0584416	0.201299	0.12987	0.287013	0.201299	0.0298701	0.0298701	0.0441558	0.0155844	


Vector Pi :

0.00149031	0.214605	0.247392	0.132638	0.0670641	0.0178838	0.0506706	0.0834575	0.0506706	0.0834575	0.0506706	


Vector Phi :

0.000828731	0.23864	0.189925	0.127931	0.0905279	0.066126	0.0550319	0.0632567	0.0577639	0.0545463	0.0554217	
