
Parameters: 11 states AND 11 symbols

Matrix A :

0.0909091	0.0909091	0.0909091	0.0909091	0.0909091	0.0909091	0.0909091	0.0909091	0.0909091	0.0909091	0.0909091	
0.000105097	0.928429	0.0636889	0.00472937	0.00126117	0.00126117	0.000105097	0.000105097	0.000105097	0.000105097	0.000105097	
0.000488759	0.290811	0.554252	0.124145	0.0166178	0.000488759	0.000488759	0.0058651	0.000488759	0.0058651	0.000488759	
0.00131752	0.0737813	0.334651	0.407115	0.146245	0.0158103	0.0158103	0.00131752	0.00131752	0.00131752	0.00131752	
0.00284091	0.00284091	0.127841	0.346591	0.315341	0.159091	0.0340909	0.00284091	0.00284091	0.00284091	0.00284091	
0.00649351	0.0779221	0.00649351	0.0779221	0.363636	0.149351	0.149351	0.0779221	0.0779221	0.00649351	0.00649351	
0.012987	0.012987	0.012987	0.012987	0.155844	0.298701	0.155844	0.012987	0.155844	0.012987	0.155844	
0.0113636	0.136364	0.0113636	0.136364	0.0113636	0.136364	0.136364	0.261364	0.0113636	0.136364	0.0113636	
0.030303	0.030303	0.030303	0.030303	0.030303	0.030303	0.030303	0.030303	0.030303	0.363636	0.363636	
0.0113636	0.0113636	0.0113636	0.0113636	0.0113636	0.136364	0.0113636	0.261364	0.0113636	0.261364	0.261364	
0.00757576	0.00757576	0.00757576	0.00757576	0.0909091	0.00757576	0.00757576	0.0909091	0.00757576	0.174242	0.590909	


Matrix B :

0.0909091	0.0909091	0.0909091	0.0909091	0.0909091	0.0909091	0.0909091	0.0909091	0.0909091	0.0909091	0.0909091	
9.97904e-05	0.235006	0.356851	0.204271	0.124139	0.0407145	0.0275422	0.00668596	9.97904e-05	0.00229518	0.00229518	
0.000463822	0.0106679	0.184137	0.332096	0.281076	0.0667904	0.0667904	0.025974	0.0106679	0.0157699	0.00556586	
0.0012987	0.0012987	0.144156	0.287013	0.287013	0.158442	0.0584416	0.0298701	0.0298701	0.0012987	0.0012987	
0.0026738	0.0026738	0.120321	0.237968	0.355615	0.120321	0.0909091	0.0026738	0.0026738	0.0614973	0.0026738	
0.00606061	0.00606061	0.00606061	0.206061	0.272727	0.00606061	0.406061	0.00606061	0.0727273	0.00606061	0.00606061	
0.012987	0.012987	0.012987	0.155844	0.298701	0.012987	0.298701	0.155844	0.012987	0.012987	0.012987	
0.0113636	0.0113636	0.0113636	0.136364	0.386364	0.261364	0.0113636	0.0113636	0.0113636	0.136364	0.0113636	
0.030303	0.030303	0.030303	0.030303	0.363636	0.030303	0.363636	0.030303	0.030303	0.030303	0.030303	
0.0113636	0.0113636	0.0113636	0.136364	0.261364	0.136364	0.0113636	0.0113636	0.136364	0.0113636	0.261364	
0.00757576	0.00757576	0.00757576	0.00757576	0.507576	0.257576	0.0909091	0.0909091	0.00757576	0.00757576	0.00757576	


Vector Pi :

0.00149031	0.755589	0.165425	0.0178838	0.0342772	0.0178838	0.00149031	0.00149031	0.00149031	0.00149031	0.00149031	


Vector Phi :

0.000829877	0.717842	0.154357	0.0572614	0.026556	0.0116183	0.00580914	0.00663902	0.00248963	0.00663902	0.00995854	
