
Parameters: 11 states AND 11 symbols

Matrix A :

0.0909091	0.0909091	0.0909091	0.0909091	0.0909091	0.0909091	0.0909091	0.0909091	0.0909091	0.0909091	0.0909091	
0.0001554	0.90272	0.0890443	0.00528361	0.0001554	0.0001554	0.0001554	0.0001554	0.0001554	0.0018648	0.0001554	
0.000316756	0.181501	0.697181	0.118784	0.000316756	0.000316756	0.000316756	0.000316756	0.000316756	0.000316756	0.000316756	
0.000658762	0.0151515	0.225296	0.602108	0.145586	0.000658762	0.000658762	0.00790514	0.000658762	0.000658762	0.000658762	
0.00128041	0.0153649	0.0294494	0.198464	0.578745	0.142125	0.0153649	0.00128041	0.00128041	0.0153649	0.00128041	
0.00227273	0.00227273	0.0272727	0.0772727	0.202273	0.452273	0.227273	0.00227273	0.00227273	0.00227273	0.00227273	
0.00284091	0.00284091	0.00284091	0.00284091	0.0340909	0.284091	0.471591	0.190341	0.00284091	0.00284091	0.00284091	
0.00606061	0.00606061	0.00606061	0.00606061	0.00606061	0.0727273	0.406061	0.272727	0.139394	0.0727273	0.00606061	
0.0181818	0.0181818	0.0181818	0.0181818	0.0181818	0.218182	0.0181818	0.218182	0.218182	0.0181818	0.218182	
0.00505051	0.00505051	0.00505051	0.00505051	0.00505051	0.00505051	0.00505051	0.116162	0.0606061	0.616162	0.171717	
0.0113636	0.136364	0.0113636	0.0113636	0.0113636	0.0113636	0.0113636	0.0113636	0.0113636	0.386364	0.386364	


Matrix B :

0.0909091	0.0909091	0.0909091	0.0909091	0.0909091	0.0909091	0.0909091	0.0909091	0.0909091	0.0909091	0.0909091	
0.000147102	0.163578	0.322154	0.208885	0.200794	0.0729626	0.0228008	0.00176523	0.00661959	0.000147102	0.000147102	
0.000302024	0.0302024	0.149804	0.212927	0.312594	0.176382	0.0667472	0.0368469	0.0135911	0.000302024	0.000302024	
0.000644745	0.0219213	0.128304	0.298517	0.185042	0.11412	0.11412	0.0857511	0.0431979	0.00773694	0.000644745	
0.00118064	0.00118064	0.0271547	0.273908	0.260921	0.195986	0.0791027	0.0401417	0.0141677	0.0271547	0.0791027	
0.00221729	0.00221729	0.0266075	0.172949	0.197339	0.24612	0.172949	0.124169	0.0266075	0.00221729	0.0266075	
0.00275482	0.00275482	0.0330579	0.0936639	0.275482	0.184573	0.0936639	0.15427	0.0936639	0.00275482	0.0633609	
0.00568182	0.00568182	0.00568182	0.130682	0.255682	0.130682	0.130682	0.00568182	0.0681818	0.130682	0.130682	
0.0151515	0.0151515	0.0151515	0.0151515	0.181818	0.348485	0.0151515	0.348485	0.0151515	0.0151515	0.0151515	
0.00505051	0.00505051	0.00505051	0.0606061	0.282828	0.505051	0.116162	0.00505051	0.00505051	0.00505051	0.00505051	
0.0113636	0.0113636	0.0113636	0.0113636	0.386364	0.136364	0.136364	0.261364	0.0113636	0.0113636	0.0113636	


Vector Pi :

0.00149031	0.542474	0.230999	0.0506706	0.099851	0.0178838	0.0178838	0.0178838	0.0178838	0.00149031	0.00149031	


Vector Phi :

0.000833791	0.487401	0.239149	0.115014	0.0591907	0.0333585	0.0266901	0.0125104	0.00416999	0.0150106	0.0066719	
