
Parameters: 11 states AND 11 symbols

Matrix A :

0.0454545	0.0454545	0.0454545	0.0454545	0.0454545	0.0454545	0.0454545	0.0454545	0.0454545	0.545455	0.0454545	
0.000113636	0.877614	0.106364	0.0151136	0.000113636	0.000113636	0.000113636	0.000113636	0.000113636	0.000113636	0.000113636	
0.000348311	0.32985	0.559735	0.0923023	0.00801115	0.00417973	0.00417973	0.000348311	0.000348311	0.000348311	0.000348311	
0.00104493	0.115987	0.288401	0.403344	0.15047	0.0355277	0.00104493	0.00104493	0.00104493	0.00104493	0.00104493	
0.00378788	0.0454545	0.00378788	0.462121	0.253788	0.170455	0.0454545	0.00378788	0.00378788	0.00378788	0.00378788	
0.00649351	0.00649351	0.220779	0.220779	0.0779221	0.292208	0.149351	0.00649351	0.00649351	0.00649351	0.00649351	
0.00909091	0.00909091	0.109091	0.109091	0.109091	0.109091	0.309091	0.109091	0.00909091	0.109091	0.00909091	
0.0227273	0.0227273	0.0227273	0.0227273	0.0227273	0.0227273	0.0227273	0.522727	0.272727	0.0227273	0.0227273	
0.545455	0.0454545	0.0454545	0.0454545	0.0454545	0.0454545	0.0454545	0.0454545	0.0454545	0.0454545	0.0454545	
0.0227273	0.0227273	0.0227273	0.0227273	0.0227273	0.0227273	0.522727	0.0227273	0.0227273	0.272727	0.0227273	
0.0909091	0.0909091	0.0909091	0.0909091	0.0909091	0.0909091	0.0909091	0.0909091	0.0909091	0.0909091	0.0909091	


Matrix B :

0.0454545	0.0454545	0.0454545	0.545455	0.0454545	0.0454545	0.0454545	0.0454545	0.0454545	0.0454545	0.0454545	
0.00010784	0.455624	0.380891	0.115173	0.0321363	0.010784	0.00366656	0.00129408	0.00010784	0.00010784	0.00010784	
0.0040107	0.0407754	0.404746	0.360628	0.121658	0.0444519	0.0113636	0.000334225	0.00768717	0.0040107	0.000334225	
0.00102145	0.00102145	0.135853	0.360572	0.293156	0.124617	0.0459653	0.0347293	0.00102145	0.00102145	0.00102145	
0.00363636	0.00363636	0.0436364	0.283636	0.163636	0.243636	0.203636	0.00363636	0.00363636	0.0436364	0.00363636	
0.00606061	0.00606061	0.0727273	0.0727273	0.206061	0.339394	0.139394	0.0727273	0.00606061	0.0727273	0.00606061	
0.00826446	0.00826446	0.00826446	0.0991736	0.0991736	0.371901	0.0991736	0.280992	0.00826446	0.00826446	0.00826446	
0.0227273	0.0227273	0.0227273	0.772727	0.0227273	0.0227273	0.0227273	0.0227273	0.0227273	0.0227273	0.0227273	
0.0454545	0.0454545	0.0454545	0.545455	0.0454545	0.0454545	0.0454545	0.0454545	0.0454545	0.0454545	0.0454545	
0.0181818	0.0181818	0.0181818	0.0181818	0.218182	0.0181818	0.618182	0.0181818	0.0181818	0.0181818	0.0181818	
0.0909091	0.0909091	0.0909091	0.0909091	0.0909091	0.0909091	0.0909091	0.0909091	0.0909091	0.0909091	0.0909091	


Vector Pi :

0.00149031	0.706408	0.181818	0.0342772	0.0178838	0.0178838	0.0178838	0.00149031	0.00149031	0.0178838	0.00149031	


Vector Phi :

0.00165426	0.661704	0.215881	0.0719603	0.0198511	0.0115798	0.0082713	0.00330852	0.00165426	0.00330852	0.00082713	
