
Parameters: 11 states AND 11 symbols

Matrix A :

0.0909091	0.0909091	0.0909091	0.0909091	0.0909091	0.0909091	0.0909091	0.0909091	0.0909091	0.0909091	0.0909091	
0.000112511	0.919667	0.0718947	0.00630063	0.000112511	0.000112511	0.000112511	0.000112511	0.00135014	0.000112511	0.000112511	
0.000377216	0.241041	0.643531	0.104112	0.00452659	0.00452659	0.000377216	0.000377216	0.000377216	0.000377216	0.000377216	
0.00119617	0.0406699	0.330144	0.461722	0.106459	0.0143541	0.0143541	0.0143541	0.00119617	0.00119617	0.0143541	
0.0030303	0.069697	0.069697	0.269697	0.436364	0.069697	0.069697	0.0030303	0.0030303	0.0030303	0.0030303	
0.00649351	0.00649351	0.0779221	0.149351	0.149351	0.435065	0.149351	0.00649351	0.00649351	0.00649351	0.00649351	
0.00909091	0.00909091	0.00909091	0.00909091	0.109091	0.209091	0.409091	0.109091	0.00909091	0.109091	0.00909091	
0.0181818	0.0181818	0.0181818	0.0181818	0.418182	0.0181818	0.0181818	0.0181818	0.418182	0.0181818	0.0181818	
0.012987	0.012987	0.012987	0.012987	0.012987	0.012987	0.012987	0.298701	0.298701	0.155844	0.155844	
0.012987	0.012987	0.012987	0.012987	0.155844	0.155844	0.012987	0.012987	0.155844	0.441558	0.012987	
0.0151515	0.0151515	0.0151515	0.0151515	0.181818	0.0151515	0.0151515	0.0151515	0.0151515	0.181818	0.515152	


Matrix B :

0.0909091	0.0909091	0.0909091	0.0909091	0.0909091	0.0909091	0.0909091	0.0909091	0.0909091	0.0909091	0.0909091	
0.000107712	0.211008	0.368591	0.211008	0.12333	0.0510556	0.0226196	0.00603188	0.00247738	0.00366221	0.000107712	
0.000353732	0.00813583	0.218253	0.264945	0.237708	0.105412	0.0898479	0.0392642	0.00813583	0.0159179	0.0120269	
0.00112233	0.00112233	0.124579	0.210999	0.260382	0.124579	0.124579	0.0751964	0.0381594	0.00112233	0.0381594	
0.00293255	0.00293255	0.131965	0.164223	0.0674487	0.228739	0.0674487	0.228739	0.0997067	0.00293255	0.00293255	
0.00606061	0.00606061	0.00606061	0.0727273	0.206061	0.339394	0.0727273	0.272727	0.00606061	0.00606061	0.00606061	
0.00826446	0.00826446	0.0991736	0.280992	0.280992	0.00826446	0.190083	0.0991736	0.00826446	0.00826446	0.00826446	
0.0181818	0.0181818	0.0181818	0.218182	0.218182	0.418182	0.0181818	0.0181818	0.0181818	0.0181818	0.0181818	
0.012987	0.012987	0.012987	0.012987	0.441558	0.298701	0.155844	0.012987	0.012987	0.012987	0.012987	
0.012987	0.012987	0.012987	0.012987	0.298701	0.155844	0.298701	0.155844	0.012987	0.012987	0.012987	
0.0151515	0.0151515	0.0151515	0.181818	0.181818	0.515152	0.0151515	0.0151515	0.0151515	0.0151515	0.0151515	


Vector Pi :

0.00149031	0.608048	0.247392	0.0834575	0.0178838	0.0178838	0.0178838	0.00149031	0.00149031	0.00149031	0.00149031	


Vector Phi :

0.000834677	0.66735	0.202226	0.0635866	0.0250834	0.0117061	0.0083598	0.00417309	0.00583018	0.00584199	0.00500845	
