
Parameters: 11 states AND 11 symbols

Matrix A :

0.0909091	0.0909091	0.0909091	0.0909091	0.0909091	0.0909091	0.0909091	0.0909091	0.0909091	0.0909091	0.0909091	
0.000155135	0.872169	0.121316	0.00527459	0.000155135	0.000155135	0.000155135	0.000155135	0.000155135	0.000155135	0.000155135	
0.000263505	0.194466	0.681423	0.116206	0.00316206	0.00316206	0.000263505	0.000263505	0.000263505	0.000263505	0.000263505	
0.000602047	0.0270921	0.239013	0.583384	0.133052	0.0138471	0.000602047	0.000602047	0.000602047	0.000602047	0.000602047	
0.00126263	0.0290404	0.0429293	0.251263	0.598485	0.0429293	0.0290404	0.00126263	0.00126263	0.00126263	0.00126263	
0.00649351	0.00649351	0.00649351	0.0779221	0.363636	0.292208	0.0779221	0.149351	0.00649351	0.00649351	0.00649351	
0.012987	0.012987	0.012987	0.012987	0.155844	0.298701	0.012987	0.441558	0.012987	0.012987	0.012987	
0.00826446	0.00826446	0.00826446	0.00826446	0.00826446	0.0991736	0.280992	0.280992	0.280992	0.00826446	0.00826446	
0.0151515	0.0151515	0.0151515	0.0151515	0.181818	0.0151515	0.0151515	0.348485	0.181818	0.181818	0.0151515	
0.030303	0.030303	0.030303	0.030303	0.030303	0.030303	0.030303	0.030303	0.363636	0.030303	0.363636	
0.0227273	0.0227273	0.0227273	0.0227273	0.0227273	0.0227273	0.0227273	0.0227273	0.0227273	0.272727	0.522727	


Matrix B :

0.0909091	0.0909091	0.0909091	0.0909091	0.0909091	0.0909091	0.0909091	0.0909091	0.0909091	0.0909091	0.0909091	
0.000147341	0.225431	0.393989	0.176809	0.116841	0.0455282	0.0244585	0.0147341	0.00176809	0.000147341	0.000147341	
0.000250438	0.00300526	0.146256	0.352868	0.248184	0.15452	0.0581017	0.0277986	0.00300526	0.00576008	0.000250438	
0.000579039	0.00694847	0.0260567	0.236248	0.293573	0.166184	0.159815	0.0324262	0.0387956	0.00694847	0.0324262	
0.00121212	0.0412121	0.0278788	0.0812121	0.387879	0.267879	0.0678788	0.0678788	0.0545455	0.00121212	0.00121212	
0.00606061	0.00606061	0.00606061	0.00606061	0.206061	0.339394	0.406061	0.00606061	0.00606061	0.00606061	0.00606061	
0.0113636	0.0113636	0.0113636	0.0113636	0.0113636	0.386364	0.261364	0.261364	0.0113636	0.0113636	0.0113636	
0.00826446	0.00826446	0.00826446	0.00826446	0.00826446	0.190083	0.371901	0.190083	0.190083	0.00826446	0.00826446	
0.0151515	0.0151515	0.0151515	0.181818	0.181818	0.0151515	0.181818	0.181818	0.181818	0.0151515	0.0151515	
0.030303	0.030303	0.030303	0.030303	0.030303	0.030303	0.030303	0.363636	0.363636	0.030303	0.030303	
0.0227273	0.0227273	0.0227273	0.0227273	0.0227273	0.0227273	0.0227273	0.522727	0.272727	0.0227273	0.0227273	


Vector Pi :

0.00149031	0.52608	0.280179	0.099851	0.0506706	0.0178838	0.0178838	0.00149031	0.00149031	0.00149031	0.00149031	


Vector Phi :

0.000836704	0.485083	0.289483	0.126568	0.0603414	0.0117307	0.00586317	0.00921213	0.00502322	0.00251072	0.00334723	
