
Parameters: 11 states AND 11 symbols

Matrix A :

0.0909091	0.0909091	0.0909091	0.0909091	0.0909091	0.0909091	0.0909091	0.0909091	0.0909091	0.0909091	0.0909091	
0.000125565	0.944877	0.0498493	0.00426921	0.000125565	0.000125565	0.000125565	0.000125565	0.000125565	0.000125565	0.000125565	
0.000337952	0.145319	0.781007	0.0709699	0.000337952	0.000337952	0.000337952	0.000337952	0.000337952	0.000337952	0.000337952	
0.000918274	0.000918274	0.192837	0.697888	0.0918274	0.0110193	0.000918274	0.000918274	0.000918274	0.000918274	0.000918274	
0.00275482	0.00275482	0.0633609	0.184573	0.517906	0.184573	0.00275482	0.00275482	0.0330579	0.00275482	0.00275482	
0.00568182	0.00568182	0.0681818	0.00568182	0.318182	0.318182	0.255682	0.00568182	0.00568182	0.00568182	0.00568182	
0.00606061	0.00606061	0.00606061	0.00606061	0.00606061	0.206061	0.472727	0.139394	0.139394	0.00606061	0.00606061	
0.00699301	0.00699301	0.00699301	0.0839161	0.0839161	0.00699301	0.237762	0.545455	0.00699301	0.00699301	0.00699301	
0.0113636	0.0113636	0.0113636	0.0113636	0.0113636	0.0113636	0.0113636	0.261364	0.261364	0.261364	0.136364	
0.010101	0.010101	0.010101	0.010101	0.010101	0.010101	0.010101	0.010101	0.232323	0.565657	0.121212	
0.00699301	0.00699301	0.00699301	0.00699301	0.00699301	0.00699301	0.00699301	0.0839161	0.00699301	0.0839161	0.776224	


Matrix B :

0.0909091	0.0909091	0.0909091	0.0909091	0.0909091	0.0909091	0.0909091	0.0909091	0.0909091	0.0909091	0.0909091	
0.000120091	0.163925	0.331692	0.281494	0.146752	0.0423922	0.0133301	0.00804612	0.0027621	0.0040831	0.00540411	
0.000316756	0.0072854	0.108331	0.418435	0.275578	0.115299	0.0595502	0.0107697	0.00380108	0.000316756	0.000316756	
0.000874126	0.000874126	0.0297203	0.250874	0.347028	0.106643	0.164336	0.097028	0.000874126	0.000874126	0.000874126	
0.0026738	0.0026738	0.0026738	0.0909091	0.237968	0.414439	0.208556	0.0320856	0.0026738	0.0026738	0.0026738	
0.00568182	0.00568182	0.00568182	0.00568182	0.255682	0.255682	0.255682	0.130682	0.0681818	0.00568182	0.00568182	
0.00568182	0.00568182	0.0681818	0.00568182	0.443182	0.130682	0.193182	0.00568182	0.00568182	0.0681818	0.0681818	
0.00649351	0.00649351	0.00649351	0.0779221	0.363636	0.0779221	0.0779221	0.0779221	0.0779221	0.0779221	0.149351	
0.010101	0.010101	0.232323	0.010101	0.121212	0.121212	0.232323	0.232323	0.010101	0.010101	0.010101	
0.010101	0.010101	0.010101	0.010101	0.010101	0.232323	0.343434	0.343434	0.010101	0.010101	0.010101	
0.00699301	0.00699301	0.00699301	0.0839161	0.0839161	0.160839	0.237762	0.160839	0.237762	0.00699301	0.00699301	


Vector Pi :

0.00149031	0.542474	0.296572	0.0834575	0.0178838	0.00149031	0.0178838	0.0178838	0.0178838	0.00149031	0.00149031	


Vector Phi :

0.00083911	0.602434	0.224183	0.0826486	0.0276302	0.0134193	0.0126151	0.010951	0.00672941	0.00758258	0.0109677	
