
Parameters: 11 states AND 11 symbols

Matrix A :

0.090909	0.090909	0.090909	0.090909	0.090909	0.090909	0.090909	0.090909	0.090909	0.090909	0.090909	
0.000459	0.808540	0.141873	0.020661	0.000459	0.010560	0.000459	0.000459	0.000459	0.005510	0.010560	
0.000764	0.236058	0.580596	0.160428	0.009167	0.000764	0.000764	0.000764	0.000764	0.000764	0.009167	
0.001337	0.060160	0.251337	0.427807	0.192513	0.030749	0.001337	0.001337	0.016043	0.016043	0.001337	
0.002457	0.029484	0.029484	0.245700	0.353808	0.164619	0.056511	0.083538	0.029484	0.002457	0.002457	
0.003636	0.003636	0.003636	0.083636	0.203636	0.323636	0.283636	0.083636	0.003636	0.003636	0.003636	
0.004785	0.004785	0.004785	0.057416	0.162679	0.215311	0.267943	0.162679	0.110048	0.004785	0.004785	
0.004545	0.054545	0.004545	0.004545	0.054545	0.104545	0.054545	0.304545	0.204545	0.154545	0.054545	
0.002674	0.002674	0.032086	0.090909	0.002674	0.002674	0.090909	0.090909	0.473262	0.208556	0.002674	
0.002273	0.052273	0.027273	0.027273	0.002273	0.002273	0.002273	0.052273	0.177273	0.477273	0.177273	
0.002331	0.027972	0.027972	0.002331	0.002331	0.002331	0.002331	0.002331	0.027972	0.207459	0.694639	


Matrix B :

0.090909	0.090909	0.090909	0.090909	0.090909	0.090909	0.090909	0.090909	0.090909	0.090909	0.090909	
0.000439	0.198507	0.285463	0.232323	0.111550	0.072903	0.048748	0.019763	0.029425	0.000439	0.000439	
0.000745	0.049925	0.369598	0.238450	0.140089	0.058122	0.041729	0.049925	0.041729	0.008942	0.000745	
0.001245	0.056040	0.234122	0.343711	0.124533	0.056040	0.028643	0.042341	0.042341	0.042341	0.028643	
0.002457	0.029484	0.272727	0.299754	0.137592	0.083538	0.056511	0.029484	0.083538	0.002457	0.002457	
0.003247	0.038961	0.217532	0.038961	0.288961	0.038961	0.110390	0.038961	0.181818	0.038961	0.003247	
0.004132	0.095041	0.095041	0.049587	0.276860	0.004132	0.140496	0.004132	0.185950	0.140496	0.004132	
0.004545	0.054545	0.154545	0.054545	0.254545	0.354545	0.054545	0.054545	0.004545	0.004545	0.004545	
0.002597	0.031169	0.059740	0.088312	0.345455	0.088312	0.116883	0.059740	0.088312	0.059740	0.059740	
0.002066	0.002066	0.092975	0.252066	0.161157	0.161157	0.138430	0.047521	0.024793	0.024793	0.092975	
0.002217	0.026608	0.026608	0.148559	0.026608	0.050998	0.197339	0.099778	0.075388	0.148559	0.197339	


Vector Pi :

0.002933	0.293255	0.099707	0.131965	0.002933	0.099707	0.099707	0.002933	0.067449	0.131965	0.067449	


Vector Phi :

0.001649	0.332865	0.200667	0.116495	0.062445	0.041741	0.031166	0.032589	0.052396	0.064335	0.063653	
