
Parameters: 11 states AND 11 symbols

Matrix A :

0.0909091	0.0909091	0.0909091	0.0909091	0.0909091	0.0909091	0.0909091	0.0909091	0.0909091	0.0909091	0.0909091	
0.000131944	0.792585	0.178652	0.0204512	0.00738884	0.000131944	0.000131944	0.000131944	0.000131944	0.000131944	0.000131944	
0.000298063	0.423249	0.429806	0.128167	0.0134128	0.00357675	0.000298063	0.000298063	0.000298063	0.000298063	0.000298063	
0.000790514	0.105138	0.357312	0.366008	0.139921	0.0268775	0.000790514	0.000790514	0.000790514	0.000790514	0.000790514	
0.00178253	0.00178253	0.139037	0.276292	0.374332	0.11943	0.0409982	0.0213904	0.0213904	0.00178253	0.00178253	
0.00505051	0.0606061	0.0606061	0.171717	0.227273	0.227273	0.171717	0.0606061	0.00505051	0.00505051	0.00505051	
0.00757576	0.00757576	0.0909091	0.0909091	0.174242	0.257576	0.174242	0.00757576	0.174242	0.00757576	0.00757576	
0.0181818	0.0181818	0.0181818	0.0181818	0.0181818	0.0181818	0.618182	0.218182	0.0181818	0.0181818	0.0181818	
0.0151515	0.0151515	0.0151515	0.181818	0.0151515	0.0151515	0.181818	0.181818	0.0151515	0.181818	0.181818	
0.0454545	0.0454545	0.0454545	0.0454545	0.0454545	0.0454545	0.0454545	0.0454545	0.0454545	0.0454545	0.545455	
0.0181818	0.0181818	0.0181818	0.0181818	0.0181818	0.0181818	0.0181818	0.0181818	0.418182	0.0181818	0.418182	


Matrix B :

0.0909091	0.0909091	0.0909091	0.0909091	0.0909091	0.0909091	0.0909091	0.0909091	0.0909091	0.0909091	0.0909091	
0.000125913	0.272979	0.351926	0.195417	0.0984639	0.0472173	0.0181315	0.0125913	0.002896	0.000125913	0.000125913	
0.000283206	0.0283206	0.367884	0.361654	0.13424	0.0719343	0.0158595	0.00651374	0.00651374	0.00651374	0.000283206	
0.000757576	0.000757576	0.134091	0.334091	0.259091	0.134091	0.0340909	0.0590909	0.0257576	0.0174242	0.000757576	
0.0016835	0.0016835	0.020202	0.131313	0.223906	0.316498	0.0942761	0.0942761	0.0387205	0.0572391	0.020202	
0.00478469	0.00478469	0.00478469	0.0574163	0.320574	0.162679	0.162679	0.0574163	0.162679	0.0574163	0.00478469	
0.00699301	0.00699301	0.00699301	0.00699301	0.160839	0.0839161	0.160839	0.314685	0.0839161	0.00699301	0.160839	
0.0181818	0.0181818	0.0181818	0.0181818	0.0181818	0.0181818	0.0181818	0.418182	0.218182	0.218182	0.0181818	
0.012987	0.012987	0.012987	0.012987	0.155844	0.012987	0.155844	0.441558	0.155844	0.012987	0.012987	
0.0454545	0.0454545	0.0454545	0.0454545	0.0454545	0.0454545	0.0454545	0.545455	0.0454545	0.0454545	0.0454545	
0.0181818	0.0181818	0.0181818	0.0181818	0.0181818	0.0181818	0.218182	0.418182	0.218182	0.0181818	0.0181818	


Vector Pi :

0.00149031	0.542474	0.263785	0.0834575	0.0506706	0.0178838	0.0178838	0.00149031	0.0178838	0.00149031	0.00149031	


Vector Phi :

0.00082713	0.569892	0.252275	0.0951199	0.0421836	0.0148883	0.00992556	0.00413565	0.00496278	0.00165426	0.00413565	
