
Parameters: 11 states AND 11 symbols

Matrix A :

0.090909	0.090909	0.090909	0.090909	0.090909	0.090909	0.090909	0.090909	0.090909	0.090909	0.090909	
0.000689	0.758264	0.167355	0.030992	0.015840	0.008264	0.000689	0.000689	0.008264	0.000689	0.008264	
0.000978	0.216031	0.495601	0.151515	0.097752	0.022483	0.000978	0.011730	0.000978	0.000978	0.000978	
0.001245	0.083437	0.193026	0.494396	0.151930	0.042341	0.001245	0.028643	0.001245	0.001245	0.001245	
0.001541	0.001541	0.086287	0.204931	0.340524	0.221880	0.069337	0.018490	0.018490	0.018490	0.018490	
0.001818	0.021818	0.041818	0.061818	0.201818	0.421818	0.181818	0.041818	0.001818	0.021818	0.001818	
0.002165	0.025974	0.002165	0.073593	0.121212	0.145022	0.335498	0.240260	0.049784	0.002165	0.002165	
0.001855	0.063080	0.022263	0.001855	0.001855	0.042672	0.205937	0.471243	0.124304	0.042672	0.022263	
0.002597	0.002597	0.002597	0.002597	0.002597	0.059740	0.088312	0.202597	0.516883	0.088312	0.031169	
0.003788	0.003788	0.045455	0.003788	0.003788	0.003788	0.045455	0.087121	0.212121	0.378788	0.212121	
0.002165	0.002165	0.002165	0.002165	0.025974	0.002165	0.002165	0.002165	0.025974	0.168831	0.764069	


Matrix B :

0.090909	0.090909	0.090909	0.090909	0.090909	0.090909	0.090909	0.090909	0.090909	0.090909	0.090909	
0.000654	0.425114	0.367560	0.173316	0.015043	0.007848	0.007848	0.000654	0.000654	0.000654	0.000654	
0.000947	0.188447	0.448864	0.303030	0.053030	0.000947	0.000947	0.000947	0.000947	0.000947	0.000947	
0.001166	0.013986	0.385781	0.488345	0.090909	0.001166	0.013986	0.001166	0.001166	0.001166	0.001166	
0.001515	0.034848	0.218182	0.451515	0.151515	0.101515	0.034848	0.001515	0.001515	0.001515	0.001515	
0.001684	0.001684	0.316498	0.168350	0.279461	0.094276	0.131313	0.001684	0.001684	0.001684	0.001684	
0.002114	0.002114	0.211416	0.304440	0.118393	0.164905	0.048626	0.071882	0.048626	0.025370	0.002114	
0.001748	0.020979	0.251748	0.174825	0.059441	0.232517	0.001748	0.040210	0.040210	0.078671	0.097902	
0.002457	0.056511	0.245700	0.164619	0.218673	0.164619	0.029484	0.029484	0.083538	0.002457	0.002457	
0.003788	0.003788	0.087121	0.087121	0.420455	0.128788	0.128788	0.045455	0.045455	0.003788	0.045455	
0.001976	0.023715	0.067194	0.088933	0.154150	0.262846	0.197628	0.067194	0.045455	0.001976	0.088933	


Vector Pi :

0.002933	0.228739	0.131965	0.164223	0.035191	0.099707	0.035191	0.099707	0.067449	0.002933	0.131965	


Vector Phi :

0.001677	0.216868	0.150880	0.121057	0.098809	0.086651	0.071400	0.082763	0.058945	0.040430	0.070520	
