
Parameters: 11 states AND 11 symbols

Matrix A :

0.0909091	0.0909091	0.0909091	0.0909091	0.0909091	0.0909091	0.0909091	0.0909091	0.0909091	0.0909091	0.0909091	
0.000242424	0.784242	0.200242	0.0135758	0.000242424	0.000242424	0.000242424	0.000242424	0.000242424	0.000242424	0.000242424	
0.000298063	0.249478	0.560954	0.17079	0.0166915	0.000298063	0.000298063	0.000298063	0.000298063	0.000298063	0.000298063	
0.000447828	0.0152262	0.266458	0.502911	0.202418	0.0103	0.000447828	0.000447828	0.000447828	0.000447828	0.000447828	
0.000631313	0.00757576	0.0284091	0.271465	0.493687	0.174242	0.0214646	0.000631313	0.000631313	0.000631313	0.000631313	
0.00108225	0.00108225	0.00108225	0.0487013	0.262987	0.512987	0.132035	0.0367965	0.00108225	0.00108225	0.00108225	
0.0021645	0.0021645	0.0021645	0.0021645	0.0974026	0.264069	0.406926	0.21645	0.0021645	0.0021645	0.0021645	
0.003367	0.003367	0.003367	0.003367	0.003367	0.0774411	0.3367	0.3367	0.225589	0.003367	0.003367	
0.00606061	0.00606061	0.00606061	0.00606061	0.00606061	0.00606061	0.0727273	0.272727	0.472727	0.139394	0.00606061	
0.0181818	0.0181818	0.0181818	0.0181818	0.0181818	0.0181818	0.0181818	0.218182	0.218182	0.218182	0.218182	
0.0227273	0.0227273	0.0227273	0.0227273	0.0227273	0.0227273	0.0227273	0.0227273	0.0227273	0.272727	0.522727	


Matrix B :

0.0909091	0.0909091	0.0909091	0.0909091	0.0909091	0.0909091	0.0909091	0.0909091	0.0909091	0.0909091	0.0909091	
0.000229568	0.257805	0.474977	0.161846	0.0709366	0.0305326	0.00275482	0.000229568	0.000229568	0.000229568	0.000229568	
0.000282326	0.000282326	0.30463	0.512705	0.146245	0.0282326	0.00338792	0.00338792	0.000282326	0.000282326	0.000282326	
0.000426803	0.000426803	0.00981647	0.282117	0.568502	0.0896287	0.0285958	0.0192061	0.000426803	0.000426803	0.000426803	
0.000614251	0.000614251	0.000614251	0.0411548	0.19656	0.514128	0.203317	0.0141278	0.0276413	0.000614251	0.000614251	
0.00105708	0.00105708	0.00105708	0.00105708	0.105708	0.163848	0.43129	0.268499	0.0243129	0.00105708	0.00105708	
0.00197628	0.00197628	0.00197628	0.00197628	0.0671937	0.219368	0.219368	0.0671937	0.262846	0.0671937	0.0889328	
0.0031348	0.0031348	0.0031348	0.0031348	0.0031348	0.106583	0.278997	0.244514	0.106583	0.210031	0.0376176	
0.00606061	0.00606061	0.00606061	0.00606061	0.00606061	0.00606061	0.206061	0.139394	0.339394	0.206061	0.0727273	
0.0181818	0.0181818	0.0181818	0.0181818	0.0181818	0.0181818	0.0181818	0.218182	0.218182	0.0181818	0.418182	
0.0227273	0.0227273	0.0227273	0.0227273	0.0227273	0.0227273	0.0227273	0.0227273	0.0227273	0.0227273	0.772727	


Vector Pi :

0.00149031	0.345753	0.280179	0.165425	0.0670641	0.0342772	0.0670641	0.0342772	0.00149031	0.00149031	0.00149031	


Vector Phi :

0.000829967	0.311186	0.253103	0.168465	0.119508	0.0697165	0.03486	0.0224107	0.0124507	0.0041502	0.00332011	
