
Parameters: 11 states AND 11 symbols

Matrix A :

0.0909091	0.0909091	0.0909091	0.0909091	0.0909091	0.0909091	0.0909091	0.0909091	0.0909091	0.0909091	0.0909091	
0.000232504	0.800744	0.184376	0.0104627	0.00279005	0.000232504	0.000232504	0.000232504	0.000232504	0.000232504	0.000232504	
0.000306091	0.235996	0.576064	0.165289	0.0171411	0.000306091	0.00367309	0.000306091	0.000306091	0.000306091	0.000306091	
0.000386847	0.0301741	0.196132	0.617408	0.145068	0.00889749	0.000386847	0.000386847	0.000386847	0.000386847	0.000386847	
0.000704722	0.00845666	0.0394644	0.241015	0.504581	0.178999	0.00845666	0.0162086	0.000704722	0.000704722	0.000704722	
0.00124533	0.00124533	0.014944	0.0697385	0.261519	0.508095	0.124533	0.014944	0.00124533	0.00124533	0.00124533	
0.00284091	0.00284091	0.00284091	0.00284091	0.127841	0.284091	0.377841	0.190341	0.00284091	0.00284091	0.00284091	
0.00505051	0.00505051	0.00505051	0.00505051	0.00505051	0.0606061	0.338384	0.338384	0.116162	0.116162	0.00505051	
0.0113636	0.0113636	0.0113636	0.0113636	0.0113636	0.0113636	0.261364	0.136364	0.261364	0.261364	0.0113636	
0.00757576	0.00757576	0.00757576	0.00757576	0.00757576	0.00757576	0.00757576	0.0909091	0.174242	0.424242	0.257576	
0.010101	0.010101	0.010101	0.010101	0.010101	0.010101	0.010101	0.010101	0.121212	0.232323	0.565657	


Matrix B :

0.0909091	0.0909091	0.0909091	0.0909091	0.0909091	0.0909091	0.0909091	0.0909091	0.0909091	0.0909091	0.0909091	
0.000219058	0.891785	0.101424	0.0026287	0.000219058	0.000219058	0.000219058	0.000219058	0.000219058	0.0026287	0.000219058	
0.000294204	0.857899	0.120035	0.0067667	0.000294204	0.000294204	0.00353045	0.00353045	0.00353045	0.00353045	0.000294204	
0.000371058	0.808534	0.184045	0.000371058	0.000371058	0.000371058	0.000371058	0.00445269	0.000371058	0.000371058	0.000371058	
0.000673401	0.69697	0.245118	0.0154882	0.0154882	0.000673401	0.00808081	0.000673401	0.000673401	0.00808081	0.00808081	
0.00121212	0.614545	0.307879	0.0145455	0.0412121	0.00121212	0.00121212	0.0145455	0.00121212	0.00121212	0.00121212	
0.0026738	0.208556	0.561497	0.0614973	0.0026738	0.0320856	0.0320856	0.0320856	0.0320856	0.0026738	0.0320856	
0.00454545	0.00454545	0.754545	0.0545455	0.0545455	0.00454545	0.00454545	0.104545	0.00454545	0.00454545	0.00454545	
0.010101	0.010101	0.676768	0.010101	0.121212	0.121212	0.010101	0.010101	0.010101	0.010101	0.010101	
0.00757576	0.00757576	0.674242	0.174242	0.00757576	0.0909091	0.00757576	0.00757576	0.00757576	0.00757576	0.00757576	
0.00909091	0.00909091	0.509091	0.309091	0.109091	0.00909091	0.00909091	0.00909091	0.00909091	0.00909091	0.00909091	


Vector Pi :

0.00149031	0.378539	0.214605	0.165425	0.099851	0.0342772	0.0342772	0.0342772	0.0178838	0.00149031	0.0178838	


Vector Phi :

0.000828207	0.327109	0.245289	0.194317	0.106696	0.0603852	0.0264743	0.014894	0.00662238	0.00993387	0.00745157	
