
Parameters: 11 states AND 11 symbols

Matrix A :

0.0909091	0.0909091	0.0909091	0.0909091	0.0909091	0.0909091	0.0909091	0.0909091	0.0909091	0.0909091	0.0909091	
0.000127502	0.915976	0.0828765	0.000127502	0.000127502	0.000127502	0.000127502	0.000127502	0.000127502	0.000127502	0.000127502	
0.000327011	0.205363	0.676586	0.101046	0.0147155	0.000327011	0.000327011	0.000327011	0.000327011	0.000327011	0.000327011	
0.000804505	0.00965406	0.257442	0.629123	0.0981496	0.000804505	0.000804505	0.000804505	0.000804505	0.000804505	0.000804505	
0.00174825	0.020979	0.020979	0.251748	0.54021	0.136364	0.020979	0.00174825	0.00174825	0.00174825	0.00174825	
0.0034965	0.0034965	0.0034965	0.0034965	0.272727	0.618881	0.0804196	0.0034965	0.0034965	0.0034965	0.0034965	
0.0227273	0.0227273	0.0227273	0.0227273	0.0227273	0.522727	0.0227273	0.0227273	0.0227273	0.272727	0.0227273	
0.0454545	0.0454545	0.0454545	0.0454545	0.545455	0.0454545	0.0454545	0.0454545	0.0454545	0.0454545	0.0454545	
0.0909091	0.0909091	0.0909091	0.0909091	0.0909091	0.0909091	0.0909091	0.0909091	0.0909091	0.0909091	0.0909091	
0.030303	0.030303	0.030303	0.030303	0.030303	0.030303	0.030303	0.363636	0.030303	0.030303	0.363636	
0.012987	0.012987	0.012987	0.012987	0.012987	0.012987	0.012987	0.012987	0.012987	0.155844	0.727273	


Matrix B :

0.0909091	0.0909091	0.0909091	0.0909091	0.0909091	0.0909091	0.0909091	0.0909091	0.0909091	0.0909091	0.0909091	
0.000121374	0.228426	0.364607	0.184367	0.10693	0.054861	0.0375046	0.0174778	0.00546183	0.000121374	0.000121374	
0.00031027	0.0173751	0.177785	0.321129	0.191437	0.153894	0.109525	0.027614	0.00031027	0.00031027	0.00031027	
0.000777001	0.000777001	0.026418	0.120435	0.33411	0.222999	0.154623	0.0777001	0.0606061	0.000777001	0.000777001	
0.00162338	0.00162338	0.0194805	0.0909091	0.162338	0.180195	0.215909	0.180195	0.0730519	0.0730519	0.00162338	
0.003367	0.003367	0.040404	0.225589	0.188552	0.114478	0.188552	0.0774411	0.040404	0.003367	0.114478	
0.0227273	0.0227273	0.0227273	0.272727	0.522727	0.0227273	0.0227273	0.0227273	0.0227273	0.0227273	0.0227273	
0.0454545	0.0454545	0.0454545	0.0454545	0.0454545	0.0454545	0.0454545	0.0454545	0.545455	0.0454545	0.0454545	
0.0909091	0.0909091	0.0909091	0.0909091	0.0909091	0.0909091	0.0909091	0.0909091	0.0909091	0.0909091	0.0909091	
0.030303	0.030303	0.030303	0.030303	0.030303	0.363636	0.030303	0.030303	0.030303	0.363636	0.030303	
0.012987	0.012987	0.012987	0.012987	0.012987	0.012987	0.012987	0.155844	0.155844	0.155844	0.441558	


Vector Pi :

0.00149031	0.591654	0.247392	0.0670641	0.0670641	0.0178838	0.00149031	0.00149031	0.00149031	0.00149031	0.00149031	


Vector Phi :

0.000833424	0.594154	0.231667	0.0941706	0.0433371	0.0216695	0.00333375	0.0016669	0.000833424	0.00250039	0.00583449	
