
Parameters: 11 states AND 11 symbols

Matrix A :

0.090909	0.090909	0.090909	0.090909	0.090909	0.090909	0.090909	0.090909	0.090909	0.090909	0.090909	
0.000716	0.339298	0.260558	0.229062	0.087330	0.063708	0.016464	0.000716	0.000716	0.000716	0.000716	
0.000874	0.308566	0.241259	0.222028	0.116259	0.048951	0.039336	0.000874	0.000874	0.010490	0.010490	
0.000874	0.318182	0.193182	0.183566	0.135490	0.097028	0.029720	0.029720	0.010490	0.000874	0.000874	
0.001337	0.177807	0.192513	0.163102	0.177807	0.104278	0.118984	0.060160	0.001337	0.001337	0.001337	
0.001855	0.083488	0.124304	0.185529	0.205937	0.165121	0.124304	0.063080	0.022263	0.022263	0.001855	
0.003247	0.110390	0.110390	0.288961	0.074675	0.074675	0.110390	0.181818	0.038961	0.003247	0.003247	
0.005348	0.005348	0.181818	0.181818	0.299465	0.181818	0.064171	0.005348	0.064171	0.005348	0.005348	
0.018182	0.018182	0.018182	0.018182	0.018182	0.618182	0.018182	0.218182	0.018182	0.018182	0.018182	
0.022727	0.022727	0.022727	0.022727	0.272727	0.272727	0.022727	0.022727	0.022727	0.272727	0.022727	
0.045455	0.045455	0.045455	0.045455	0.045455	0.545455	0.045455	0.045455	0.045455	0.045455	0.045455	


Matrix B :

0.090909	0.090909	0.090909	0.090909	0.090909	0.090909	0.090909	0.090909	0.090909	0.090909	0.090909	
0.000678	0.478290	0.261872	0.127544	0.082768	0.023066	0.023066	0.000678	0.000678	0.000678	0.000678	
0.000850	0.262532	0.384027	0.187766	0.075616	0.038233	0.028887	0.000850	0.010195	0.000850	0.010195	
0.000850	0.010195	0.580289	0.281223	0.075616	0.028887	0.010195	0.010195	0.000850	0.000850	0.000850	
0.001263	0.001263	0.320707	0.348485	0.251263	0.029040	0.015152	0.015152	0.015152	0.001263	0.001263	
0.001783	0.001783	0.080214	0.570410	0.139037	0.099822	0.040998	0.040998	0.021390	0.001783	0.001783	
0.003135	0.003135	0.003135	0.278997	0.485893	0.141066	0.072100	0.003135	0.003135	0.003135	0.003135	
0.005348	0.005348	0.005348	0.005348	0.475936	0.240642	0.122995	0.064171	0.005348	0.005348	0.064171	
0.018182	0.018182	0.018182	0.018182	0.218182	0.018182	0.418182	0.018182	0.218182	0.018182	0.018182	
0.022727	0.022727	0.022727	0.022727	0.022727	0.022727	0.272727	0.022727	0.272727	0.022727	0.272727	
0.045455	0.045455	0.045455	0.045455	0.045455	0.045455	0.045455	0.045455	0.045455	0.045455	0.545455	


Vector Pi :

0.004329	0.290043	0.147186	0.194805	0.194805	0.099567	0.051948	0.004329	0.004329	0.004329	0.004329	


Vector Phi :

0.001963	0.251607	0.204490	0.202462	0.133471	0.096159	0.054955	0.033314	0.009794	0.007855	0.003929	
