
Parameters: 11 states AND 11 symbols

Matrix A :

0.0909091	0.0909091	0.0909091	0.0909091	0.0909091	0.0909091	0.0909091	0.0909091	0.0909091	0.0909091	0.0909091	
0.000104015	0.954337	0.0412939	0.00239234	0.000104015	0.000104015	0.00124818	0.000104015	0.000104015	0.000104015	0.000104015	
0.000430849	0.175786	0.749246	0.0667816	0.000430849	0.00517019	0.000430849	0.000430849	0.000430849	0.000430849	0.000430849	
0.00178253	0.0213904	0.276292	0.531194	0.139037	0.0213904	0.00178253	0.00178253	0.00178253	0.00178253	0.00178253	
0.00413223	0.0495868	0.00413223	0.27686	0.504132	0.0950413	0.0495868	0.00413223	0.00413223	0.00413223	0.00413223	
0.0113636	0.136364	0.0113636	0.0113636	0.261364	0.136364	0.136364	0.136364	0.136364	0.0113636	0.0113636	
0.0227273	0.0227273	0.0227273	0.0227273	0.0227273	0.0227273	0.0227273	0.522727	0.272727	0.0227273	0.0227273	
0.0113636	0.0113636	0.136364	0.0113636	0.136364	0.136364	0.0113636	0.261364	0.261364	0.0113636	0.0113636	
0.010101	0.010101	0.010101	0.010101	0.010101	0.121212	0.010101	0.121212	0.343434	0.343434	0.010101	
0.0151515	0.0151515	0.0151515	0.181818	0.0151515	0.0151515	0.0151515	0.0151515	0.181818	0.181818	0.348485	
0.0151515	0.0151515	0.0151515	0.0151515	0.0151515	0.0151515	0.0151515	0.181818	0.0151515	0.181818	0.515152	


Matrix B :

0.0909091	0.0909091	0.0909091	0.0909091	0.0909091	0.0909091	0.0909091	0.0909091	0.0909091	0.0909091	0.0909091	
9.93542e-05	0.294088	0.417586	0.191356	0.0514655	0.0132141	0.0121212	0.00556384	0.00337804	0.00665673	0.00447094	
0.000405844	0.0718344	0.424513	0.312906	0.134334	0.0450487	0.000405844	0.000405844	0.000405844	0.00933442	0.000405844	
0.00171527	0.0394511	0.303602	0.435678	0.0960549	0.058319	0.0394511	0.00171527	0.0205832	0.00171527	0.00171527	
0.00378788	0.0454545	0.128788	0.170455	0.378788	0.170455	0.00378788	0.0871212	0.00378788	0.00378788	0.00378788	
0.010101	0.010101	0.454545	0.010101	0.343434	0.010101	0.121212	0.010101	0.010101	0.010101	0.010101	
0.0227273	0.0227273	0.272727	0.272727	0.272727	0.0227273	0.0227273	0.0227273	0.0227273	0.0227273	0.0227273	
0.0113636	0.0113636	0.261364	0.386364	0.0113636	0.136364	0.136364	0.0113636	0.0113636	0.0113636	0.0113636	
0.010101	0.010101	0.232323	0.565657	0.121212	0.010101	0.010101	0.010101	0.010101	0.010101	0.010101	
0.012987	0.012987	0.012987	0.298701	0.584416	0.012987	0.012987	0.012987	0.012987	0.012987	0.012987	
0.0151515	0.0151515	0.0151515	0.515152	0.348485	0.0151515	0.0151515	0.0151515	0.0151515	0.0151515	0.0151515	


Vector Pi :

0.00149031	0.657228	0.230999	0.0342772	0.0342772	0.0178838	0.00149031	0.00149031	0.00149031	0.0178838	0.00149031	


Vector Phi :

0.000824948	0.732881	0.172515	0.041876	0.0180865	0.00658087	0.00330822	0.00660238	0.00742545	0.00495019	0.00495012	
