
Parameters: 11 states AND 11 symbols

Matrix A :

0.0909091	0.0909091	0.0909091	0.0909091	0.0909091	0.0909091	0.0909091	0.0909091	0.0909091	0.0909091	0.0909091	
0.000102838	0.953723	0.041958	0.0034965	0.000102838	0.000102838	0.000102838	0.000102838	0.000102838	0.000102838	0.000102838	
0.000471032	0.202544	0.731041	0.0471032	0.00565238	0.00565238	0.000471032	0.00565238	0.000471032	0.000471032	0.000471032	
0.00293255	0.00293255	0.357771	0.390029	0.164223	0.0674487	0.00293255	0.00293255	0.00293255	0.00293255	0.00293255	
0.00378788	0.0454545	0.0871212	0.253788	0.462121	0.0454545	0.0871212	0.00378788	0.00378788	0.00378788	0.00378788	
0.00478469	0.00478469	0.0574163	0.00478469	0.162679	0.425837	0.320574	0.00478469	0.00478469	0.00478469	0.00478469	
0.00478469	0.00478469	0.00478469	0.00478469	0.110048	0.267943	0.373206	0.110048	0.110048	0.00478469	0.00478469	
0.00757576	0.00757576	0.00757576	0.00757576	0.00757576	0.0909091	0.257576	0.507576	0.0909091	0.00757576	0.00757576	
0.012987	0.012987	0.012987	0.012987	0.012987	0.012987	0.012987	0.298701	0.441558	0.012987	0.155844	
0.0454545	0.0454545	0.0454545	0.0454545	0.0454545	0.0454545	0.0454545	0.0454545	0.0454545	0.0454545	0.545455	
0.0113636	0.0113636	0.0113636	0.0113636	0.136364	0.0113636	0.0113636	0.0113636	0.0113636	0.136364	0.636364	


Matrix B :

0.0909091	0.0909091	0.0909091	0.0909091	0.0909091	0.0909091	0.0909091	0.0909091	0.0909091	0.0909091	0.0909091	
9.77517e-05	0.339883	0.411926	0.165689	0.0484848	0.0140762	0.0119257	0.00224829	0.00332356	0.00117302	0.00117302	
0.000452284	0.0153777	0.179557	0.418363	0.234283	0.109905	0.0203528	0.0153777	0.000452284	0.000452284	0.00542741	
0.00293255	0.0351906	0.0997067	0.325513	0.164223	0.196481	0.131965	0.0351906	0.00293255	0.00293255	0.00293255	
0.003367	0.003367	0.188552	0.0774411	0.114478	0.188552	0.114478	0.262626	0.040404	0.003367	0.003367	
0.00478469	0.00478469	0.162679	0.215311	0.0574163	0.0574163	0.110048	0.162679	0.110048	0.0574163	0.0574163	
0.004329	0.004329	0.194805	0.0995671	0.0995671	0.004329	0.337662	0.194805	0.004329	0.004329	0.0519481	
0.00699301	0.00699301	0.00699301	0.468531	0.391608	0.0839161	0.00699301	0.00699301	0.00699301	0.00699301	0.00699301	
0.012987	0.012987	0.012987	0.012987	0.298701	0.012987	0.155844	0.012987	0.441558	0.012987	0.012987	
0.0454545	0.0454545	0.0454545	0.0454545	0.545455	0.0454545	0.0454545	0.0454545	0.0454545	0.0454545	0.0454545	
0.0113636	0.0113636	0.136364	0.261364	0.511364	0.0113636	0.0113636	0.0113636	0.0113636	0.0113636	0.0113636	


Vector Pi :

0.00149031	0.755589	0.132638	0.00149031	0.0506706	0.00149031	0.0342772	0.0178838	0.00149031	0.00149031	0.00149031	


Vector Phi :

0.000834321	0.736533	0.160848	0.025846	0.0200223	0.0158537	0.0158567	0.0100147	0.00584272	0.00166932	0.00667887	
