
Parameters: 11 states AND 11 symbols

Matrix A :

0.0909091	0.0909091	0.0909091	0.0909091	0.0909091	0.0909091	0.0909091	0.0909091	0.0909091	0.0909091	0.0909091	
0.000171204	0.808081	0.177196	0.0133539	0.000171204	0.000171204	0.000171204	0.000171204	0.000171204	0.000171204	0.000171204	
0.000235516	0.235987	0.624588	0.124588	0.0105982	0.00282619	0.000235516	0.000235516	0.000235516	0.000235516	0.000235516	
0.000564653	0.0502541	0.280068	0.516093	0.118577	0.0316206	0.000564653	0.000564653	0.000564653	0.000564653	0.000564653	
0.0015949	0.0191388	0.0893142	0.334928	0.352472	0.15949	0.0366826	0.0015949	0.0015949	0.0015949	0.0015949	
0.00284091	0.0340909	0.00284091	0.0965909	0.346591	0.284091	0.159091	0.0653409	0.00284091	0.00284091	0.00284091	
0.00699301	0.00699301	0.00699301	0.00699301	0.0839161	0.391608	0.160839	0.0839161	0.237762	0.00699301	0.00699301	
0.0113636	0.0113636	0.0113636	0.0113636	0.136364	0.136364	0.386364	0.136364	0.0113636	0.0113636	0.136364	
0.00909091	0.00909091	0.00909091	0.00909091	0.00909091	0.109091	0.00909091	0.309091	0.409091	0.109091	0.00909091	
0.0454545	0.0454545	0.0454545	0.0454545	0.0454545	0.0454545	0.0454545	0.0454545	0.545455	0.0454545	0.0454545	
0.0227273	0.0227273	0.0227273	0.0227273	0.0227273	0.0227273	0.0227273	0.0227273	0.272727	0.0227273	0.522727	


Matrix B :

0.0909091	0.0909091	0.0909091	0.0909091	0.0909091	0.0909091	0.0909091	0.0909091	0.0909091	0.0909091	0.0909091	
0.000163212	0.217398	0.271258	0.208422	0.131222	0.0917252	0.0522278	0.0145259	0.00734454	0.000163212	0.00554921	
0.000222272	0.0222272	0.230051	0.274061	0.176261	0.146922	0.0662369	0.0442321	0.0295621	0.0100022	0.000222272	
0.000537924	0.000537924	0.0242066	0.148467	0.320065	0.314147	0.0952125	0.0656267	0.0242066	0.00645508	0.000537924	
0.0015949	0.0015949	0.0015949	0.0191388	0.0717703	0.299841	0.334928	0.212121	0.0542265	0.0015949	0.0015949	
0.00275482	0.00275482	0.00275482	0.0330579	0.0633609	0.184573	0.245179	0.336088	0.0633609	0.0330579	0.0330579	
0.00699301	0.00699301	0.00699301	0.00699301	0.160839	0.237762	0.237762	0.0839161	0.160839	0.00699301	0.0839161	
0.0113636	0.0113636	0.0113636	0.0113636	0.0113636	0.0113636	0.136364	0.386364	0.386364	0.0113636	0.0113636	
0.00757576	0.00757576	0.00757576	0.00757576	0.00757576	0.00757576	0.174242	0.257576	0.507576	0.00757576	0.00757576	
0.0454545	0.0454545	0.0454545	0.0454545	0.0454545	0.0454545	0.0454545	0.0454545	0.0454545	0.545455	0.0454545	
0.0227273	0.0227273	0.0227273	0.0227273	0.0227273	0.0227273	0.0227273	0.0227273	0.522727	0.272727	0.0227273	


Vector Pi :

0.00149031	0.42772	0.378539	0.132638	0.00149031	0.0178838	0.00149031	0.00149031	0.0342772	0.00149031	0.00149031	


Vector Phi :

0.000829876	0.440664	0.320332	0.13361	0.0473029	0.026556	0.0107884	0.00663901	0.00829877	0.00165975	0.00331951	
