
Parameters: 11 states AND 11 symbols

Matrix A :

0.0909091	0.0909091	0.0909091	0.0909091	0.0909091	0.0909091	0.0909091	0.0909091	0.0909091	0.0909091	0.0909091	
0.000162048	0.839734	0.148112	0.0090747	0.000162048	0.000162048	0.000162048	0.00194458	0.000162048	0.000162048	0.000162048	
0.000292312	0.263958	0.566209	0.148202	0.0195849	0.000292312	0.000292312	0.000292312	0.000292312	0.000292312	0.000292312	
0.000557724	0.0373675	0.288901	0.466815	0.178472	0.0189626	0.000557724	0.00669269	0.000557724	0.000557724	0.000557724	
0.00105708	0.00105708	0.0243129	0.384778	0.384778	0.163848	0.0243129	0.012685	0.00105708	0.00105708	0.00105708	
0.00206612	0.0247934	0.0475207	0.0475207	0.365702	0.411157	0.0475207	0.0247934	0.0247934	0.00206612	0.00206612	
0.00909091	0.00909091	0.00909091	0.00909091	0.109091	0.309091	0.409091	0.109091	0.00909091	0.00909091	0.00909091	
0.00909091	0.00909091	0.00909091	0.00909091	0.00909091	0.409091	0.00909091	0.00909091	0.209091	0.209091	0.109091	
0.0113636	0.0113636	0.0113636	0.0113636	0.0113636	0.136364	0.136364	0.511364	0.0113636	0.136364	0.0113636	
0.0181818	0.0181818	0.0181818	0.0181818	0.0181818	0.0181818	0.0181818	0.0181818	0.418182	0.218182	0.218182	
0.0151515	0.0151515	0.0151515	0.0151515	0.0151515	0.0151515	0.0151515	0.0151515	0.348485	0.0151515	0.515152	


Matrix B :

0.0909091	0.0909091	0.0909091	0.0909091	0.0909091	0.0909091	0.0909091	0.0909091	0.0909091	0.0909091	0.0909091	
0.000154083	0.403544	0.432357	0.105239	0.0391371	0.0103236	0.00693374	0.001849	0.000154083	0.000154083	0.000154083	
0.000276319	0.0367505	0.422769	0.431887	0.0823432	0.0185134	0.00635535	0.000276319	0.000276319	0.000276319	0.000276319	
0.000531632	0.00637959	0.20521	0.363105	0.328017	0.0648591	0.0297714	0.000531632	0.000531632	0.000531632	0.000531632	
0.00103306	0.00103306	0.103306	0.171488	0.410124	0.171488	0.137397	0.00103306	0.00103306	0.00103306	0.00103306	
0.00197628	0.00197628	0.110672	0.0671937	0.262846	0.219368	0.284585	0.0454545	0.00197628	0.00197628	0.00197628	
0.00909091	0.00909091	0.00909091	0.109091	0.309091	0.209091	0.00909091	0.209091	0.109091	0.00909091	0.00909091	
0.00826446	0.00826446	0.00826446	0.0991736	0.371901	0.371901	0.0991736	0.00826446	0.00826446	0.00826446	0.00826446	
0.0113636	0.0113636	0.0113636	0.0113636	0.0113636	0.511364	0.0113636	0.136364	0.0113636	0.136364	0.136364	
0.0181818	0.0181818	0.0181818	0.0181818	0.418182	0.218182	0.0181818	0.0181818	0.0181818	0.0181818	0.218182	
0.0151515	0.0151515	0.0151515	0.0151515	0.0151515	0.181818	0.348485	0.348485	0.0151515	0.0151515	0.0151515	


Vector Pi :

0.00149031	0.4769	0.296572	0.132638	0.0342772	0.0342772	0.00149031	0.0178838	0.00149031	0.00149031	0.00149031	


Vector Phi :

0.000829876	0.46556	0.258091	0.13527	0.0713693	0.0365146	0.00829877	0.00829877	0.00663901	0.00414938	0.00497926	
