
Parameters: 11 states AND 11 symbols

Matrix A :

0.090909	0.090909	0.090909	0.090909	0.090909	0.090909	0.090909	0.090909	0.090909	0.090909	0.090909	
0.000211	0.949049	0.037421	0.007188	0.000211	0.000211	0.000211	0.004863	0.000211	0.000211	0.000211	
0.001466	0.291789	0.598240	0.098240	0.001466	0.001466	0.001466	0.001466	0.001466	0.001466	0.001466	
0.003788	0.128788	0.295455	0.253788	0.212121	0.087121	0.003788	0.003788	0.003788	0.003788	0.003788	
0.009091	0.109091	0.009091	0.309091	0.309091	0.109091	0.109091	0.009091	0.009091	0.009091	0.009091	
0.012987	0.012987	0.012987	0.441558	0.012987	0.012987	0.155844	0.155844	0.155844	0.012987	0.012987	
0.015152	0.015152	0.015152	0.348485	0.015152	0.181818	0.015152	0.181818	0.181818	0.015152	0.015152	
0.005682	0.005682	0.068182	0.005682	0.068182	0.130682	0.068182	0.318182	0.255682	0.005682	0.068182	
0.006061	0.006061	0.006061	0.006061	0.006061	0.006061	0.006061	0.206061	0.406061	0.272727	0.072727	
0.005348	0.005348	0.005348	0.005348	0.005348	0.005348	0.122995	0.122995	0.064171	0.534759	0.122995	
0.007576	0.007576	0.007576	0.007576	0.007576	0.007576	0.007576	0.090909	0.090909	0.257576	0.507576	


Matrix B :

0.090909	0.090909	0.090909	0.090909	0.090909	0.090909	0.090909	0.090909	0.090909	0.090909	0.090909	
0.000201	0.183829	0.338697	0.225865	0.108608	0.064360	0.031175	0.013475	0.009051	0.013475	0.011263	
0.001377	0.092287	0.258953	0.061983	0.183196	0.137741	0.137741	0.077135	0.031680	0.016529	0.001377	
0.003636	0.123636	0.443636	0.203636	0.123636	0.043636	0.003636	0.003636	0.043636	0.003636	0.003636	
0.009091	0.009091	0.409091	0.209091	0.309091	0.009091	0.009091	0.009091	0.009091	0.009091	0.009091	
0.012987	0.012987	0.584416	0.012987	0.155844	0.012987	0.155844	0.012987	0.012987	0.012987	0.012987	
0.015152	0.015152	0.181818	0.348485	0.015152	0.181818	0.015152	0.015152	0.181818	0.015152	0.015152	
0.005348	0.005348	0.299465	0.240642	0.240642	0.005348	0.122995	0.064171	0.005348	0.005348	0.005348	
0.005682	0.005682	0.255682	0.193182	0.193182	0.130682	0.130682	0.068182	0.005682	0.005682	0.005682	
0.005051	0.005051	0.060606	0.449495	0.171717	0.171717	0.060606	0.060606	0.005051	0.005051	0.005051	
0.007576	0.007576	0.090909	0.257576	0.174242	0.174242	0.174242	0.090909	0.007576	0.007576	0.007576	


Vector Pi :

0.002933	0.680352	0.131965	0.035191	0.002933	0.002933	0.002933	0.035191	0.035191	0.035191	0.035191	


Vector Phi :

0.001491	0.740239	0.103406	0.038415	0.015645	0.010621	0.008706	0.023303	0.021332	0.022748	0.014094	
