
Parameters: 11 states AND 11 symbols

Matrix A :

0.045455	0.545455	0.045455	0.045455	0.045455	0.045455	0.045455	0.045455	0.045455	0.045455	0.045455	
0.000280	0.923357	0.052587	0.012587	0.006434	0.000280	0.003357	0.000280	0.000280	0.000280	0.000280	
0.001136	0.238636	0.576136	0.163636	0.001136	0.013636	0.001136	0.001136	0.001136	0.001136	0.001136	
0.001684	0.038721	0.242424	0.520202	0.131313	0.020202	0.020202	0.001684	0.001684	0.020202	0.001684	
0.004329	0.099567	0.051948	0.242424	0.147186	0.242424	0.147186	0.004329	0.051948	0.004329	0.004329	
0.005682	0.068182	0.068182	0.068182	0.255682	0.068182	0.193182	0.068182	0.193182	0.005682	0.005682	
0.006494	0.006494	0.006494	0.077922	0.149351	0.220779	0.077922	0.149351	0.077922	0.220779	0.006494	
0.006993	0.006993	0.006993	0.006993	0.006993	0.160839	0.237762	0.314685	0.237762	0.006993	0.006993	
0.003953	0.003953	0.003953	0.047431	0.003953	0.047431	0.047431	0.177866	0.395257	0.264822	0.003953	
0.002597	0.002597	0.002597	0.002597	0.059740	0.031169	0.002597	0.031169	0.145455	0.574026	0.145455	
0.064171	0.005348	0.005348	0.005348	0.005348	0.005348	0.005348	0.005348	0.005348	0.240642	0.652406	


Matrix B :

0.030303	0.030303	0.030303	0.030303	0.030303	0.030303	0.696970	0.030303	0.030303	0.030303	0.030303	
0.000266	0.231260	0.269272	0.210792	0.090909	0.093833	0.055821	0.020734	0.009038	0.006114	0.011962	
0.001095	0.193866	0.290252	0.181818	0.181818	0.061336	0.061336	0.025192	0.001095	0.001095	0.001095	
0.001623	0.126623	0.233766	0.305195	0.180195	0.090909	0.055195	0.001623	0.001623	0.001623	0.001623	
0.004329	0.194805	0.337662	0.242424	0.147186	0.051948	0.004329	0.004329	0.004329	0.004329	0.004329	
0.005682	0.255682	0.193182	0.255682	0.255682	0.005682	0.005682	0.005682	0.005682	0.005682	0.005682	
0.005682	0.068182	0.193182	0.193182	0.443182	0.005682	0.068182	0.005682	0.005682	0.005682	0.005682	
0.006494	0.006494	0.077922	0.435065	0.006494	0.220779	0.220779	0.006494	0.006494	0.006494	0.006494	
0.003636	0.003636	0.163636	0.163636	0.163636	0.283636	0.203636	0.003636	0.003636	0.003636	0.003636	
0.002457	0.029484	0.218673	0.056511	0.164619	0.191646	0.245700	0.083538	0.002457	0.002457	0.002457	
0.005348	0.005348	0.181818	0.005348	0.064171	0.181818	0.181818	0.122995	0.240642	0.005348	0.005348	


Vector Pi :

0.035191	0.519062	0.131965	0.067449	0.002933	0.002933	0.067449	0.035191	0.067449	0.067449	0.002933	


Vector Phi :

0.003298	0.549455	0.129433	0.088566	0.034652	0.026357	0.023121	0.021442	0.037927	0.057714	0.028034	
