
Parameters: 11 states AND 11 symbols

Matrix A :

0.0909091	0.0909091	0.0909091	0.0909091	0.0909091	0.0909091	0.0909091	0.0909091	0.0909091	0.0909091	0.0909091	
0.000214408	0.521441	0.349271	0.0969125	0.0214408	0.00964837	0.000214408	0.000214408	0.000214408	0.000214408	0.000214408	
0.000280584	0.429293	0.30275	0.17312	0.0589226	0.0280584	0.003367	0.003367	0.000280584	0.000280584	0.000280584	
0.000447828	0.217197	0.256605	0.256605	0.143305	0.0743395	0.0300045	0.0152262	0.00537394	0.000447828	0.000447828	
0.000841751	0.0934343	0.14899	0.27862	0.158249	0.195286	0.0841751	0.010101	0.0286195	0.000841751	0.000841751	
0.00131752	0.088274	0.102767	0.233202	0.247694	0.131752	0.088274	0.0737813	0.0158103	0.0158103	0.00131752	
0.0026738	0.0614973	0.0614973	0.0909091	0.26738	0.179144	0.0909091	0.0909091	0.0909091	0.0614973	0.0026738	
0.00505051	0.0606061	0.00505051	0.116162	0.282828	0.00505051	0.171717	0.0606061	0.171717	0.00505051	0.116162	
0.00606061	0.00606061	0.00606061	0.139394	0.0727273	0.206061	0.206061	0.139394	0.139394	0.00606061	0.0727273	
0.0151515	0.0151515	0.0151515	0.0151515	0.0151515	0.181818	0.0151515	0.181818	0.0151515	0.181818	0.348485	
0.012987	0.012987	0.012987	0.012987	0.155844	0.012987	0.298701	0.012987	0.155844	0.155844	0.155844	


Matrix B :

0.0909091	0.0909091	0.0909091	0.0909091	0.0909091	0.0909091	0.0909091	0.0909091	0.0909091	0.0909091	0.0909091	
0.00020202	0.473535	0.313535	0.131313	0.0424242	0.0290909	0.00686869	0.00242424	0.00020202	0.00020202	0.00020202	
0.000272183	0.218835	0.500272	0.185901	0.0631464	0.0122482	0.0122482	0.00626021	0.000272183	0.000272183	0.000272183	
0.000430849	0.0193882	0.464886	0.303748	0.118914	0.0620422	0.0241275	0.00517019	0.000430849	0.000430849	0.000430849	
0.000804505	0.000804505	0.133548	0.460981	0.275141	0.071601	0.0185036	0.0362027	0.000804505	0.000804505	0.000804505	
0.00121212	0.00121212	0.0278788	0.307879	0.414545	0.147879	0.0145455	0.0545455	0.0278788	0.00121212	0.00121212	
0.0025974	0.0025974	0.0025974	0.0597403	0.431169	0.174026	0.174026	0.145455	0.0025974	0.0025974	0.0025974	
0.00505051	0.00505051	0.00505051	0.00505051	0.116162	0.282828	0.227273	0.227273	0.00505051	0.116162	0.00505051	
0.00534759	0.00534759	0.00534759	0.0641711	0.0641711	0.299465	0.181818	0.0641711	0.122995	0.181818	0.00534759	
0.0151515	0.0151515	0.0151515	0.0151515	0.0151515	0.0151515	0.0151515	0.181818	0.348485	0.0151515	0.348485	
0.010101	0.010101	0.010101	0.010101	0.010101	0.010101	0.121212	0.010101	0.232323	0.343434	0.232323	


Vector Pi :

0.00149031	0.42772	0.165425	0.132638	0.0834575	0.099851	0.0178838	0.00149031	0.0342772	0.00149031	0.0342772	


Vector Phi :

0.00082713	0.350703	0.26799	0.167907	0.08933	0.057072	0.0281224	0.0148883	0.0124069	0.00496278	0.00578991	
