
Parameters: 11 states AND 11 symbols

Matrix A :

0.0909091	0.0909091	0.0909091	0.0909091	0.0909091	0.0909091	0.0909091	0.0909091	0.0909091	0.0909091	0.0909091	
0.000200682	0.669075	0.265101	0.0553883	0.0068232	0.00240819	0.000200682	0.000200682	0.000200682	0.000200682	0.000200682	
0.000290444	0.342143	0.425211	0.166425	0.0482138	0.0162649	0.000290444	0.000290444	0.000290444	0.000290444	0.000290444	
0.000531632	0.181818	0.257842	0.322169	0.187666	0.0414673	0.000531632	0.00637959	0.000531632	0.000531632	0.000531632	
0.000745156	0.0663189	0.115499	0.246647	0.304024	0.181073	0.0827124	0.000745156	0.000745156	0.000745156	0.000745156	
0.00131752	0.030303	0.030303	0.0737813	0.305665	0.334651	0.175231	0.0447958	0.00131752	0.00131752	0.00131752	
0.00227273	0.00227273	0.00227273	0.0522727	0.302273	0.152273	0.227273	0.177273	0.0522727	0.0272727	0.00227273	
0.00454545	0.00454545	0.00454545	0.00454545	0.0545455	0.154545	0.304545	0.254545	0.104545	0.104545	0.00454545	
0.0113636	0.0113636	0.0113636	0.136364	0.0113636	0.136364	0.136364	0.261364	0.0113636	0.136364	0.136364	
0.0151515	0.0151515	0.0151515	0.0151515	0.0151515	0.0151515	0.0151515	0.181818	0.181818	0.181818	0.348485	
0.0151515	0.0151515	0.0151515	0.0151515	0.0151515	0.0151515	0.181818	0.0151515	0.348485	0.0151515	0.348485	


Matrix B :

0.0909091	0.0909091	0.0909091	0.0909091	0.0909091	0.0909091	0.0909091	0.0909091	0.0909091	0.0909091	0.0909091	
0.000190985	0.390947	0.365737	0.132544	0.0590145	0.0275019	0.00649351	0.00439267	0.012796	0.000190985	0.000190985	
0.000276319	0.045869	0.498757	0.206963	0.118817	0.0549876	0.0367505	0.0185134	0.00939486	0.00331583	0.00635535	
0.0004995	0.0004995	0.187313	0.401598	0.22028	0.0719281	0.0664336	0.038961	0.00599401	0.00599401	0.0004995	
0.00071582	0.00071582	0.00071582	0.24481	0.386543	0.150322	0.1267	0.0322119	0.0558339	0.00071582	0.00071582	
0.00128041	0.00128041	0.00128041	0.0294494	0.395647	0.31114	0.128041	0.0435339	0.0576184	0.0294494	0.00128041	
0.0021645	0.0021645	0.0021645	0.0021645	0.0735931	0.478355	0.21645	0.0974026	0.0497835	0.025974	0.0497835	
0.00454545	0.00454545	0.00454545	0.00454545	0.00454545	0.00454545	0.354545	0.254545	0.104545	0.0545455	0.204545	
0.0113636	0.0113636	0.0113636	0.0113636	0.0113636	0.0113636	0.0113636	0.636364	0.136364	0.136364	0.0113636	
0.0151515	0.0151515	0.0151515	0.0151515	0.0151515	0.0151515	0.0151515	0.348485	0.515152	0.0151515	0.0151515	
0.012987	0.012987	0.012987	0.012987	0.012987	0.012987	0.012987	0.012987	0.012987	0.727273	0.155844	


Vector Pi :

0.00149031	0.394933	0.247392	0.181818	0.0834575	0.0342772	0.0342772	0.00149031	0.00149031	0.00149031	0.0178838	


Vector Phi :

0.000828068	0.37326	0.25979	0.141618	0.101071	0.0571637	0.0331365	0.0165672	0.0066264	0.0049698	0.00496945	
