
Parameters: 11 states AND 11 symbols

Matrix A :

0.0909091	0.0909091	0.0909091	0.0909091	0.0909091	0.0909091	0.0909091	0.0909091	0.0909091	0.0909091	0.0909091	
8.87784e-05	0.968839	0.0303622	8.87784e-05	8.87784e-05	8.87784e-05	8.87784e-05	8.87784e-05	8.87784e-05	8.87784e-05	8.87784e-05	
0.000999001	0.31968	0.495504	0.132867	0.011988	0.022977	0.000999001	0.000999001	0.000999001	0.011988	0.000999001	
0.0025974	0.0311688	0.316883	0.402597	0.174026	0.0597403	0.0025974	0.0025974	0.0025974	0.0025974	0.0025974	
0.00649351	0.00649351	0.00649351	0.435065	0.363636	0.149351	0.00649351	0.00649351	0.00649351	0.00649351	0.00649351	
0.00757576	0.00757576	0.174242	0.174242	0.0909091	0.0909091	0.174242	0.0909091	0.0909091	0.00757576	0.0909091	
0.0151515	0.0151515	0.0151515	0.0151515	0.0151515	0.515152	0.181818	0.181818	0.0151515	0.0151515	0.0151515	
0.0181818	0.0181818	0.218182	0.0181818	0.0181818	0.0181818	0.418182	0.0181818	0.218182	0.0181818	0.0181818	
0.0181818	0.0181818	0.0181818	0.0181818	0.0181818	0.218182	0.0181818	0.218182	0.218182	0.218182	0.0181818	
0.030303	0.030303	0.030303	0.030303	0.030303	0.030303	0.030303	0.030303	0.363636	0.030303	0.363636	
0.010101	0.121212	0.010101	0.010101	0.010101	0.010101	0.010101	0.121212	0.010101	0.010101	0.676768	


Matrix B :

0.0909091	0.0909091	0.0909091	0.0909091	0.0909091	0.0909091	0.0909091	0.0909091	0.0909091	0.0909091	0.0909091	
8.46453e-05	0.323176	0.36042	0.195615	0.0727103	0.0252243	0.0168444	0.00567124	8.46453e-05	8.46453e-05	8.46453e-05	
0.00094697	0.0217803	0.157197	0.407197	0.11553	0.167614	0.0738636	0.0217803	0.0217803	0.0113636	0.00094697	
0.002457	0.029484	0.137592	0.137592	0.110565	0.029484	0.0835381	0.137592	0.191646	0.110565	0.029484	
0.00649351	0.00649351	0.220779	0.00649351	0.435065	0.00649351	0.00649351	0.00649351	0.0779221	0.0779221	0.149351	
0.00757576	0.00757576	0.00757576	0.0909091	0.257576	0.424242	0.0909091	0.00757576	0.00757576	0.0909091	0.00757576	
0.012987	0.012987	0.012987	0.012987	0.298701	0.012987	0.155844	0.298701	0.012987	0.155844	0.012987	
0.012987	0.012987	0.012987	0.155844	0.155844	0.012987	0.298701	0.012987	0.012987	0.298701	0.012987	
0.0181818	0.0181818	0.0181818	0.218182	0.218182	0.418182	0.0181818	0.0181818	0.0181818	0.0181818	0.0181818	
0.030303	0.030303	0.030303	0.363636	0.030303	0.363636	0.030303	0.030303	0.030303	0.030303	0.030303	
0.010101	0.010101	0.010101	0.010101	0.565657	0.343434	0.010101	0.010101	0.010101	0.010101	0.010101	


Vector Pi :

0.00149031	0.821162	0.0834575	0.0342772	0.00149031	0.00149031	0.0178838	0.0342772	0.00149031	0.00149031	0.00149031	


Vector Phi :

0.000829889	0.849791	0.0755189	0.0290459	0.0116184	0.00995866	0.00497935	0.00414946	0.00414946	0.00248966	0.00746905	
