
Parameters: 11 states AND 11 symbols

Matrix A :

0.0909091	0.0909091	0.0909091	0.0909091	0.0909091	0.0909091	0.0909091	0.0909091	0.0909091	0.0909091	0.0909091	
0.000110327	0.87511	0.10812	0.00739188	0.00860547	0.000110327	0.000110327	0.000110327	0.000110327	0.000110327	0.000110327	
0.000378788	0.350379	0.521212	0.104545	0.00871212	0.00454545	0.00871212	0.000378788	0.000378788	0.000378788	0.000378788	
0.0013986	0.186014	0.324476	0.232168	0.13986	0.0475524	0.0167832	0.0167832	0.0013986	0.0321678	0.0013986	
0.00275482	0.0330579	0.0936639	0.305785	0.214876	0.184573	0.0936639	0.0330579	0.0330579	0.00275482	0.00275482	
0.00478469	0.162679	0.0574163	0.162679	0.320574	0.162679	0.110048	0.00478469	0.00478469	0.00478469	0.00478469	
0.00649351	0.220779	0.00649351	0.149351	0.0779221	0.149351	0.220779	0.149351	0.00649351	0.00649351	0.00649351	
0.0181818	0.0181818	0.0181818	0.418182	0.0181818	0.218182	0.218182	0.0181818	0.0181818	0.0181818	0.0181818	
0.0454545	0.0454545	0.0454545	0.0454545	0.0454545	0.0454545	0.545455	0.0454545	0.0454545	0.0454545	0.0454545	
0.0227273	0.0227273	0.0227273	0.0227273	0.0227273	0.272727	0.0227273	0.0227273	0.0227273	0.272727	0.272727	
0.0454545	0.0454545	0.0454545	0.0454545	0.0454545	0.545455	0.0454545	0.0454545	0.0454545	0.0454545	0.0454545	


Matrix B :

0.0909091	0.0909091	0.0909091	0.0909091	0.0909091	0.0909091	0.0909091	0.0909091	0.0909091	0.0909091	0.0909091	
0.000105463	0.585952	0.351614	0.0511495	0.00706602	0.00358574	0.000105463	0.000105463	0.000105463	0.000105463	0.000105463	
0.000353732	0.019809	0.759109	0.194906	0.0159179	0.00424478	0.00424478	0.000353732	0.000353732	0.000353732	0.000353732	
0.00135685	0.00135685	0.0162822	0.777476	0.165536	0.0162822	0.0162822	0.00135685	0.00135685	0.00135685	0.00135685	
0.0025974	0.0025974	0.0025974	0.0025974	0.831169	0.116883	0.0311688	0.0025974	0.0025974	0.0025974	0.0025974	
0.00454545	0.00454545	0.00454545	0.00454545	0.0545455	0.804545	0.0545455	0.0545455	0.00454545	0.00454545	0.00454545	
0.00649351	0.00649351	0.00649351	0.00649351	0.00649351	0.0779221	0.720779	0.149351	0.00649351	0.00649351	0.00649351	
0.0181818	0.0181818	0.0181818	0.0181818	0.0181818	0.0181818	0.0181818	0.418182	0.218182	0.218182	0.0181818	
0.0454545	0.0454545	0.0454545	0.0454545	0.0454545	0.0454545	0.0454545	0.545455	0.0454545	0.0454545	0.0454545	
0.0227273	0.0227273	0.0227273	0.0227273	0.0227273	0.0227273	0.0227273	0.0227273	0.272727	0.272727	0.272727	
0.0454545	0.0454545	0.0454545	0.0454545	0.0454545	0.0454545	0.0454545	0.0454545	0.0454545	0.0454545	0.545455	


Vector Pi :

0.00149031	0.608048	0.280179	0.0506706	0.0342772	0.0178838	0.00149031	0.00149031	0.00149031	0.00149031	0.00149031	


Vector Phi :

0.000816389	0.684256	0.198088	0.0524007	0.0269576	0.0154758	0.0114345	0.00407295	0.00163329	0.00323829	0.00162596	
