
Parameters: 11 states AND 11 symbols

Matrix A :

0.0454545	0.0454545	0.545455	0.0454545	0.0454545	0.0454545	0.0454545	0.0454545	0.0454545	0.0454545	0.0454545	
0.000160901	0.82494	0.148833	0.0107804	0.00547064	0.000160901	0.00193081	0.00193081	0.00370072	0.00193081	0.000160901	
0.00032352	0.295697	0.50922	0.167583	0.0145584	0.00032352	0.00388224	0.00388224	0.00388224	0.00032352	0.00032352	
0.000654022	0.0654022	0.288424	0.425114	0.151733	0.0366252	0.00784827	0.0150425	0.000654022	0.000654022	0.00784827	
0.00113636	0.0386364	0.113636	0.251136	0.401136	0.151136	0.0261364	0.0136364	0.00113636	0.00113636	0.00113636	
0.00227273	0.0272727	0.0272727	0.0522727	0.302273	0.402273	0.127273	0.0522727	0.00227273	0.00227273	0.00227273	
0.00395257	0.00395257	0.00395257	0.0474308	0.221344	0.177866	0.264822	0.0909091	0.134387	0.0474308	0.00395257	
0.003367	0.040404	0.040404	0.040404	0.040404	0.0774411	0.188552	0.484848	0.0774411	0.003367	0.003367	
0.00568182	0.00568182	0.00568182	0.00568182	0.00568182	0.00568182	0.0681818	0.130682	0.318182	0.318182	0.130682	
0.00606061	0.0727273	0.00606061	0.0727273	0.0727273	0.00606061	0.00606061	0.139394	0.139394	0.206061	0.272727	
0.0641711	0.00534759	0.0641711	0.0641711	0.00534759	0.00534759	0.00534759	0.00534759	0.00534759	0.240642	0.534759	


Matrix B :

0.0454545	0.0454545	0.0454545	0.0454545	0.0454545	0.545455	0.0454545	0.0454545	0.0454545	0.0454545	0.0454545	
0.000154871	0.250581	0.395385	0.223324	0.0734087	0.0257085	0.0171906	0.0120799	0.00185845	0.000154871	0.000154871	
0.00030303	0.0169697	0.270303	0.373636	0.223636	0.0869697	0.0169697	0.0069697	0.00363636	0.00030303	0.00030303	
0.000631313	0.000631313	0.125631	0.306187	0.26452	0.181187	0.0909091	0.0284091	0.000631313	0.000631313	0.000631313	
0.00108225	0.00108225	0.0487013	0.167749	0.251082	0.227273	0.12013	0.12013	0.0367965	0.0248918	0.00108225	
0.00227273	0.00227273	0.00227273	0.202273	0.177273	0.302273	0.127273	0.127273	0.0522727	0.00227273	0.00227273	
0.00378788	0.00378788	0.00378788	0.212121	0.0871212	0.253788	0.170455	0.212121	0.0454545	0.00378788	0.00378788	
0.00293255	0.00293255	0.00293255	0.0351906	0.260997	0.131965	0.260997	0.196481	0.0997067	0.00293255	0.00293255	
0.00568182	0.00568182	0.00568182	0.00568182	0.193182	0.255682	0.255682	0.00568182	0.0681818	0.0681818	0.130682	
0.00568182	0.00568182	0.00568182	0.193182	0.193182	0.318182	0.0681818	0.130682	0.0681818	0.00568182	0.00568182	
0.004329	0.004329	0.004329	0.0995671	0.004329	0.147186	0.623377	0.0995671	0.004329	0.004329	0.004329	


Vector Pi :

0.00149031	0.362146	0.312966	0.0834575	0.0670641	0.00149031	0.0178838	0.0670641	0.00149031	0.0178838	0.0670641	


Vector Phi :

0.00165975	0.46888	0.233195	0.115353	0.06639	0.033195	0.0190871	0.0224066	0.013278	0.0124481	0.0141079	
