
Parameters: 11 states AND 11 symbols

Matrix A :

0.0909091	0.0909091	0.0909091	0.0909091	0.0909091	0.0909091	0.0909091	0.0909091	0.0909091	0.0909091	0.0909091	
0.00022119	0.844503	0.151073	0.00265428	0.00022119	0.00022119	0.00022119	0.00022119	0.00022119	0.00022119	0.00022119	
0.000249066	0.167372	0.701619	0.120797	0.00298879	0.00572852	0.000249066	0.000249066	0.000249066	0.000249066	0.000249066	
0.000413223	0.00950413	0.195868	0.682231	0.100413	0.00495868	0.00495868	0.000413223	0.000413223	0.000413223	0.000413223	
0.000977517	0.000977517	0.0117302	0.259042	0.57087	0.140762	0.0117302	0.000977517	0.000977517	0.000977517	0.000977517	
0.0016835	0.0016835	0.0387205	0.0016835	0.279461	0.575758	0.0572391	0.020202	0.020202	0.0016835	0.0016835	
0.00826446	0.00826446	0.00826446	0.00826446	0.0991736	0.280992	0.190083	0.280992	0.00826446	0.0991736	0.00826446	
0.00757576	0.00757576	0.00757576	0.00757576	0.00757576	0.257576	0.174242	0.257576	0.257576	0.00757576	0.00757576	
0.00699301	0.00699301	0.00699301	0.00699301	0.00699301	0.00699301	0.0839161	0.314685	0.314685	0.0839161	0.160839	
0.00909091	0.00909091	0.00909091	0.00909091	0.00909091	0.00909091	0.00909091	0.00909091	0.409091	0.409091	0.109091	
0.00909091	0.00909091	0.00909091	0.00909091	0.00909091	0.00909091	0.00909091	0.00909091	0.00909091	0.309091	0.609091	


Matrix B :

0.0909091	0.0909091	0.0909091	0.0909091	0.0909091	0.0909091	0.0909091	0.0909091	0.0909091	0.0909091	0.0909091	
0.000210438	0.37521	0.308081	0.162247	0.102062	0.0279882	0.0117845	0.00484007	0.00715488	0.000210438	0.000210438	
0.000237361	0.109898	0.504154	0.219559	0.0837883	0.0655115	0.0159032	0.000237361	0.000237361	0.000237361	0.000237361	
0.00039185	0.0133229	0.319357	0.366771	0.164185	0.10815	0.0176332	0.00901254	0.00039185	0.00039185	0.00039185	
0.000937207	0.000937207	0.24836	0.372071	0.176195	0.155576	0.031865	0.0112465	0.000937207	0.000937207	0.000937207	
0.00162338	0.0194805	0.0730519	0.501623	0.108766	0.180195	0.0909091	0.00162338	0.0194805	0.00162338	0.00162338	
0.00826446	0.00826446	0.280992	0.371901	0.190083	0.0991736	0.00826446	0.00826446	0.00826446	0.00826446	0.00826446	
0.00649351	0.00649351	0.149351	0.506494	0.0779221	0.0779221	0.00649351	0.0779221	0.00649351	0.0779221	0.00649351	
0.00699301	0.00699301	0.0839161	0.314685	0.237762	0.00699301	0.0839161	0.00699301	0.00699301	0.160839	0.0839161	
0.00826446	0.00826446	0.00826446	0.190083	0.0991736	0.0991736	0.280992	0.00826446	0.00826446	0.00826446	0.280992	
0.00909091	0.00909091	0.00909091	0.509091	0.209091	0.00909091	0.209091	0.00909091	0.00909091	0.00909091	0.00909091	


Vector Pi :

0.00149031	0.345753	0.296572	0.198212	0.0670641	0.0342772	0.00149031	0.0342772	0.00149031	0.0178838	0.00149031	


Vector Phi :

0.000833762	0.342441	0.304139	0.183342	0.0775197	0.0450186	0.00917172	0.0100077	0.010843	0.00834143	0.0083419	
