
Parameters: 11 states AND 11 symbols

Matrix A :

0.0909091	0.0909091	0.0909091	0.0909091	0.0909091	0.0909091	0.0909091	0.0909091	0.0909091	0.0909091	0.0909091	
0.000133298	0.860837	0.127699	0.00893095	0.00159957	0.000133298	0.000133298	0.000133298	0.000133298	0.000133298	0.000133298	
0.000280584	0.274972	0.617565	0.099046	0.00645342	0.000280584	0.000280584	0.000280584	0.000280584	0.000280584	0.000280584	
0.000777001	0.043512	0.291375	0.513598	0.128982	0.017871	0.000777001	0.000777001	0.000777001	0.000777001	0.000777001	
0.00239234	0.0287081	0.0287081	0.397129	0.344498	0.0813397	0.0287081	0.0550239	0.0287081	0.00239234	0.00239234	
0.00606061	0.00606061	0.0727273	0.139394	0.339394	0.272727	0.0727273	0.0727273	0.00606061	0.00606061	0.00606061	
0.012987	0.012987	0.012987	0.012987	0.012987	0.584416	0.155844	0.012987	0.155844	0.012987	0.012987	
0.00909091	0.00909091	0.00909091	0.109091	0.109091	0.109091	0.209091	0.309091	0.00909091	0.109091	0.00909091	
0.0181818	0.0181818	0.0181818	0.0181818	0.0181818	0.0181818	0.0181818	0.418182	0.218182	0.0181818	0.218182	
0.030303	0.030303	0.030303	0.030303	0.030303	0.030303	0.030303	0.363636	0.363636	0.030303	0.030303	
0.030303	0.030303	0.030303	0.030303	0.030303	0.030303	0.030303	0.030303	0.030303	0.363636	0.363636	


Matrix B :

0.0909091	0.0909091	0.0909091	0.0909091	0.0909091	0.0909091	0.0909091	0.0909091	0.0909091	0.0909091	0.0909091	
0.000127146	0.544183	0.349777	0.0896376	0.011316	0.00432295	0.000127146	0.000127146	0.000127146	0.000127146	0.000127146	
0.000268168	0.0622151	0.537141	0.280504	0.0976133	0.0150174	0.00616787	0.000268168	0.000268168	0.000268168	0.000268168	
0.000727273	0.000727273	0.336727	0.424727	0.200727	0.0167273	0.00872727	0.00872727	0.000727273	0.000727273	0.000727273	
0.00227273	0.00227273	0.0522727	0.352273	0.452273	0.0522727	0.0522727	0.0272727	0.00227273	0.00227273	0.00227273	
0.00568182	0.00568182	0.00568182	0.255682	0.380682	0.255682	0.00568182	0.0681818	0.00568182	0.00568182	0.00568182	
0.012987	0.012987	0.012987	0.012987	0.298701	0.298701	0.298701	0.012987	0.012987	0.012987	0.012987	
0.00909091	0.00909091	0.00909091	0.00909091	0.209091	0.209091	0.00909091	0.409091	0.00909091	0.00909091	0.109091	
0.0181818	0.0181818	0.0181818	0.0181818	0.0181818	0.218182	0.0181818	0.218182	0.218182	0.0181818	0.218182	
0.0227273	0.0227273	0.0227273	0.0227273	0.0227273	0.272727	0.0227273	0.0227273	0.0227273	0.0227273	0.522727	
0.030303	0.030303	0.030303	0.030303	0.030303	0.030303	0.69697	0.030303	0.030303	0.030303	0.030303	


Vector Pi :

0.00149031	0.52608	0.247392	0.132638	0.0342772	0.0178838	0.0178838	0.00149031	0.00149031	0.0178838	0.00149031	


Vector Phi :

0.000770292	0.572016	0.269445	0.0958033	0.0304317	0.0110992	0.0044845	0.0076639	0.00372049	0.00229388	0.00227159	
