
Parameters: 11 states AND 11 symbols

Matrix A :

0.0909091	0.0909091	0.0909091	0.0909091	0.0909091	0.0909091	0.0909091	0.0909091	0.0909091	0.0909091	0.0909091	
0.000140944	0.907118	0.0900634	0.000140944	0.00169133	0.000140944	0.000140944	0.000140944	0.000140944	0.000140944	0.000140944	
0.000299043	0.187799	0.700957	0.102273	0.00358852	0.00358852	0.000299043	0.000299043	0.000299043	0.000299043	0.000299043	
0.000668449	0.0153743	0.221257	0.662433	0.0962567	0.000668449	0.000668449	0.000668449	0.000668449	0.000668449	0.000668449	
0.00227273	0.00227273	0.0272727	0.327273	0.427273	0.177273	0.00227273	0.00227273	0.00227273	0.00227273	0.0272727	
0.00413223	0.00413223	0.00413223	0.0495868	0.231405	0.367769	0.231405	0.0950413	0.00413223	0.00413223	0.00413223	
0.00606061	0.00606061	0.00606061	0.00606061	0.139394	0.339394	0.339394	0.139394	0.00606061	0.00606061	0.00606061	
0.00699301	0.00699301	0.00699301	0.00699301	0.00699301	0.00699301	0.314685	0.314685	0.237762	0.0839161	0.00699301	
0.00757576	0.00757576	0.00757576	0.00757576	0.00757576	0.00757576	0.00757576	0.257576	0.674242	0.00757576	0.00757576	
0.030303	0.030303	0.030303	0.030303	0.030303	0.030303	0.030303	0.363636	0.030303	0.030303	0.363636	
0.010101	0.010101	0.010101	0.010101	0.010101	0.010101	0.010101	0.010101	0.121212	0.121212	0.676768	


Matrix B :

0.0909091	0.0909091	0.0909091	0.0909091	0.0909091	0.0909091	0.0909091	0.0909091	0.0909091	0.0909091	0.0909091	
0.000133887	0.184228	0.355068	0.26523	0.1371	0.0398982	0.0104432	0.00455215	0.00307939	0.000133887	0.000133887	
0.000285878	0.00343053	0.170097	0.336764	0.214122	0.182676	0.063179	0.0254431	0.00343053	0.000285878	0.000285878	
0.000640205	0.000640205	0.0147247	0.317542	0.310499	0.190781	0.141485	0.021767	0.000640205	0.000640205	0.000640205	
0.00211416	0.00211416	0.00211416	0.02537	0.374207	0.211416	0.188161	0.0718816	0.00211416	0.118393	0.00211416	
0.00395257	0.00395257	0.00395257	0.00395257	0.0909091	0.177866	0.56917	0.0909091	0.0474308	0.00395257	0.00395257	
0.00606061	0.00606061	0.00606061	0.00606061	0.00606061	0.206061	0.606061	0.0727273	0.0727273	0.00606061	0.00606061	
0.00699301	0.00699301	0.00699301	0.00699301	0.00699301	0.00699301	0.160839	0.545455	0.237762	0.00699301	0.00699301	
0.00649351	0.00649351	0.00649351	0.00649351	0.00649351	0.00649351	0.00649351	0.149351	0.506494	0.292208	0.00649351	
0.030303	0.030303	0.030303	0.030303	0.030303	0.030303	0.030303	0.030303	0.363636	0.363636	0.030303	
0.010101	0.010101	0.010101	0.010101	0.010101	0.010101	0.010101	0.010101	0.010101	0.232323	0.676768	


Vector Pi :

0.00149031	0.558867	0.247392	0.099851	0.0506706	0.0178838	0.00149031	0.00149031	0.0178838	0.00149031	0.00149031	


Vector Phi :

0.000938259	0.528547	0.248447	0.113538	0.0345362	0.0198165	0.0144226	0.0135503	0.0149829	0.00290515	0.00831573	
