
Parameters: 11 states AND 11 symbols

Matrix A :

0.0909091	0.0909091	0.0909091	0.0909091	0.0909091	0.0909091	0.0909091	0.0909091	0.0909091	0.0909091	0.0909091	
0.000210438	0.902988	0.0951178	0.000210438	0.000210438	0.000210438	0.000210438	0.000210438	0.000210438	0.000210438	0.000210438	
0.00027972	0.12951	0.763357	0.101818	0.00335664	0.00027972	0.00027972	0.00027972	0.00027972	0.00027972	0.00027972	
0.000346981	0.000346981	0.130118	0.790423	0.0766829	0.000346981	0.000346981	0.000346981	0.000346981	0.000346981	0.000346981	
0.000797448	0.000797448	0.00956938	0.185008	0.755183	0.0358852	0.000797448	0.00956938	0.000797448	0.000797448	0.000797448	
0.00239234	0.00239234	0.00239234	0.00239234	0.107656	0.818182	0.0550239	0.00239234	0.00239234	0.00239234	0.00239234	
0.0151515	0.0151515	0.0151515	0.0151515	0.181818	0.348485	0.181818	0.181818	0.0151515	0.0151515	0.0151515	
0.0151515	0.0151515	0.0151515	0.0151515	0.0151515	0.0151515	0.348485	0.181818	0.348485	0.0151515	0.0151515	
0.012987	0.012987	0.012987	0.012987	0.012987	0.012987	0.012987	0.298701	0.298701	0.155844	0.155844	
0.030303	0.030303	0.030303	0.030303	0.030303	0.030303	0.030303	0.030303	0.69697	0.030303	0.030303	
0.0151515	0.0151515	0.0151515	0.0151515	0.0151515	0.0151515	0.0151515	0.0151515	0.0151515	0.181818	0.681818	


Matrix B :

0.0909091	0.0909091	0.0909091	0.0909091	0.0909091	0.0909091	0.0909091	0.0909091	0.0909091	0.0909091	0.0909091	
0.000201126	0.396219	0.32321	0.16613	0.0687852	0.0289622	0.0156879	0.000201126	0.000201126	0.000201126	0.000201126	
0.000264271	0.192125	0.42759	0.20666	0.0816596	0.038055	0.035148	0.0177061	0.000264271	0.000264271	0.000264271	
0.000334225	0.000334225	0.470922	0.32754	0.084893	0.0444519	0.0701872	0.000334225	0.000334225	0.000334225	0.000334225	
0.000751315	0.000751315	0.25695	0.372652	0.232156	0.0833959	0.0503381	0.000751315	0.000751315	0.000751315	0.000751315	
0.00227273	0.00227273	0.00227273	0.502273	0.227273	0.00227273	0.102273	0.0272727	0.0522727	0.0772727	0.00227273	
0.012987	0.012987	0.012987	0.012987	0.012987	0.012987	0.727273	0.012987	0.012987	0.012987	0.155844	
0.0151515	0.0151515	0.0151515	0.0151515	0.181818	0.0151515	0.181818	0.181818	0.0151515	0.0151515	0.348485	
0.012987	0.012987	0.012987	0.012987	0.012987	0.155844	0.298701	0.012987	0.155844	0.155844	0.155844	
0.0227273	0.0227273	0.0227273	0.0227273	0.0227273	0.0227273	0.272727	0.0227273	0.0227273	0.522727	0.0227273	
0.0151515	0.0151515	0.0151515	0.0151515	0.0151515	0.181818	0.681818	0.0151515	0.0151515	0.0151515	0.0151515	


Vector Pi :

0.00149031	0.312966	0.312966	0.165425	0.132638	0.0342772	0.0178838	0.00149031	0.00149031	0.0178838	0.00149031	


Vector Phi :

0.000813363	0.370168	0.272364	0.214254	0.0895694	0.0302236	0.00481568	0.00482458	0.00566344	0.00243434	0.00486962	
