
Parameters: 11 states AND 11 symbols

Matrix A :

0.0909091	0.0909091	0.0909091	0.0909091	0.0909091	0.0909091	0.0909091	0.0909091	0.0909091	0.0909091	0.0909091	
0.000142714	0.852576	0.130441	0.00799201	0.00485229	0.00171257	0.000142714	0.00171257	0.000142714	0.000142714	0.000142714	
0.000282326	0.261152	0.630717	0.09345	0.0095991	0.000282326	0.00338792	0.000282326	0.000282326	0.000282326	0.000282326	
0.000826446	0.0644628	0.282645	0.464463	0.13719	0.046281	0.000826446	0.000826446	0.000826446	0.000826446	0.000826446	
0.00174825	0.020979	0.0594406	0.29021	0.367133	0.194056	0.0594406	0.00174825	0.00174825	0.00174825	0.00174825	
0.0031348	0.0031348	0.0376176	0.175549	0.244514	0.175549	0.210031	0.0721003	0.0376176	0.0376176	0.0031348	
0.004329	0.004329	0.004329	0.147186	0.147186	0.290043	0.0995671	0.242424	0.0519481	0.004329	0.004329	
0.00478469	0.0574163	0.00478469	0.00478469	0.00478469	0.0574163	0.425837	0.373206	0.00478469	0.0574163	0.00478469	
0.0181818	0.0181818	0.0181818	0.0181818	0.218182	0.0181818	0.0181818	0.418182	0.0181818	0.218182	0.0181818	
0.0227273	0.0227273	0.0227273	0.0227273	0.0227273	0.0227273	0.0227273	0.0227273	0.272727	0.0227273	0.522727	
0.0181818	0.0181818	0.0181818	0.0181818	0.0181818	0.0181818	0.0181818	0.218182	0.218182	0.0181818	0.418182	


Matrix B :

0.0909091	0.0909091	0.0909091	0.0909091	0.0909091	0.0909091	0.0909091	0.0909091	0.0909091	0.0909091	0.0909091	
0.00013468	0.210505	0.333468	0.223838	0.0993939	0.0712458	0.0342088	0.0208754	0.00457912	0.00161616	0.00013468	
0.000273823	0.00930997	0.168949	0.331599	0.280394	0.117744	0.0454545	0.0273823	0.0153341	0.00328587	0.000273823	
0.000804505	0.000804505	0.0804505	0.222043	0.266291	0.222043	0.106999	0.0450523	0.0273532	0.0273532	0.000804505	
0.00165289	0.00165289	0.0198347	0.165289	0.383471	0.183471	0.219835	0.0198347	0.00165289	0.00165289	0.00165289	
0.00293255	0.00293255	0.0351906	0.131965	0.293255	0.0674487	0.0997067	0.196481	0.0997067	0.0351906	0.0351906	
0.00413223	0.00413223	0.00413223	0.0495868	0.231405	0.140496	0.140496	0.231405	0.0950413	0.0495868	0.0495868	
0.00413223	0.00413223	0.00413223	0.18595	0.00413223	0.0950413	0.231405	0.0950413	0.140496	0.0950413	0.140496	
0.0181818	0.0181818	0.0181818	0.0181818	0.618182	0.0181818	0.0181818	0.0181818	0.0181818	0.218182	0.0181818	
0.0227273	0.0227273	0.0227273	0.0227273	0.772727	0.0227273	0.0227273	0.0227273	0.0227273	0.0227273	0.0227273	
0.0181818	0.0181818	0.0181818	0.0181818	0.418182	0.418182	0.0181818	0.0181818	0.0181818	0.0181818	0.0181818	


Vector Pi :

0.00149031	0.624441	0.165425	0.0506706	0.0506706	0.0342772	0.0178838	0.0506706	0.00149031	0.00149031	0.00149031	


Vector Phi :

0.000829876	0.528631	0.26722	0.0912863	0.0431535	0.0240664	0.0174274	0.0157676	0.00414938	0.0033195	0.00414938	
