
Parameters: 11 states AND 11 symbols

Matrix A :

0.090909	0.090909	0.090909	0.090909	0.090909	0.090909	0.090909	0.090909	0.090909	0.090909	0.090909	
0.000178	0.927912	0.056818	0.004084	0.006037	0.000178	0.002131	0.000178	0.000178	0.000178	0.002131	
0.001595	0.475279	0.299841	0.124402	0.036683	0.019139	0.001595	0.019139	0.001595	0.001595	0.019139	
0.007576	0.174242	0.340909	0.090909	0.007576	0.174242	0.090909	0.090909	0.007576	0.007576	0.007576	
0.010101	0.121212	0.454545	0.010101	0.010101	0.121212	0.010101	0.010101	0.121212	0.121212	0.010101	
0.018182	0.218182	0.218182	0.018182	0.418182	0.018182	0.018182	0.018182	0.018182	0.018182	0.018182	
0.030303	0.363636	0.030303	0.363636	0.030303	0.030303	0.030303	0.030303	0.030303	0.030303	0.030303	
0.030303	0.030303	0.363636	0.030303	0.363636	0.030303	0.030303	0.030303	0.030303	0.030303	0.030303	
0.045455	0.545455	0.045455	0.045455	0.045455	0.045455	0.045455	0.045455	0.045455	0.045455	0.045455	
0.045455	0.545455	0.045455	0.045455	0.045455	0.045455	0.045455	0.045455	0.045455	0.045455	0.045455	
0.030303	0.696970	0.030303	0.030303	0.030303	0.030303	0.030303	0.030303	0.030303	0.030303	0.030303	


Matrix B :

0.090909	0.090909	0.090909	0.090909	0.090909	0.090909	0.090909	0.090909	0.090909	0.090909	0.090909	
0.000169	0.133998	0.319872	0.308719	0.133998	0.065225	0.015039	0.018756	0.003886	0.000169	0.000169	
0.001515	0.001515	0.051515	0.151515	0.284848	0.284848	0.084848	0.068182	0.034848	0.018182	0.018182	
0.007576	0.007576	0.090909	0.090909	0.174242	0.174242	0.174242	0.007576	0.007576	0.257576	0.007576	
0.010101	0.010101	0.121212	0.232323	0.121212	0.343434	0.121212	0.010101	0.010101	0.010101	0.010101	
0.015152	0.015152	0.181818	0.348485	0.181818	0.015152	0.181818	0.015152	0.015152	0.015152	0.015152	
0.030303	0.030303	0.030303	0.363636	0.030303	0.030303	0.363636	0.030303	0.030303	0.030303	0.030303	
0.030303	0.030303	0.030303	0.030303	0.363636	0.030303	0.363636	0.030303	0.030303	0.030303	0.030303	
0.045455	0.045455	0.045455	0.045455	0.045455	0.045455	0.545455	0.045455	0.045455	0.045455	0.045455	
0.045455	0.045455	0.045455	0.045455	0.045455	0.045455	0.045455	0.045455	0.545455	0.045455	0.045455	
0.030303	0.030303	0.030303	0.030303	0.030303	0.030303	0.363636	0.030303	0.363636	0.030303	0.030303	


Vector Pi :

0.002933	0.841642	0.099707	0.002933	0.002933	0.035191	0.002933	0.002933	0.002933	0.002933	0.002933	


Vector Phi :

0.001642	0.840722	0.093596	0.019704	0.014778	0.008210	0.004926	0.004926	0.003284	0.003284	0.004926	
