
Parameters: 11 states AND 11 symbols

Matrix A :

0.0909091	0.0909091	0.0909091	0.0909091	0.0909091	0.0909091	0.0909091	0.0909091	0.0909091	0.0909091	0.0909091	
8.95656e-05	0.95871	0.0394984	0.00107479	8.95656e-05	8.95656e-05	8.95656e-05	8.95656e-05	8.95656e-05	8.95656e-05	8.95656e-05	
0.000631313	0.278409	0.660354	0.042298	0.00757576	0.000631313	0.00757576	0.000631313	0.000631313	0.000631313	0.000631313	
0.00413223	0.00413223	0.322314	0.549587	0.0950413	0.00413223	0.00413223	0.00413223	0.00413223	0.00413223	0.00413223	
0.012987	0.012987	0.155844	0.298701	0.155844	0.155844	0.012987	0.155844	0.012987	0.012987	0.012987	
0.030303	0.030303	0.030303	0.030303	0.69697	0.030303	0.030303	0.030303	0.030303	0.030303	0.030303	
0.0227273	0.0227273	0.272727	0.0227273	0.0227273	0.272727	0.0227273	0.0227273	0.0227273	0.0227273	0.272727	
0.0454545	0.0454545	0.0454545	0.0454545	0.0454545	0.0454545	0.545455	0.0454545	0.0454545	0.0454545	0.0454545	
0.0909091	0.0909091	0.0909091	0.0909091	0.0909091	0.0909091	0.0909091	0.0909091	0.0909091	0.0909091	0.0909091	
0.0909091	0.0909091	0.0909091	0.0909091	0.0909091	0.0909091	0.0909091	0.0909091	0.0909091	0.0909091	0.0909091	
0.0181818	0.0181818	0.0181818	0.0181818	0.0181818	0.0181818	0.218182	0.0181818	0.0181818	0.0181818	0.618182	


Matrix B :

0.0909091	0.0909091	0.0909091	0.0909091	0.0909091	0.0909091	0.0909091	0.0909091	0.0909091	0.0909091	0.0909091	
8.55213e-05	0.294535	0.340631	0.193877	0.104507	0.0377149	0.0217224	0.00384846	0.00102626	0.00196699	8.55213e-05	
0.000582751	0.00699301	0.128788	0.314685	0.256993	0.167249	0.0646853	0.032634	0.0198135	0.00699301	0.000582751	
0.00413223	0.00413223	0.0950413	0.0950413	0.140496	0.00413223	0.367769	0.0950413	0.0495868	0.0495868	0.0950413	
0.012987	0.012987	0.298701	0.012987	0.012987	0.012987	0.298701	0.012987	0.155844	0.012987	0.155844	
0.030303	0.030303	0.363636	0.030303	0.030303	0.030303	0.030303	0.030303	0.030303	0.030303	0.363636	
0.0227273	0.0227273	0.272727	0.272727	0.0227273	0.0227273	0.272727	0.0227273	0.0227273	0.0227273	0.0227273	
0.0454545	0.0454545	0.0454545	0.545455	0.0454545	0.0454545	0.0454545	0.0454545	0.0454545	0.0454545	0.0454545	
0.0909091	0.0909091	0.0909091	0.0909091	0.0909091	0.0909091	0.0909091	0.0909091	0.0909091	0.0909091	0.0909091	
0.0909091	0.0909091	0.0909091	0.0909091	0.0909091	0.0909091	0.0909091	0.0909091	0.0909091	0.0909091	0.0909091	
0.0181818	0.0181818	0.0181818	0.0181818	0.0181818	0.218182	0.0181818	0.218182	0.418182	0.0181818	0.0181818	


Vector Pi :

0.00149031	0.804769	0.181818	0.00149031	0.00149031	0.00149031	0.00149031	0.00149031	0.00149031	0.00149031	0.00149031	


Vector Phi :

0.000841668	0.839218	0.121985	0.0185651	0.00590622	0.00252893	0.00337408	0.00168541	0.000841668	0.000841668	0.00421297	
