
Parameters: 11 states AND 11 symbols

Matrix A :

0.090909	0.090909	0.090909	0.090909	0.090909	0.090909	0.090909	0.090909	0.090909	0.090909	0.090909	
0.000481	0.651275	0.185666	0.063973	0.011063	0.021645	0.032227	0.016354	0.000481	0.005772	0.011063	
0.000891	0.324421	0.334225	0.177362	0.069519	0.010695	0.010695	0.020499	0.030303	0.000891	0.020499	
0.001229	0.149877	0.217445	0.190418	0.109337	0.095823	0.122850	0.068796	0.028256	0.001229	0.014742	
0.003030	0.203030	0.169697	0.103030	0.036364	0.236364	0.103030	0.103030	0.003030	0.036364	0.003030	
0.002114	0.118393	0.048626	0.211416	0.095137	0.118393	0.095137	0.118393	0.048626	0.095137	0.048626	
0.002392	0.055024	0.081340	0.212919	0.081340	0.133971	0.212919	0.081340	0.081340	0.055024	0.002392	
0.002114	0.071882	0.118393	0.071882	0.048626	0.164905	0.071882	0.164905	0.048626	0.188161	0.048626	
0.004785	0.110048	0.004785	0.057416	0.004785	0.162679	0.162679	0.110048	0.110048	0.215311	0.057416	
0.002597	0.002597	0.031169	0.145455	0.031169	0.059740	0.002597	0.174026	0.059740	0.202597	0.288312	
0.002933	0.067449	0.002933	0.002933	0.067449	0.035191	0.002933	0.196481	0.067449	0.228739	0.325513	


Matrix B :

0.090909	0.090909	0.090909	0.090909	0.090909	0.090909	0.090909	0.090909	0.090909	0.090909	0.090909	
0.000459	0.328742	0.318641	0.157025	0.146924	0.030762	0.015611	0.000459	0.000459	0.000459	0.000459	
0.000866	0.162771	0.391342	0.258009	0.105628	0.029437	0.038961	0.010390	0.000866	0.000866	0.000866	
0.001122	0.099888	0.457912	0.198653	0.112233	0.099888	0.025814	0.001122	0.001122	0.001122	0.001122	
0.002755	0.033058	0.305785	0.305785	0.214876	0.063361	0.063361	0.002755	0.002755	0.002755	0.002755	
0.002066	0.070248	0.252066	0.229339	0.229339	0.115702	0.024793	0.070248	0.002066	0.002066	0.002066	
0.002273	0.027273	0.127273	0.177273	0.177273	0.302273	0.152273	0.027273	0.002273	0.002273	0.002273	
0.002066	0.002066	0.183884	0.161157	0.138430	0.161157	0.138430	0.092975	0.070248	0.047521	0.002066	
0.004785	0.004785	0.057416	0.057416	0.267943	0.162679	0.215311	0.162679	0.004785	0.004785	0.057416	
0.002525	0.030303	0.058081	0.169192	0.141414	0.280303	0.030303	0.030303	0.085859	0.058081	0.113636	
0.002674	0.002674	0.061497	0.120321	0.179144	0.090909	0.149733	0.179144	0.090909	0.120321	0.002674	


Vector Pi :

0.002933	0.325513	0.099707	0.228739	0.067449	0.035191	0.067449	0.035191	0.002933	0.035191	0.099707	


Vector Phi :

0.001662	0.308899	0.168301	0.122516	0.051383	0.071647	0.063059	0.071459	0.031514	0.058160	0.051398	
