
Parameters: 11 states AND 11 symbols

Matrix A :

0.090909	0.090909	0.090909	0.090909	0.090909	0.090909	0.090909	0.090909	0.090909	0.090909	0.090909	
0.000489	0.559629	0.161779	0.108016	0.086510	0.027370	0.032747	0.000489	0.016618	0.005865	0.000489	
0.000659	0.261528	0.341238	0.174572	0.087615	0.044137	0.058630	0.007905	0.007905	0.015152	0.000659	
0.001095	0.217963	0.290252	0.193866	0.109529	0.025192	0.025192	0.037240	0.049288	0.013143	0.037240	
0.001541	0.154083	0.221880	0.171032	0.154083	0.086287	0.120185	0.035439	0.035439	0.018490	0.001541	
0.002933	0.196481	0.228739	0.099707	0.131965	0.131965	0.035191	0.067449	0.035191	0.067449	0.002933	
0.002392	0.186603	0.133971	0.107656	0.107656	0.081340	0.133971	0.028708	0.028708	0.055024	0.133971	
0.005682	0.130682	0.068182	0.193182	0.068182	0.130682	0.068182	0.255682	0.005682	0.005682	0.068182	
0.004545	0.004545	0.154545	0.004545	0.154545	0.104545	0.254545	0.004545	0.154545	0.154545	0.004545	
0.005051	0.171717	0.227273	0.060606	0.005051	0.005051	0.005051	0.060606	0.116162	0.171717	0.171717	
0.006061	0.072727	0.206061	0.072727	0.006061	0.072727	0.139394	0.072727	0.072727	0.139394	0.139394	


Matrix B :

0.090909	0.090909	0.090909	0.090909	0.090909	0.090909	0.090909	0.090909	0.090909	0.090909	0.090909	
0.000469	0.299438	0.340675	0.237582	0.077788	0.031396	0.010778	0.000469	0.000469	0.000469	0.000469	
0.000614	0.183047	0.270885	0.304668	0.108722	0.095209	0.034398	0.000614	0.000614	0.000614	0.000614	
0.001057	0.047569	0.315011	0.268499	0.187104	0.094080	0.024313	0.024313	0.035941	0.001057	0.001057	
0.001443	0.001443	0.255411	0.477633	0.112554	0.128427	0.001443	0.001443	0.017316	0.001443	0.001443	
0.002755	0.002755	0.214876	0.336088	0.366391	0.033058	0.033058	0.002755	0.002755	0.002755	0.002755	
0.002392	0.028708	0.055024	0.265550	0.291866	0.239234	0.028708	0.028708	0.028708	0.002392	0.028708	
0.005682	0.005682	0.068182	0.130682	0.130682	0.255682	0.130682	0.130682	0.068182	0.005682	0.068182	
0.004545	0.004545	0.054545	0.204545	0.304545	0.204545	0.104545	0.054545	0.054545	0.004545	0.004545	
0.004785	0.004785	0.057416	0.110048	0.425837	0.057416	0.320574	0.004785	0.004785	0.004785	0.004785	
0.005348	0.005348	0.005348	0.122995	0.240642	0.064171	0.181818	0.299465	0.064171	0.005348	0.005348	


Vector Pi :

0.002933	0.228739	0.325513	0.099707	0.131965	0.067449	0.002933	0.002933	0.035191	0.035191	0.067449	


Vector Phi :

0.001639	0.310719	0.228115	0.137431	0.097414	0.051020	0.062296	0.026350	0.031074	0.029323	0.024620	
