
Parameters: 11 states AND 11 symbols

Matrix A :

0.090909	0.090909	0.090909	0.090909	0.090909	0.090909	0.090909	0.090909	0.090909	0.090909	0.090909	
0.000197	0.863833	0.067296	0.017513	0.011019	0.006690	0.011019	0.002361	0.008855	0.002361	0.008855	
0.001567	0.484326	0.139498	0.139498	0.053292	0.036050	0.018809	0.070533	0.001567	0.036050	0.018809	
0.002841	0.377841	0.252841	0.221591	0.034091	0.065341	0.002841	0.034091	0.002841	0.002841	0.002841	
0.007576	0.090909	0.424242	0.090909	0.007576	0.174242	0.007576	0.007576	0.007576	0.090909	0.090909	
0.007576	0.340909	0.257576	0.257576	0.090909	0.007576	0.007576	0.007576	0.007576	0.007576	0.007576	
0.012987	0.298701	0.012987	0.298701	0.155844	0.155844	0.012987	0.012987	0.012987	0.012987	0.012987	
0.012987	0.870130	0.012987	0.012987	0.012987	0.012987	0.012987	0.012987	0.012987	0.012987	0.012987	
0.018182	0.418182	0.218182	0.218182	0.018182	0.018182	0.018182	0.018182	0.018182	0.018182	0.018182	
0.018182	0.418182	0.018182	0.218182	0.018182	0.018182	0.018182	0.018182	0.018182	0.018182	0.218182	
0.011364	0.636364	0.136364	0.011364	0.011364	0.136364	0.011364	0.011364	0.011364	0.011364	0.011364	


Matrix B :

0.090909	0.090909	0.090909	0.090909	0.090909	0.090909	0.090909	0.090909	0.090909	0.090909	0.090909	
0.000187	0.208435	0.330084	0.220806	0.123899	0.070291	0.024930	0.010497	0.008435	0.002249	0.000187	
0.017884	0.001490	0.198212	0.247392	0.230999	0.181818	0.067064	0.017884	0.034277	0.001490	0.001490	
0.002674	0.002674	0.208556	0.267380	0.061497	0.149733	0.208556	0.032086	0.061497	0.002674	0.002674	
0.007576	0.007576	0.257576	0.007576	0.507576	0.090909	0.007576	0.090909	0.007576	0.007576	0.007576	
0.006993	0.006993	0.083916	0.160839	0.237762	0.160839	0.006993	0.160839	0.160839	0.006993	0.006993	
0.011364	0.011364	0.011364	0.136364	0.261364	0.386364	0.011364	0.136364	0.011364	0.011364	0.011364	
0.012987	0.012987	0.012987	0.012987	0.298701	0.441558	0.155844	0.012987	0.012987	0.012987	0.012987	
0.018182	0.018182	0.018182	0.018182	0.218182	0.018182	0.418182	0.218182	0.018182	0.018182	0.018182	
0.018182	0.018182	0.418182	0.018182	0.018182	0.418182	0.018182	0.018182	0.018182	0.018182	0.018182	
0.011364	0.011364	0.511364	0.011364	0.011364	0.011364	0.136364	0.011364	0.136364	0.136364	0.011364	


Vector Pi :

0.002933	0.744868	0.099707	0.067449	0.002933	0.035191	0.035191	0.002933	0.002933	0.002933	0.002933	


Vector Phi :

0.001642	0.758621	0.095238	0.052545	0.019704	0.019704	0.011494	0.011494	0.008210	0.008210	0.013136	
