
Parameters: 11 states AND 11 symbols

Matrix A :

0.090909	0.090909	0.090909	0.090909	0.090909	0.090909	0.090909	0.090909	0.090909	0.090909	0.090909	
0.000199	0.829147	0.079147	0.033094	0.015550	0.013357	0.011164	0.002392	0.002392	0.006778	0.006778	
0.001263	0.626263	0.195707	0.042929	0.042929	0.029040	0.029040	0.015152	0.015152	0.001263	0.001263	
0.003247	0.467532	0.181818	0.146104	0.074675	0.110390	0.003247	0.003247	0.003247	0.003247	0.003247	
0.005682	0.380682	0.255682	0.130682	0.130682	0.068182	0.005682	0.005682	0.005682	0.005682	0.005682	
0.006494	0.363636	0.292208	0.149351	0.077922	0.077922	0.006494	0.006494	0.006494	0.006494	0.006494	
0.011364	0.261364	0.636364	0.011364	0.011364	0.011364	0.011364	0.011364	0.011364	0.011364	0.011364	
0.030303	0.030303	0.696970	0.030303	0.030303	0.030303	0.030303	0.030303	0.030303	0.030303	0.030303	
0.030303	0.030303	0.363636	0.363636	0.030303	0.030303	0.030303	0.030303	0.030303	0.030303	0.030303	
0.022727	0.772727	0.022727	0.022727	0.022727	0.022727	0.022727	0.022727	0.022727	0.022727	0.022727	
0.022727	0.772727	0.022727	0.022727	0.022727	0.022727	0.022727	0.022727	0.022727	0.022727	0.022727	


Matrix B :

0.090909	0.090909	0.090909	0.090909	0.090909	0.090909	0.090909	0.090909	0.090909	0.090909	0.090909	
0.000190	0.309167	0.371797	0.188081	0.060733	0.044031	0.012716	0.004365	0.004365	0.000190	0.004365	
0.001212	0.081212	0.267879	0.401212	0.147879	0.054545	0.001212	0.014545	0.014545	0.014545	0.001212	
0.002841	0.065341	0.190341	0.221591	0.346591	0.127841	0.034091	0.002841	0.002841	0.002841	0.002841	
0.005682	0.005682	0.318182	0.318182	0.130682	0.130682	0.068182	0.005682	0.005682	0.005682	0.005682	
0.006494	0.006494	0.077922	0.077922	0.292208	0.220779	0.149351	0.077922	0.077922	0.006494	0.006494	
0.011364	0.011364	0.011364	0.511364	0.386364	0.011364	0.011364	0.011364	0.011364	0.011364	0.011364	
0.030303	0.030303	0.030303	0.030303	0.696970	0.030303	0.030303	0.030303	0.030303	0.030303	0.030303	
0.030303	0.030303	0.030303	0.030303	0.030303	0.363636	0.030303	0.363636	0.030303	0.030303	0.030303	
0.022727	0.022727	0.022727	0.022727	0.272727	0.272727	0.272727	0.022727	0.022727	0.022727	0.022727	
0.022727	0.022727	0.022727	0.272727	0.272727	0.272727	0.022727	0.022727	0.022727	0.022727	0.022727	


Vector Pi :

0.002933	0.744868	0.099707	0.131965	0.002933	0.002933	0.002933	0.002933	0.002933	0.002933	0.002933	


Vector Phi :

0.001642	0.748768	0.118227	0.045977	0.026273	0.022989	0.013136	0.004926	0.004926	0.006568	0.006568	
