
Parameters: 11 states AND 11 symbols

Matrix A :

0.0909091	0.0909091	0.0909091	0.0909091	0.0909091	0.0909091	0.0909091	0.0909091	0.0909091	0.0909091	0.0909091	
0.000190585	0.773775	0.18887	0.0337336	0.000190585	0.00228702	0.000190585	0.000190585	0.000190585	0.000190585	0.000190585	
0.000302024	0.299305	0.505285	0.139837	0.0468137	0.00694654	0.000302024	0.000302024	0.000302024	0.000302024	0.000302024	
0.000571755	0.0697541	0.283591	0.415666	0.151515	0.0634648	0.0131504	0.000571755	0.000571755	0.000571755	0.000571755	
0.00109529	0.0733844	0.121577	0.278204	0.242059	0.16977	0.109529	0.00109529	0.00109529	0.00109529	0.00109529	
0.00137741	0.0165289	0.046832	0.168044	0.243802	0.243802	0.213499	0.046832	0.0165289	0.00137741	0.00137741	
0.0016835	0.0016835	0.0016835	0.0016835	0.112795	0.29798	0.29798	0.205387	0.0757576	0.0016835	0.0016835	
0.00284091	0.00284091	0.00284091	0.00284091	0.0653409	0.190341	0.252841	0.346591	0.0965909	0.0340909	0.00284091	
0.00454545	0.00454545	0.00454545	0.00454545	0.00454545	0.00454545	0.154545	0.204545	0.404545	0.204545	0.00454545	
0.0113636	0.0113636	0.0113636	0.0113636	0.0113636	0.0113636	0.0113636	0.136364	0.386364	0.136364	0.261364	
0.0227273	0.0227273	0.0227273	0.0227273	0.0227273	0.0227273	0.0227273	0.272727	0.0227273	0.272727	0.272727	


Matrix B :

0.0909091	0.0909091	0.0909091	0.0909091	0.0909091	0.0909091	0.0909091	0.0909091	0.0909091	0.0909091	0.0909091	
0.000181094	0.4205	0.374683	0.149583	0.0380297	0.00814922	0.00416516	0.00416516	0.000181094	0.000181094	0.000181094	
0.000293255	0.000293255	0.471261	0.406745	0.0841642	0.0260997	0.00674487	0.00351906	0.000293255	0.000293255	0.000293255	
0.000550964	0.000550964	0.0429752	0.327824	0.485399	0.0732782	0.0247934	0.0126722	0.0126722	0.000550964	0.0187328	
0.000967118	0.000967118	0.000967118	0.0435203	0.564797	0.320116	0.0541586	0.0116054	0.000967118	0.000967118	0.000967118	
0.0012285	0.0012285	0.0012285	0.0012285	0.0552826	0.541769	0.339066	0.041769	0.014742	0.0012285	0.0012285	
0.0016835	0.0016835	0.0016835	0.0016835	0.020202	0.149832	0.557239	0.205387	0.0572391	0.0016835	0.0016835	
0.00275482	0.00275482	0.00275482	0.00275482	0.00275482	0.0330579	0.184573	0.4573	0.275482	0.0330579	0.00275482	
0.00454545	0.00454545	0.00454545	0.00454545	0.00454545	0.00454545	0.0545455	0.254545	0.304545	0.254545	0.104545	
0.0113636	0.0113636	0.0113636	0.0113636	0.0113636	0.0113636	0.0113636	0.136364	0.136364	0.511364	0.136364	
0.0227273	0.0227273	0.0227273	0.0227273	0.0227273	0.0227273	0.0227273	0.0227273	0.0227273	0.272727	0.522727	


Vector Pi :

0.00149031	0.394933	0.149031	0.099851	0.181818	0.132638	0.0178838	0.0178838	0.00149031	0.00149031	0.00149031	


Vector Phi :

0.000811405	0.401094	0.251349	0.131812	0.0680582	0.053405	0.0425207	0.0254266	0.0159181	0.00639169	0.00321244	
