
Parameters: 11 states AND 11 symbols

Matrix A :

0.090909	0.090909	0.090909	0.090909	0.090909	0.090909	0.090909	0.090909	0.090909	0.090909	0.090909	
0.000598	0.671651	0.217703	0.046651	0.026914	0.007177	0.013756	0.000598	0.000598	0.007177	0.007177	
0.000673	0.245118	0.511785	0.148822	0.067340	0.022896	0.000673	0.000673	0.000673	0.000673	0.000673	
0.001245	0.110834	0.234122	0.330012	0.193026	0.056040	0.042341	0.014944	0.014944	0.001245	0.001245	
0.001229	0.041769	0.122850	0.217445	0.406634	0.109337	0.041769	0.028256	0.014742	0.014742	0.001229	
0.002331	0.079254	0.053613	0.053613	0.181818	0.258741	0.207459	0.104895	0.027972	0.027972	0.002331	
0.002165	0.025974	0.073593	0.025974	0.168831	0.216450	0.264069	0.168831	0.049784	0.002165	0.002165	
0.003636	0.043636	0.003636	0.003636	0.003636	0.123636	0.283636	0.323636	0.043636	0.043636	0.123636	
0.005682	0.005682	0.005682	0.068182	0.005682	0.005682	0.255682	0.130682	0.255682	0.255682	0.005682	
0.003788	0.003788	0.003788	0.045455	0.045455	0.003788	0.087121	0.045455	0.212121	0.420455	0.128788	
0.004785	0.004785	0.004785	0.004785	0.057416	0.004785	0.057416	0.004785	0.004785	0.267943	0.583732	


Matrix B :

0.090909	0.090909	0.090909	0.090909	0.090909	0.090909	0.090909	0.090909	0.090909	0.090909	0.090909	
0.000568	0.281818	0.319318	0.188068	0.150568	0.031818	0.025568	0.000568	0.000568	0.000568	0.000568	
0.000649	0.093506	0.286364	0.279221	0.150649	0.150649	0.036364	0.000649	0.000649	0.000649	0.000649	
0.001196	0.027512	0.290670	0.185407	0.198565	0.106459	0.132775	0.053828	0.001196	0.001196	0.001196	
0.001196	0.053828	0.211722	0.159091	0.238038	0.106459	0.066986	0.093301	0.040670	0.027512	0.001196	
0.002114	0.025370	0.095137	0.211416	0.118393	0.118393	0.118393	0.234672	0.071882	0.002114	0.002114	
0.002066	0.024793	0.002066	0.070248	0.252066	0.252066	0.229339	0.070248	0.024793	0.047521	0.024793	
0.003247	0.038961	0.038961	0.038961	0.253247	0.217532	0.181818	0.146104	0.074675	0.003247	0.003247	
0.005682	0.068182	0.068182	0.068182	0.193182	0.193182	0.193182	0.130682	0.005682	0.005682	0.068182	
0.003497	0.041958	0.003497	0.041958	0.041958	0.157343	0.195804	0.195804	0.118881	0.118881	0.080420	
0.004545	0.054545	0.004545	0.104545	0.004545	0.204545	0.104545	0.204545	0.154545	0.154545	0.004545	


Vector Pi :

0.002933	0.260997	0.196481	0.099707	0.067449	0.131965	0.067449	0.067449	0.002933	0.067449	0.035191	


Vector Phi :

0.001695	0.250203	0.220144	0.120681	0.123336	0.065840	0.071825	0.044901	0.027315	0.041123	0.032939	
