
Parameters: 11 states AND 11 symbols

Matrix A :

0.0909091	0.0909091	0.0909091	0.0909091	0.0909091	0.0909091	0.0909091	0.0909091	0.0909091	0.0909091	0.0909091	
0.000149522	0.815939	0.176136	0.00672847	0.000149522	0.000149522	0.000149522	0.000149522	0.000149522	0.000149522	0.000149522	
0.000265041	0.303472	0.54837	0.125629	0.0206732	0.000265041	0.000265041	0.000265041	0.000265041	0.000265041	0.000265041	
0.000626959	0.0489028	0.304075	0.531661	0.110972	0.000626959	0.000626959	0.000626959	0.000626959	0.000626959	0.000626959	
0.0011655	0.0011655	0.0524476	0.257576	0.565268	0.10373	0.0011655	0.013986	0.0011655	0.0011655	0.0011655	
0.00505051	0.00505051	0.00505051	0.00505051	0.449495	0.449495	0.0606061	0.00505051	0.00505051	0.00505051	0.00505051	
0.030303	0.030303	0.030303	0.030303	0.030303	0.363636	0.363636	0.030303	0.030303	0.030303	0.030303	
0.030303	0.030303	0.030303	0.030303	0.363636	0.030303	0.030303	0.030303	0.030303	0.030303	0.363636	
0.0909091	0.0909091	0.0909091	0.0909091	0.0909091	0.0909091	0.0909091	0.0909091	0.0909091	0.0909091	0.0909091	
0.0909091	0.0909091	0.0909091	0.0909091	0.0909091	0.0909091	0.0909091	0.0909091	0.0909091	0.0909091	0.0909091	
0.0227273	0.0227273	0.0227273	0.0227273	0.0227273	0.0227273	0.0227273	0.272727	0.0227273	0.0227273	0.522727	


Matrix B :

0.0909091	0.0909091	0.0909091	0.0909091	0.0909091	0.0909091	0.0909091	0.0909091	0.0909091	0.0909091	0.0909091	
0.000142714	0.267019	0.263879	0.205794	0.135151	0.0723562	0.0378193	0.0111317	0.00642215	0.000142714	0.000142714	
0.000253936	0.00304723	0.357796	0.296343	0.159472	0.109192	0.04774	0.0142204	0.00584053	0.00584053	0.000253936	
0.000582751	0.000582751	0.000582751	0.378788	0.359557	0.109557	0.0646853	0.0582751	0.0262238	0.000582751	0.000582751	
0.00109529	0.00109529	0.00109529	0.00109529	0.446878	0.326396	0.157722	0.0251917	0.0251917	0.00109529	0.0131435	
0.00505051	0.00505051	0.00505051	0.00505051	0.00505051	0.338384	0.282828	0.338384	0.00505051	0.00505051	0.00505051	
0.030303	0.030303	0.030303	0.030303	0.030303	0.030303	0.030303	0.030303	0.69697	0.030303	0.030303	
0.030303	0.030303	0.030303	0.030303	0.030303	0.030303	0.030303	0.030303	0.363636	0.030303	0.363636	
0.0909091	0.0909091	0.0909091	0.0909091	0.0909091	0.0909091	0.0909091	0.0909091	0.0909091	0.0909091	0.0909091	
0.0909091	0.0909091	0.0909091	0.0909091	0.0909091	0.0909091	0.0909091	0.0909091	0.0909091	0.0909091	0.0909091	
0.0227273	0.0227273	0.0227273	0.0227273	0.0227273	0.0227273	0.0227273	0.0227273	0.0227273	0.272727	0.522727	


Vector Pi :

0.00149031	0.4769	0.230999	0.181818	0.099851	0.00149031	0.00149031	0.00149031	0.00149031	0.00149031	0.00149031	


Vector Phi :

0.00081313	0.507307	0.286528	0.119329	0.0619716	0.0143541	0.00241587	0.00241704	0.00081313	0.00081313	0.00323762	
