
Parameters: 11 states AND 11 symbols

Matrix A :

0.0909091	0.0909091	0.0909091	0.0909091	0.0909091	0.0909091	0.0909091	0.0909091	0.0909091	0.0909091	0.0909091	
0.000128766	0.903811	0.0907803	0.00296163	0.000128766	0.000128766	0.000128766	0.000128766	0.000128766	0.000128766	0.0015452	
0.00031027	0.21874	0.665839	0.0992864	0.0139621	0.00031027	0.00031027	0.00031027	0.00031027	0.00031027	0.00031027	
0.000783699	0.0352665	0.250784	0.612853	0.0956113	0.000783699	0.000783699	0.000783699	0.000783699	0.000783699	0.000783699	
0.0020202	0.0020202	0.0242424	0.290909	0.557576	0.0686869	0.0464646	0.0020202	0.0020202	0.0020202	0.0020202	
0.0113636	0.0113636	0.136364	0.0113636	0.386364	0.136364	0.261364	0.0113636	0.0113636	0.0113636	0.0113636	
0.00826446	0.00826446	0.00826446	0.00826446	0.0991736	0.280992	0.371901	0.0991736	0.0991736	0.00826446	0.00826446	
0.0181818	0.0181818	0.0181818	0.0181818	0.0181818	0.0181818	0.418182	0.218182	0.218182	0.0181818	0.0181818	
0.012987	0.012987	0.155844	0.012987	0.012987	0.012987	0.012987	0.298701	0.441558	0.012987	0.012987	
0.0227273	0.0227273	0.0227273	0.0227273	0.0227273	0.0227273	0.0227273	0.0227273	0.272727	0.522727	0.0227273	
0.0227273	0.0227273	0.0227273	0.0227273	0.0227273	0.0227273	0.0227273	0.0227273	0.0227273	0.272727	0.522727	


Matrix B :

0.0909091	0.0909091	0.0909091	0.0909091	0.0909091	0.0909091	0.0909091	0.0909091	0.0909091	0.0909091	0.0909091	
0.00012285	0.146069	0.392015	0.310934	0.100123	0.035258	0.00823096	0.0041769	0.0014742	0.0014742	0.00012285	
0.000293255	0.000293255	0.0390029	0.355132	0.355132	0.174487	0.0454545	0.0196481	0.00674487	0.000293255	0.00351906	
0.000751315	0.000751315	0.000751315	0.132983	0.199098	0.298272	0.190834	0.108189	0.0338092	0.0338092	0.000751315	
0.00189394	0.00189394	0.00189394	0.0643939	0.168561	0.168561	0.0852273	0.189394	0.189394	0.0643939	0.0643939	
0.0113636	0.0113636	0.0113636	0.0113636	0.386364	0.0113636	0.261364	0.0113636	0.0113636	0.136364	0.136364	
0.00757576	0.00757576	0.00757576	0.00757576	0.00757576	0.174242	0.0909091	0.340909	0.0909091	0.00757576	0.257576	
0.0181818	0.0181818	0.0181818	0.0181818	0.218182	0.218182	0.0181818	0.218182	0.0181818	0.0181818	0.218182	
0.012987	0.012987	0.012987	0.012987	0.155844	0.012987	0.155844	0.155844	0.441558	0.012987	0.012987	
0.0227273	0.0227273	0.0227273	0.0227273	0.0227273	0.0227273	0.0227273	0.0227273	0.772727	0.0227273	0.0227273	
0.0227273	0.0227273	0.0227273	0.0227273	0.272727	0.272727	0.0227273	0.272727	0.0227273	0.0227273	0.0227273	


Vector Pi :

0.00149031	0.542474	0.296572	0.0834575	0.0506706	0.00149031	0.0178838	0.00149031	0.00149031	0.00149031	0.00149031	


Vector Phi :

0.000830051	0.591703	0.241972	0.0959134	0.0372187	0.00662512	0.00911413	0.0041485	0.00581067	0.00332826	0.00333632	
