
Parameters: 11 states AND 11 symbols

Matrix A :

0.090909	0.090909	0.090909	0.090909	0.090909	0.090909	0.090909	0.090909	0.090909	0.090909	0.090909	
0.000443	0.893126	0.088248	0.010200	0.005322	0.000443	0.000443	0.000443	0.000443	0.000443	0.000443	
0.000812	0.197240	0.679383	0.107955	0.009740	0.000812	0.000812	0.000812	0.000812	0.000812	0.000812	
0.001318	0.001318	0.218709	0.653491	0.117260	0.001318	0.001318	0.001318	0.001318	0.001318	0.001318	
0.002020	0.002020	0.046465	0.179798	0.579798	0.135354	0.046465	0.002020	0.002020	0.002020	0.002020	
0.003497	0.003497	0.003497	0.041958	0.234266	0.541958	0.157343	0.003497	0.003497	0.003497	0.003497	
0.006494	0.006494	0.006494	0.006494	0.149351	0.220779	0.220779	0.149351	0.220779	0.006494	0.006494	
0.011364	0.011364	0.011364	0.011364	0.011364	0.136364	0.386364	0.386364	0.011364	0.011364	0.011364	
0.011364	0.011364	0.011364	0.011364	0.011364	0.011364	0.136364	0.261364	0.261364	0.261364	0.011364	
0.011364	0.011364	0.011364	0.011364	0.011364	0.011364	0.011364	0.011364	0.261364	0.511364	0.136364	
0.022727	0.022727	0.022727	0.022727	0.022727	0.022727	0.022727	0.022727	0.022727	0.272727	0.522727	


Matrix B :

0.090909	0.090909	0.090909	0.090909	0.090909	0.090909	0.090909	0.090909	0.090909	0.090909	0.090909	
0.000423	0.321353	0.414376	0.181818	0.056237	0.019027	0.005074	0.000423	0.000423	0.000423	0.000423	
0.000777	0.000777	0.299922	0.265734	0.163170	0.137529	0.086247	0.043512	0.000777	0.000777	0.000777	
0.001299	0.001299	0.015584	0.144156	0.487013	0.172727	0.144156	0.029870	0.001299	0.001299	0.001299	
0.001976	0.001976	0.001976	0.023715	0.110672	0.219368	0.132411	0.219368	0.132411	0.154150	0.001976	
0.003497	0.003497	0.003497	0.003497	0.003497	0.311189	0.118881	0.041958	0.349650	0.080420	0.080420	
0.005682	0.005682	0.005682	0.005682	0.005682	0.068182	0.443182	0.255682	0.005682	0.193182	0.005682	
0.011364	0.011364	0.011364	0.011364	0.011364	0.011364	0.136364	0.261364	0.136364	0.386364	0.011364	
0.011364	0.011364	0.011364	0.011364	0.011364	0.011364	0.011364	0.511364	0.261364	0.136364	0.011364	
0.010101	0.010101	0.010101	0.010101	0.010101	0.010101	0.010101	0.010101	0.232323	0.565657	0.121212	
0.022727	0.022727	0.022727	0.022727	0.022727	0.022727	0.022727	0.022727	0.022727	0.022727	0.772727	


Vector Pi :

0.004329	0.432900	0.242424	0.051948	0.051948	0.051948	0.099567	0.004329	0.004329	0.051948	0.004329	


Vector Phi :

0.001874	0.432741	0.226915	0.135010	0.083639	0.043720	0.024912	0.014504	0.014527	0.014728	0.007431	
