
Parameters: 11 states AND 11 symbols

Matrix A :

0.090909	0.090909	0.090909	0.090909	0.090909	0.090909	0.090909	0.090909	0.090909	0.090909	0.090909	
0.000357	0.757219	0.176827	0.047415	0.000357	0.012121	0.000357	0.000357	0.004278	0.000357	0.000357	
0.000733	0.347507	0.412023	0.121701	0.057185	0.024927	0.008798	0.024927	0.000733	0.000733	0.000733	
0.001490	0.181818	0.280179	0.181818	0.181818	0.116244	0.034277	0.001490	0.017884	0.001490	0.001490	
0.002020	0.090909	0.090909	0.290909	0.224242	0.179798	0.068687	0.024242	0.002020	0.002020	0.024242	
0.002392	0.028708	0.055024	0.107656	0.239234	0.239234	0.160287	0.107656	0.028708	0.002392	0.028708	
0.004329	0.099567	0.051948	0.099567	0.194805	0.099567	0.242424	0.147186	0.004329	0.004329	0.051948	
0.003953	0.047431	0.047431	0.047431	0.047431	0.090909	0.090909	0.308300	0.221344	0.090909	0.003953	
0.006494	0.006494	0.006494	0.077922	0.077922	0.149351	0.006494	0.149351	0.220779	0.077922	0.220779	
0.011364	0.011364	0.136364	0.011364	0.136364	0.136364	0.136364	0.011364	0.136364	0.011364	0.261364	
0.006061	0.006061	0.006061	0.072727	0.006061	0.006061	0.006061	0.139394	0.072727	0.272727	0.406061	


Matrix B :

0.090909	0.090909	0.090909	0.090909	0.090909	0.090909	0.090909	0.090909	0.090909	0.090909	0.090909	
0.000333	0.355644	0.399600	0.176157	0.051615	0.014985	0.000333	0.000333	0.000333	0.000333	0.000333	
0.000699	0.116084	0.454545	0.293007	0.062238	0.054545	0.016084	0.000699	0.000699	0.000699	0.000699	
0.001490	0.050671	0.411326	0.329359	0.116244	0.067064	0.017884	0.001490	0.001490	0.001490	0.001490	
0.002020	0.024242	0.246465	0.290909	0.313131	0.090909	0.024242	0.002020	0.002020	0.002020	0.002020	
0.002392	0.002392	0.107656	0.397129	0.397129	0.055024	0.002392	0.002392	0.002392	0.028708	0.002392	
0.004132	0.004132	0.095041	0.549587	0.231405	0.095041	0.004132	0.004132	0.004132	0.004132	0.004132	
0.003367	0.003367	0.114478	0.410774	0.262626	0.040404	0.003367	0.003367	0.040404	0.003367	0.114478	
0.006494	0.006494	0.077922	0.220779	0.220779	0.220779	0.220779	0.006494	0.006494	0.006494	0.006494	
0.010101	0.010101	0.010101	0.343434	0.454545	0.010101	0.121212	0.010101	0.010101	0.010101	0.010101	
0.006061	0.006061	0.139394	0.139394	0.539394	0.006061	0.139394	0.006061	0.006061	0.006061	0.006061	


Vector Pi :

0.002933	0.551320	0.228739	0.002933	0.002933	0.002933	0.035191	0.131965	0.002933	0.035191	0.002933	


Vector Phi :

0.001648	0.424899	0.202919	0.100529	0.074036	0.062607	0.034569	0.037837	0.023073	0.013175	0.024708	
