
Parameters: 11 states AND 11 symbols

Matrix A :

0.090909	0.090909	0.090909	0.090909	0.090909	0.090909	0.090909	0.090909	0.090909	0.090909	0.090909	
0.000339	0.821235	0.138399	0.022727	0.000339	0.000339	0.004071	0.004071	0.004071	0.000339	0.004071	
0.000689	0.303719	0.485537	0.159780	0.015840	0.023416	0.008264	0.000689	0.000689	0.000689	0.000689	
0.001420	0.048295	0.313920	0.298295	0.157670	0.063920	0.032670	0.048295	0.032670	0.001420	0.001420	
0.002933	0.035191	0.131965	0.293255	0.357771	0.035191	0.067449	0.067449	0.002933	0.002933	0.002933	
0.005051	0.005051	0.116162	0.171717	0.116162	0.116162	0.171717	0.116162	0.060606	0.060606	0.060606	
0.004545	0.054545	0.054545	0.104545	0.204545	0.154545	0.154545	0.104545	0.104545	0.004545	0.054545	
0.003953	0.090909	0.047431	0.047431	0.003953	0.134387	0.134387	0.264822	0.177866	0.047431	0.047431	
0.004329	0.004329	0.004329	0.004329	0.004329	0.004329	0.147186	0.147186	0.432900	0.147186	0.099567	
0.009091	0.009091	0.109091	0.009091	0.109091	0.109091	0.109091	0.209091	0.009091	0.109091	0.209091	
0.005348	0.005348	0.064171	0.122995	0.005348	0.005348	0.005348	0.064171	0.064171	0.181818	0.475936	


Matrix B :

0.090909	0.090909	0.090909	0.090909	0.090909	0.090909	0.090909	0.090909	0.090909	0.090909	0.090909	
0.000322	0.312379	0.358478	0.152805	0.110251	0.035783	0.007415	0.010961	0.010961	0.000322	0.000322	
0.000654	0.072596	0.353172	0.345978	0.137345	0.029431	0.036625	0.015043	0.007848	0.000654	0.000654	
0.001357	0.016282	0.225237	0.389417	0.225237	0.046133	0.046133	0.016282	0.001357	0.001357	0.031208	
0.002841	0.065341	0.096591	0.221591	0.440341	0.034091	0.065341	0.002841	0.002841	0.034091	0.034091	
0.004785	0.057416	0.320574	0.320574	0.110048	0.057416	0.057416	0.057416	0.004785	0.004785	0.004785	
0.004545	0.104545	0.054545	0.254545	0.104545	0.254545	0.104545	0.104545	0.004545	0.004545	0.004545	
0.003788	0.003788	0.128788	0.170455	0.170455	0.337121	0.170455	0.003788	0.003788	0.003788	0.003788	
0.003953	0.003953	0.047431	0.395257	0.177866	0.134387	0.221344	0.003953	0.003953	0.003953	0.003953	
0.009091	0.009091	0.109091	0.009091	0.209091	0.209091	0.309091	0.109091	0.009091	0.009091	0.009091	
0.005051	0.005051	0.171717	0.282828	0.116162	0.116162	0.227273	0.060606	0.005051	0.005051	0.005051	


Vector Pi :

0.002933	0.454545	0.228739	0.099707	0.035191	0.035191	0.002933	0.035191	0.067449	0.002933	0.035191	


Vector Phi :

0.001653	0.442975	0.218182	0.105785	0.051240	0.029752	0.033058	0.038017	0.034711	0.016529	0.028099	
