
Parameters: 11 states AND 11 symbols

Matrix A :

0.090909	0.090909	0.090909	0.090909	0.090909	0.090909	0.090909	0.090909	0.090909	0.090909	0.090909	
0.000900	0.594959	0.238524	0.080108	0.030603	0.000900	0.010801	0.020702	0.000900	0.010801	0.010801	
0.001045	0.242424	0.380355	0.242424	0.058516	0.012539	0.012539	0.012539	0.012539	0.024033	0.001045	
0.001263	0.126263	0.195707	0.265152	0.167929	0.056818	0.029040	0.042929	0.070707	0.042929	0.001263	
0.001818	0.061818	0.041818	0.261818	0.281818	0.221818	0.121818	0.001818	0.001818	0.001818	0.001818	
0.002217	0.026608	0.099778	0.099778	0.246120	0.246120	0.148559	0.050998	0.002217	0.026608	0.050998	
0.002165	0.002165	0.073593	0.049784	0.049784	0.145022	0.311688	0.192641	0.145022	0.002165	0.025974	
0.002066	0.092975	0.047521	0.047521	0.024793	0.070248	0.138430	0.297521	0.161157	0.092975	0.024793	
0.001818	0.001818	0.061818	0.021818	0.041818	0.001818	0.061818	0.201818	0.381818	0.181818	0.041818	
0.001567	0.036050	0.001567	0.018809	0.001567	0.087774	0.053292	0.053292	0.173981	0.415361	0.156740	
0.001684	0.001684	0.020202	0.001684	0.001684	0.001684	0.001684	0.020202	0.020202	0.242424	0.686869	


Matrix B :

0.090909	0.090909	0.090909	0.090909	0.090909	0.090909	0.090909	0.090909	0.090909	0.090909	0.090909	
0.000834	0.303586	0.532944	0.101751	0.055880	0.000834	0.000834	0.000834	0.000834	0.000834	0.000834	
0.000999	0.198801	0.385614	0.363636	0.011988	0.022977	0.011988	0.000999	0.000999	0.000999	0.000999	
0.001196	0.066986	0.238038	0.514354	0.159091	0.001196	0.001196	0.014354	0.001196	0.001196	0.001196	
0.001715	0.001715	0.096055	0.454545	0.303602	0.077187	0.001715	0.001715	0.020583	0.039451	0.001715	
0.002217	0.075388	0.099778	0.270510	0.319290	0.148559	0.075388	0.002217	0.002217	0.002217	0.002217	
0.001976	0.001976	0.088933	0.132411	0.284585	0.284585	0.023715	0.088933	0.045455	0.045455	0.001976	
0.001976	0.001976	0.132411	0.175889	0.436759	0.197628	0.045455	0.001976	0.001976	0.001976	0.001976	
0.001783	0.001783	0.021390	0.237077	0.217469	0.217469	0.256684	0.040998	0.001783	0.001783	0.001783	
0.001490	0.001490	0.116244	0.099851	0.165425	0.280179	0.198212	0.099851	0.034277	0.001490	0.001490	
0.001653	0.001653	0.019835	0.128926	0.128926	0.092562	0.274380	0.147107	0.092562	0.092562	0.019835	


Vector Pi :

0.002933	0.260997	0.131965	0.131965	0.099707	0.002933	0.131965	0.067449	0.035191	0.099707	0.035191	


Vector Phi :

0.001667	0.168333	0.145000	0.120000	0.083333	0.068333	0.070000	0.073333	0.083333	0.096667	0.090000	
