
Parameters: 11 states AND 11 symbols

Matrix A :

0.045455	0.045455	0.045455	0.045455	0.045455	0.045455	0.045455	0.045455	0.045455	0.045455	0.545455	
0.000481	0.847042	0.127465	0.021645	0.000481	0.000481	0.000481	0.000481	0.000481	0.000481	0.000481	
0.000928	0.235622	0.562152	0.153989	0.011132	0.011132	0.000928	0.011132	0.000928	0.011132	0.000928	
0.001229	0.055283	0.176904	0.555283	0.136364	0.041769	0.028256	0.001229	0.001229	0.001229	0.001229	
0.001855	0.001855	0.063080	0.185529	0.450835	0.165121	0.124304	0.001855	0.001855	0.001855	0.001855	
0.001894	0.022727	0.001894	0.043561	0.210227	0.564394	0.085227	0.064394	0.001894	0.001894	0.001894	
0.002392	0.002392	0.028708	0.002392	0.107656	0.133971	0.423445	0.186603	0.055024	0.055024	0.002392	
0.004132	0.004132	0.004132	0.004132	0.049587	0.095041	0.322314	0.185950	0.322314	0.004132	0.004132	
0.002933	0.035191	0.002933	0.035191	0.002933	0.035191	0.067449	0.164223	0.422287	0.228739	0.002933	
0.003135	0.003135	0.003135	0.003135	0.003135	0.003135	0.003135	0.037618	0.278997	0.485893	0.175549	
0.054545	0.004545	0.054545	0.054545	0.004545	0.004545	0.004545	0.004545	0.004545	0.204545	0.604545	


Matrix B :

0.045455	0.045455	0.045455	0.045455	0.045455	0.545455	0.045455	0.045455	0.045455	0.045455	0.045455	
0.000455	0.275455	0.355455	0.210455	0.050455	0.035455	0.030455	0.015455	0.000455	0.010455	0.015455	
0.000891	0.010695	0.432264	0.353832	0.069519	0.040107	0.059715	0.020499	0.010695	0.000891	0.000891	
0.001136	0.026136	0.138636	0.438636	0.176136	0.051136	0.026136	0.038636	0.013636	0.038636	0.051136	
0.001783	0.040998	0.099822	0.237077	0.335116	0.139037	0.060606	0.040998	0.040998	0.001783	0.001783	
0.001894	0.001894	0.106061	0.085227	0.168561	0.251894	0.168561	0.126894	0.043561	0.022727	0.022727	
0.002273	0.002273	0.102273	0.277273	0.152273	0.202273	0.177273	0.052273	0.027273	0.002273	0.002273	
0.003636	0.003636	0.003636	0.283636	0.323636	0.083636	0.123636	0.163636	0.003636	0.003636	0.003636	
0.002755	0.002755	0.002755	0.002755	0.366391	0.184573	0.154270	0.214876	0.033058	0.002755	0.033058	
0.003135	0.003135	0.003135	0.141066	0.141066	0.244514	0.141066	0.175549	0.037618	0.072100	0.037618	
0.004545	0.004545	0.004545	0.004545	0.104545	0.254545	0.154545	0.104545	0.204545	0.154545	0.004545	


Vector Pi :

0.002933	0.325513	0.131965	0.196481	0.067449	0.002933	0.067449	0.099707	0.067449	0.002933	0.035191	


Vector Phi :

0.002937	0.329749	0.166606	0.123608	0.080834	0.078761	0.061922	0.035499	0.048904	0.044386	0.026795	
