
Parameters: 11 states AND 11 symbols

Matrix A :

0.0909091	0.0909091	0.0909091	0.0909091	0.0909091	0.0909091	0.0909091	0.0909091	0.0909091	0.0909091	0.0909091	
0.000130056	0.718299	0.194694	0.0630771	0.0144362	0.00299129	0.0044219	0.00156067	0.000130056	0.000130056	0.000130056	
0.00031348	0.483072	0.338245	0.121003	0.031348	0.0175549	0.00031348	0.00721003	0.00031348	0.00031348	0.00031348	
0.000699301	0.331469	0.277622	0.223776	0.131469	0.0160839	0.00839161	0.000699301	0.00839161	0.000699301	0.000699301	
0.00189394	0.168561	0.210227	0.251894	0.168561	0.126894	0.0227273	0.00189394	0.0227273	0.00189394	0.0227273	
0.00505051	0.171717	0.338384	0.282828	0.00505051	0.0606061	0.0606061	0.00505051	0.00505051	0.00505051	0.0606061	
0.0113636	0.386364	0.0113636	0.261364	0.136364	0.136364	0.0113636	0.0113636	0.0113636	0.0113636	0.0113636	
0.0151515	0.0151515	0.0151515	0.181818	0.181818	0.0151515	0.181818	0.181818	0.181818	0.0151515	0.0151515	
0.0181818	0.0181818	0.218182	0.218182	0.218182	0.0181818	0.0181818	0.218182	0.0181818	0.0181818	0.0181818	
0.0909091	0.0909091	0.0909091	0.0909091	0.0909091	0.0909091	0.0909091	0.0909091	0.0909091	0.0909091	0.0909091	
0.030303	0.030303	0.363636	0.030303	0.030303	0.030303	0.030303	0.030303	0.363636	0.030303	0.030303	


Matrix B :

0.0909091	0.0909091	0.0909091	0.0909091	0.0909091	0.0909091	0.0909091	0.0909091	0.0909091	0.0909091	0.0909091	
0.00012335	0.24707	0.450598	0.196867	0.0733934	0.0204761	0.0109782	0.00012335	0.00012335	0.00012335	0.00012335	
0.000299043	0.00358852	0.270036	0.424641	0.227273	0.0496411	0.0200359	0.000299043	0.00358852	0.000299043	0.000299043	
0.000668449	0.000668449	0.0300802	0.221257	0.412433	0.206551	0.10361	0.0153743	0.00802139	0.000668449	0.000668449	
0.00185529	0.00185529	0.00185529	0.124304	0.205937	0.328386	0.226345	0.0426716	0.0426716	0.00185529	0.0222635	
0.00478469	0.00478469	0.00478469	0.0574163	0.215311	0.267943	0.267943	0.110048	0.0574163	0.00478469	0.00478469	
0.0113636	0.0113636	0.0113636	0.0113636	0.0113636	0.261364	0.136364	0.386364	0.136364	0.0113636	0.0113636	
0.0151515	0.0151515	0.0151515	0.0151515	0.0151515	0.181818	0.348485	0.181818	0.181818	0.0151515	0.0151515	
0.0181818	0.0181818	0.0181818	0.0181818	0.0181818	0.0181818	0.0181818	0.418182	0.218182	0.218182	0.0181818	
0.0909091	0.0909091	0.0909091	0.0909091	0.0909091	0.0909091	0.0909091	0.0909091	0.0909091	0.0909091	0.0909091	
0.030303	0.030303	0.030303	0.030303	0.030303	0.030303	0.030303	0.030303	0.030303	0.030303	0.69697	


Vector Pi :

0.00149031	0.608048	0.247392	0.099851	0.0178838	0.0178838	0.00149031	0.00149031	0.00149031	0.00149031	0.00149031	


Vector Phi :

0.000826311	0.579294	0.238891	0.107445	0.0396687	0.0148673	0.00661721	0.0049546	0.00413124	0.000826311	0.0024787	
