
Parameters: 11 states AND 11 symbols

Matrix A :

0.0909091	0.0909091	0.0909091	0.0909091	0.0909091	0.0909091	0.0909091	0.0909091	0.0909091	0.0909091	0.0909091	
8.8433e-05	0.926158	0.0526176	0.0175982	8.8433e-05	0.00203396	8.8433e-05	8.8433e-05	8.8433e-05	8.8433e-05	0.0010612	
0.000797448	0.509569	0.325359	0.062201	0.0446571	0.0183413	0.0271132	0.00956938	0.000797448	0.000797448	0.000797448	
0.002457	0.299754	0.353808	0.137592	0.0565111	0.110565	0.002457	0.002457	0.002457	0.029484	0.002457	
0.010101	0.232323	0.565657	0.121212	0.010101	0.010101	0.010101	0.010101	0.010101	0.010101	0.010101	
0.010101	0.343434	0.232323	0.343434	0.010101	0.010101	0.010101	0.010101	0.010101	0.010101	0.010101	
0.0227273	0.0227273	0.272727	0.272727	0.272727	0.0227273	0.0227273	0.0227273	0.0227273	0.0227273	0.0227273	
0.0454545	0.545455	0.0454545	0.0454545	0.0454545	0.0454545	0.0454545	0.0454545	0.0454545	0.0454545	0.0454545	
0.0909091	0.0909091	0.0909091	0.0909091	0.0909091	0.0909091	0.0909091	0.0909091	0.0909091	0.0909091	0.0909091	
0.0454545	0.0454545	0.0454545	0.545455	0.0454545	0.0454545	0.0454545	0.0454545	0.0454545	0.0454545	0.0454545	
0.0454545	0.545455	0.0454545	0.0454545	0.0454545	0.0454545	0.0454545	0.0454545	0.0454545	0.0454545	0.0454545	


Matrix B :

0.0909091	0.0909091	0.0909091	0.0909091	0.0909091	0.0909091	0.0909091	0.0909091	0.0909091	0.0909091	0.0909091	
8.371e-05	0.316842	0.388666	0.174117	0.076511	0.0258664	0.008371	0.00652938	0.00100452	0.00100452	0.00100452	
0.000797448	0.062201	0.228868	0.334131	0.106061	0.123604	0.062201	0.00956938	0.0446571	0.000797448	0.0271132	
0.00239234	0.0550239	0.186603	0.397129	0.133971	0.107656	0.0550239	0.00239234	0.0550239	0.00239234	0.00239234	
0.010101	0.010101	0.232323	0.121212	0.232323	0.343434	0.010101	0.010101	0.010101	0.010101	0.010101	
0.010101	0.010101	0.121212	0.565657	0.121212	0.010101	0.010101	0.010101	0.121212	0.010101	0.010101	
0.0227273	0.0227273	0.0227273	0.0227273	0.522727	0.0227273	0.0227273	0.0227273	0.0227273	0.272727	0.0227273	
0.0454545	0.0454545	0.545455	0.0454545	0.0454545	0.0454545	0.0454545	0.0454545	0.0454545	0.0454545	0.0454545	
0.0909091	0.0909091	0.0909091	0.0909091	0.0909091	0.0909091	0.0909091	0.0909091	0.0909091	0.0909091	0.0909091	
0.0454545	0.0454545	0.0454545	0.545455	0.0454545	0.0454545	0.0454545	0.0454545	0.0454545	0.0454545	0.0454545	
0.030303	0.030303	0.69697	0.030303	0.030303	0.030303	0.030303	0.030303	0.030303	0.030303	0.030303	


Vector Pi :

0.00149031	0.935917	0.0178838	0.0178838	0.00149031	0.00149031	0.00149031	0.00149031	0.00149031	0.00149031	0.0178838	


Vector Phi :

0.000821748	0.851835	0.0930388	0.0305006	0.00736861	0.00740864	0.00327014	0.00163788	0.000821748	0.00164609	0.00165038	
