
Parameters: 11 states AND 11 symbols

Matrix A :

0.0909091	0.0909091	0.0909091	0.0909091	0.0909091	0.0909091	0.0909091	0.0909091	0.0909091	0.0909091	0.0909091	
0.000259	0.706812	0.270914	0.011655	0.00880601	0.000259	0.000259	0.000259	0.000259	0.000259	0.000259	
0.000272183	0.260751	0.50626	0.197877	0.0182363	0.0152422	0.000272183	0.000272183	0.000272183	0.000272183	0.000272183	
0.00045683	0.0758337	0.286889	0.417542	0.196437	0.0205573	0.00045683	0.00045683	0.00045683	0.00045683	0.00045683	
0.000673401	0.00808081	0.0821549	0.26734	0.43771	0.178451	0.0154882	0.00808081	0.000673401	0.000673401	0.000673401	
0.00105708	0.00105708	0.012685	0.0940803	0.256871	0.408034	0.15222	0.0475687	0.0243129	0.00105708	0.00105708	
0.00193424	0.00193424	0.00193424	0.00193424	0.0870406	0.27853	0.512573	0.0870406	0.0232108	0.00193424	0.00193424	
0.00413223	0.00413223	0.00413223	0.0495868	0.0495868	0.140496	0.231405	0.27686	0.18595	0.0495868	0.00413223	
0.00534759	0.00534759	0.00534759	0.00534759	0.00534759	0.00534759	0.122995	0.299465	0.417112	0.0641711	0.0641711	
0.0227273	0.0227273	0.0227273	0.0227273	0.0227273	0.0227273	0.0227273	0.0227273	0.272727	0.0227273	0.522727	
0.010101	0.010101	0.010101	0.010101	0.010101	0.010101	0.010101	0.121212	0.121212	0.121212	0.565657	


Matrix B :

0.0909091	0.0909091	0.0909091	0.0909091	0.0909091	0.0909091	0.0909091	0.0909091	0.0909091	0.0909091	0.0909091	
0.000245038	0.369517	0.347954	0.159275	0.0703259	0.0325901	0.0110267	0.00294046	0.00563587	0.000245038	0.000245038	
0.000261233	0.0031348	0.514629	0.3221	0.100836	0.0289969	0.014629	0.000261233	0.0031348	0.0117555	0.000261233	
0.000437063	0.000437063	0.0196678	0.562937	0.26486	0.120629	0.0244755	0.000437063	0.000437063	0.000437063	0.00524476	
0.000644745	0.000644745	0.000644745	0.0361057	0.582205	0.248872	0.0857511	0.0290135	0.0148291	0.000644745	0.000644745	
0.000999001	0.000999001	0.000999001	0.000999001	0.0669331	0.616384	0.20979	0.044955	0.0559441	0.000999001	0.000999001	
0.00178253	0.00178253	0.00178253	0.00178253	0.00178253	0.11943	0.648841	0.178253	0.0409982	0.00178253	0.00178253	
0.00395257	0.00395257	0.00395257	0.00395257	0.00395257	0.00395257	0.00395257	0.699605	0.221344	0.0474308	0.00395257	
0.00534759	0.00534759	0.00534759	0.00534759	0.00534759	0.00534759	0.00534759	0.122995	0.652406	0.0641711	0.122995	
0.0227273	0.0227273	0.0227273	0.0227273	0.0227273	0.0227273	0.0227273	0.0227273	0.522727	0.272727	0.0227273	
0.00909091	0.00909091	0.00909091	0.00909091	0.00909091	0.00909091	0.00909091	0.00909091	0.209091	0.00909091	0.709091	


Vector Pi :

0.00149031	0.312966	0.230999	0.149031	0.099851	0.099851	0.0670641	0.0178838	0.00149031	0.00149031	0.0178838	


Vector Phi :

0.000817237	0.295659	0.279094	0.164834	0.110721	0.068952	0.0378732	0.017764	0.013735	0.00324449	0.00730671	
