
Parameters: 11 states AND 11 symbols

Matrix A :

0.0909091	0.0909091	0.0909091	0.0909091	0.0909091	0.0909091	0.0909091	0.0909091	0.0909091	0.0909091	0.0909091	
0.000206143	0.741703	0.21109	0.0387549	0.00474129	0.00247372	0.000206143	0.000206143	0.000206143	0.000206143	0.000206143	
0.000286779	0.318899	0.467164	0.173788	0.0318325	0.00659593	0.000286779	0.000286779	0.000286779	0.000286779	0.000286779	
0.000443459	0.0443459	0.278492	0.43459	0.190687	0.0443459	0.000443459	0.00532151	0.000443459	0.000443459	0.000443459	
0.000739098	0.000739098	0.13895	0.269032	0.447894	0.13082	0.00886918	0.000739098	0.000739098	0.000739098	0.000739098	
0.00146628	0.0337243	0.0175953	0.130499	0.195015	0.356305	0.227273	0.0175953	0.0175953	0.00146628	0.00146628	
0.00293255	0.00293255	0.00293255	0.0674487	0.131965	0.293255	0.357771	0.131965	0.00293255	0.00293255	0.00293255	
0.0113636	0.0113636	0.0113636	0.0113636	0.0113636	0.0113636	0.386364	0.136364	0.261364	0.136364	0.0113636	
0.0113636	0.0113636	0.0113636	0.0113636	0.0113636	0.261364	0.261364	0.0113636	0.0113636	0.261364	0.136364	
0.0151515	0.0151515	0.0151515	0.0151515	0.0151515	0.0151515	0.0151515	0.0151515	0.681818	0.181818	0.0151515	
0.030303	0.030303	0.030303	0.030303	0.030303	0.030303	0.030303	0.030303	0.030303	0.363636	0.363636	


Matrix B :

0.0909091	0.0909091	0.0909091	0.0909091	0.0909091	0.0909091	0.0909091	0.0909091	0.0909091	0.0909091	0.0909091	
0.000197628	0.276285	0.315415	0.189328	0.126285	0.0480237	0.0219368	0.015415	0.00454545	0.00237154	0.000197628	
0.000270563	0.00622294	0.405032	0.327652	0.122294	0.0925325	0.0211039	0.0121753	0.00622294	0.00324675	0.00324675	
0.000428816	0.000428816	0.0145798	0.46741	0.302316	0.127787	0.0711835	0.00986278	0.000428816	0.0051458	0.000428816	
0.000699301	0.000699301	0.000699301	0.116084	0.493007	0.262238	0.0853147	0.0237762	0.00839161	0.00839161	0.000699301	
0.0160428	0.0013369	0.0013369	0.0013369	0.163102	0.38369	0.339572	0.0454545	0.0160428	0.0160428	0.0160428	
0.00284091	0.00284091	0.00284091	0.00284091	0.00284091	0.159091	0.471591	0.284091	0.00284091	0.0653409	0.00284091	
0.010101	0.010101	0.010101	0.010101	0.010101	0.121212	0.121212	0.343434	0.343434	0.010101	0.010101	
0.0113636	0.0113636	0.0113636	0.0113636	0.0113636	0.136364	0.386364	0.261364	0.136364	0.0113636	0.0113636	
0.0151515	0.0151515	0.0151515	0.0151515	0.0151515	0.0151515	0.181818	0.181818	0.515152	0.0151515	0.0151515	
0.030303	0.030303	0.030303	0.030303	0.030303	0.030303	0.030303	0.030303	0.69697	0.030303	0.030303	


Vector Pi :

0.00149031	0.329359	0.312966	0.116244	0.116244	0.099851	0.00149031	0.0178838	0.00149031	0.00149031	0.00149031	


Vector Phi :

0.000851857	0.361571	0.261854	0.170487	0.103065	0.0527224	0.0278121	0.00699717	0.00689794	0.00516965	0.00257115	
