
Parameters: 11 states AND 11 symbols

Matrix A :

0.0909091	0.0909091	0.0909091	0.0909091	0.0909091	0.0909091	0.0909091	0.0909091	0.0909091	0.0909091	0.0909091	
0.000104134	0.949703	0.0470686	0.00124961	0.000104134	0.00124961	0.000104134	0.000104134	0.000104134	0.000104134	0.000104134	
0.000550964	0.242975	0.630854	0.0914601	0.0247934	0.000550964	0.000550964	0.000550964	0.000550964	0.000550964	0.00661157	
0.001443	0.001443	0.271284	0.493506	0.191919	0.033189	0.001443	0.001443	0.001443	0.001443	0.001443	
0.00189394	0.0227273	0.0435606	0.272727	0.481061	0.147727	0.0227273	0.00189394	0.00189394	0.00189394	0.00189394	
0.00363636	0.0436364	0.00363636	0.0836364	0.283636	0.323636	0.203636	0.0436364	0.00363636	0.00363636	0.00363636	
0.00649351	0.00649351	0.00649351	0.00649351	0.00649351	0.435065	0.363636	0.149351	0.00649351	0.00649351	0.00649351	
0.0151515	0.0151515	0.0151515	0.0151515	0.181818	0.0151515	0.348485	0.181818	0.181818	0.0151515	0.0151515	
0.030303	0.030303	0.030303	0.030303	0.030303	0.030303	0.030303	0.363636	0.363636	0.030303	0.030303	
0.0454545	0.545455	0.0454545	0.0454545	0.0454545	0.0454545	0.0454545	0.0454545	0.0454545	0.0454545	0.0454545	
0.0181818	0.0181818	0.0181818	0.0181818	0.0181818	0.0181818	0.0181818	0.0181818	0.0181818	0.218182	0.618182	


Matrix B :

0.0909091	0.0909091	0.0909091	0.0909091	0.0909091	0.0909091	0.0909091	0.0909091	0.0909091	0.0909091	0.0909091	
9.93542e-05	0.20775	0.325782	0.226329	0.110482	0.0591157	0.0383507	0.0208644	0.00665673	0.00228515	0.00228515	
0.000522466	0.00626959	0.103971	0.293626	0.190178	0.207419	0.0464995	0.069488	0.0579937	0.0120167	0.0120167	
0.00142045	0.00142045	0.12642	0.18892	0.28267	0.267045	0.0639205	0.0326705	0.0170455	0.0170455	0.00142045	
0.00171527	0.00171527	0.133791	0.058319	0.190395	0.303602	0.22813	0.058319	0.0205832	0.00171527	0.00171527	
0.0034965	0.0034965	0.041958	0.195804	0.311189	0.118881	0.234266	0.0804196	0.0034965	0.0034965	0.0034965	
0.00649351	0.00649351	0.00649351	0.00649351	0.435065	0.220779	0.292208	0.00649351	0.00649351	0.00649351	0.00649351	
0.0113636	0.0113636	0.0113636	0.0113636	0.761364	0.0113636	0.136364	0.0113636	0.0113636	0.0113636	0.0113636	
0.030303	0.030303	0.030303	0.030303	0.030303	0.363636	0.363636	0.030303	0.030303	0.030303	0.030303	
0.0454545	0.0454545	0.0454545	0.0454545	0.0454545	0.545455	0.0454545	0.0454545	0.0454545	0.0454545	0.0454545	
0.0181818	0.0181818	0.0181818	0.0181818	0.0181818	0.0181818	0.0181818	0.218182	0.0181818	0.218182	0.418182	


Vector Pi :

0.00149031	0.690015	0.149031	0.0178838	0.0834575	0.0178838	0.00149031	0.0342772	0.00149031	0.00149031	0.00149031	


Vector Phi :

0.000829946	0.724468	0.136931	0.0522854	0.0398375	0.0207491	0.0116197	0.00497988	0.00248992	0.00165988	0.00414962	
