
Parameters: 11 states AND 11 symbols

Matrix A :

0.090909	0.090909	0.090909	0.090909	0.090909	0.090909	0.090909	0.090909	0.090909	0.090909	0.090909	
0.000602	0.768814	0.179410	0.027092	0.000602	0.007225	0.000602	0.007225	0.000602	0.000602	0.007225	
0.000791	0.226877	0.583399	0.139921	0.018182	0.009486	0.018182	0.000791	0.000791	0.000791	0.000791	
0.001653	0.038017	0.165289	0.383471	0.183471	0.110744	0.092562	0.001653	0.019835	0.001653	0.001653	
0.002525	0.085859	0.169192	0.196970	0.252525	0.141414	0.085859	0.030303	0.002525	0.030303	0.002525	
0.002066	0.024793	0.070248	0.115702	0.138430	0.320248	0.229339	0.092975	0.002066	0.002066	0.002066	
0.001934	0.001934	0.001934	0.001934	0.087041	0.299807	0.321083	0.150870	0.065764	0.023211	0.044487	
0.002392	0.002392	0.055024	0.002392	0.028708	0.055024	0.291866	0.291866	0.186603	0.081340	0.002392	
0.002217	0.002217	0.002217	0.002217	0.002217	0.002217	0.002217	0.294900	0.441242	0.172949	0.075388	
0.002525	0.002525	0.002525	0.030303	0.058081	0.002525	0.002525	0.058081	0.224747	0.446970	0.169192	
0.002525	0.030303	0.002525	0.002525	0.030303	0.002525	0.002525	0.002525	0.085859	0.196970	0.641414	


Matrix B :

0.090909	0.090909	0.090909	0.090909	0.090909	0.090909	0.090909	0.090909	0.090909	0.090909	0.090909	
0.000575	0.361335	0.260069	0.158803	0.127158	0.063867	0.006904	0.019563	0.000575	0.000575	0.000575	
0.000770	0.263482	0.305855	0.195686	0.119414	0.043143	0.026194	0.043143	0.000770	0.000770	0.000770	
0.001515	0.184848	0.384848	0.201515	0.151515	0.018182	0.018182	0.018182	0.001515	0.018182	0.001515	
0.002392	0.081340	0.291866	0.186603	0.212919	0.133971	0.028708	0.002392	0.028708	0.028708	0.002392	
0.001976	0.045455	0.393281	0.306324	0.110672	0.067194	0.045455	0.001976	0.001976	0.001976	0.023715	
0.001855	0.124304	0.246753	0.226345	0.205937	0.103896	0.042672	0.022263	0.022263	0.001855	0.001855	
0.002217	0.050998	0.124169	0.246120	0.124169	0.197339	0.099778	0.026608	0.026608	0.002217	0.099778	
0.002114	0.002114	0.071882	0.211416	0.188161	0.071882	0.118393	0.118393	0.048626	0.048626	0.118393	
0.002392	0.002392	0.081340	0.186603	0.265550	0.107656	0.002392	0.212919	0.028708	0.107656	0.002392	
0.002392	0.028708	0.265550	0.318182	0.107656	0.028708	0.055024	0.055024	0.081340	0.055024	0.002392	


Vector Pi :

0.002933	0.260997	0.099707	0.164223	0.067449	0.067449	0.067449	0.067449	0.067449	0.067449	0.067449	


Vector Phi :

0.001693	0.241414	0.187994	0.090931	0.060584	0.074457	0.080410	0.067530	0.071092	0.062195	0.061700	
