
Parameters: 11 states AND 11 symbols

Matrix A :

0.0909091	0.0909091	0.0909091	0.0909091	0.0909091	0.0909091	0.0909091	0.0909091	0.0909091	0.0909091	0.0909091	
0.000125565	0.82333	0.149297	0.0208438	0.00426921	0.00150678	0.000125565	0.000125565	0.000125565	0.000125565	0.000125565	
0.00031027	0.372324	0.450822	0.12659	0.0378529	0.0105492	0.00031027	0.00031027	0.00031027	0.00031027	0.00031027	
0.000857633	0.161235	0.38765	0.274443	0.114065	0.0480274	0.000857633	0.0102916	0.000857633	0.000857633	0.000857633	
0.00211416	0.02537	0.234672	0.327696	0.211416	0.164905	0.02537	0.00211416	0.00211416	0.00211416	0.00211416	
0.00395257	0.00395257	0.00395257	0.351779	0.177866	0.177866	0.134387	0.0909091	0.00395257	0.00395257	0.0474308	
0.010101	0.010101	0.121212	0.232323	0.232323	0.232323	0.010101	0.121212	0.010101	0.010101	0.010101	
0.0181818	0.0181818	0.0181818	0.0181818	0.218182	0.0181818	0.418182	0.0181818	0.0181818	0.218182	0.0181818	
0.0909091	0.0909091	0.0909091	0.0909091	0.0909091	0.0909091	0.0909091	0.0909091	0.0909091	0.0909091	0.0909091	
0.0454545	0.0454545	0.0454545	0.0454545	0.0454545	0.0454545	0.545455	0.0454545	0.0454545	0.0454545	0.0454545	
0.0454545	0.0454545	0.0454545	0.0454545	0.0454545	0.0454545	0.545455	0.0454545	0.0454545	0.0454545	0.0454545	


Matrix B :

0.0909091	0.0909091	0.0909091	0.0909091	0.0909091	0.0909091	0.0909091	0.0909091	0.0909091	0.0909091	0.0909091	
0.000119617	0.37512	0.379067	0.160646	0.0606459	0.0145933	0.00801435	0.00143541	0.000119617	0.000119617	0.000119617	
0.000297089	0.0427807	0.451277	0.304219	0.127748	0.0362448	0.0199049	0.010101	0.000297089	0.000297089	0.00683304	
0.000819001	0.00982801	0.162981	0.370188	0.289107	0.117936	0.036855	0.000819001	0.00982801	0.000819001	0.000819001	
0.00193424	0.00193424	0.065764	0.27853	0.363636	0.193424	0.0444874	0.0444874	0.00193424	0.00193424	0.00193424	
0.00378788	0.00378788	0.0454545	0.212121	0.212121	0.420455	0.00378788	0.0871212	0.00378788	0.00378788	0.00378788	
0.00909091	0.00909091	0.00909091	0.209091	0.309091	0.209091	0.209091	0.00909091	0.00909091	0.00909091	0.00909091	
0.0181818	0.0181818	0.0181818	0.218182	0.218182	0.0181818	0.418182	0.0181818	0.0181818	0.0181818	0.0181818	
0.0909091	0.0909091	0.0909091	0.0909091	0.0909091	0.0909091	0.0909091	0.0909091	0.0909091	0.0909091	0.0909091	
0.0454545	0.0454545	0.0454545	0.0454545	0.545455	0.0454545	0.0454545	0.0454545	0.0454545	0.0454545	0.0454545	
0.0454545	0.0454545	0.0454545	0.0454545	0.0454545	0.0454545	0.0454545	0.0454545	0.0454545	0.0454545	0.545455	


Vector Pi :

0.00149031	0.591654	0.214605	0.0834575	0.0670641	0.0178838	0.0178838	0.00149031	0.00149031	0.00149031	0.00149031	


Vector Phi :

0.00082713	0.598842	0.242349	0.0876758	0.0355666	0.019024	0.00744417	0.00413565	0.00082713	0.00165426	0.00165426	
