
Parameters: 11 states AND 11 symbols

Matrix A :

0.0909091	0.0909091	0.0909091	0.0909091	0.0909091	0.0909091	0.0909091	0.0909091	0.0909091	0.0909091	0.0909091	
8.29463e-05	0.958112	0.0301924	0.00464499	0.00190776	0.000995355	8.29463e-05	0.000995355	8.29463e-05	0.000995355	0.00190776	
0.00142045	0.53267	0.298295	0.0951705	0.0482955	0.00142045	0.00142045	0.00142045	0.00142045	0.00142045	0.0170455	
0.004329	0.290043	0.242424	0.194805	0.147186	0.0995671	0.004329	0.004329	0.004329	0.004329	0.004329	
0.00826446	0.190083	0.280992	0.371901	0.00826446	0.00826446	0.0991736	0.00826446	0.00826446	0.00826446	0.00826446	
0.0181818	0.418182	0.218182	0.218182	0.0181818	0.0181818	0.0181818	0.0181818	0.0181818	0.0181818	0.0181818	
0.0454545	0.0454545	0.545455	0.0454545	0.0454545	0.0454545	0.0454545	0.0454545	0.0454545	0.0454545	0.0454545	
0.0454545	0.0454545	0.0454545	0.0454545	0.0454545	0.545455	0.0454545	0.0454545	0.0454545	0.0454545	0.0454545	
0.0909091	0.0909091	0.0909091	0.0909091	0.0909091	0.0909091	0.0909091	0.0909091	0.0909091	0.0909091	0.0909091	
0.0454545	0.0454545	0.0454545	0.0454545	0.545455	0.0454545	0.0454545	0.0454545	0.0454545	0.0454545	0.0454545	
0.0227273	0.272727	0.272727	0.0227273	0.272727	0.0227273	0.0227273	0.0227273	0.0227273	0.0227273	0.0227273	


Matrix B :

0.0909091	0.0909091	0.0909091	0.0909091	0.0909091	0.0909091	0.0909091	0.0909091	0.0909091	0.0909091	0.0909091	
7.88457e-05	0.245526	0.363479	0.217772	0.122369	0.0252306	0.0165576	0.00614996	0.000946148	0.00181345	7.88457e-05	
0.0013986	0.0629371	0.170629	0.324476	0.170629	0.13986	0.0783217	0.0475524	0.0013986	0.0013986	0.0013986	
0.00413223	0.0495868	0.27686	0.140496	0.18595	0.0950413	0.140496	0.0495868	0.00413223	0.0495868	0.00413223	
0.00826446	0.00826446	0.280992	0.190083	0.00826446	0.0991736	0.190083	0.00826446	0.0991736	0.00826446	0.0991736	
0.0151515	0.0151515	0.348485	0.0151515	0.181818	0.0151515	0.0151515	0.0151515	0.348485	0.0151515	0.0151515	
0.0454545	0.0454545	0.0454545	0.545455	0.0454545	0.0454545	0.0454545	0.0454545	0.0454545	0.0454545	0.0454545	
0.0454545	0.0454545	0.0454545	0.0454545	0.0454545	0.545455	0.0454545	0.0454545	0.0454545	0.0454545	0.0454545	
0.0909091	0.0909091	0.0909091	0.0909091	0.0909091	0.0909091	0.0909091	0.0909091	0.0909091	0.0909091	0.0909091	
0.0454545	0.0454545	0.0454545	0.0454545	0.0454545	0.0454545	0.0454545	0.0454545	0.0454545	0.545455	0.0454545	
0.0227273	0.0227273	0.0227273	0.522727	0.0227273	0.0227273	0.272727	0.0227273	0.0227273	0.0227273	0.0227273	


Vector Pi :

0.00149031	0.935917	0.0178838	0.0178838	0.00149031	0.0178838	0.00149031	0.00149031	0.00149031	0.00149031	0.00149031	


Vector Phi :

0.00082713	0.906534	0.0529363	0.0173697	0.00909843	0.00413565	0.00165426	0.00165426	0.00082713	0.00165426	0.00330852	
