
Parameters: 11 states AND 11 symbols

Matrix A :

0.0909091	0.0909091	0.0909091	0.0909091	0.0909091	0.0909091	0.0909091	0.0909091	0.0909091	0.0909091	0.0909091	
0.000209468	0.497905	0.28362	0.154587	0.0462924	0.0140344	0.000209468	0.00251362	0.000209468	0.000209468	0.000209468	
0.000282326	0.404009	0.307736	0.192829	0.0623941	0.0313382	0.000282326	0.000282326	0.000282326	0.000282326	0.000282326	
0.000383583	0.295742	0.261987	0.224012	0.152282	0.0552359	0.0088224	0.000383583	0.000383583	0.000383583	0.000383583	
0.000763942	0.0847976	0.219251	0.320092	0.194041	0.126814	0.0343774	0.0091673	0.000763942	0.0091673	0.000763942	
0.00146628	0.0982405	0.146628	0.259531	0.227273	0.130499	0.0659824	0.0498534	0.0175953	0.00146628	0.00146628	
0.00606061	0.0727273	0.139394	0.00606061	0.139394	0.472727	0.0727273	0.0727273	0.00606061	0.00606061	0.00606061	
0.00826446	0.00826446	0.00826446	0.00826446	0.190083	0.190083	0.0991736	0.280992	0.0991736	0.00826446	0.0991736	
0.030303	0.030303	0.030303	0.030303	0.030303	0.030303	0.69697	0.030303	0.030303	0.030303	0.030303	
0.0454545	0.0454545	0.0454545	0.0454545	0.545455	0.0454545	0.0454545	0.0454545	0.0454545	0.0454545	0.0454545	
0.030303	0.030303	0.030303	0.030303	0.030303	0.030303	0.030303	0.363636	0.030303	0.030303	0.363636	


Matrix B :

0.0909091	0.0909091	0.0909091	0.0909091	0.0909091	0.0909091	0.0909091	0.0909091	0.0909091	0.0909091	0.0909091	
0.00020024	0.495795	0.343813	0.088306	0.0442531	0.0156187	0.0112135	0.00020024	0.00020024	0.00020024	0.00020024	
0.000268168	0.100563	0.607938	0.189059	0.0681148	0.0327165	0.000268168	0.000268168	0.000268168	0.000268168	0.000268168	
0.000363636	0.000363636	0.348364	0.384364	0.140364	0.0763636	0.0363636	0.00836364	0.000363636	0.00436364	0.000363636	
0.000721501	0.000721501	0.024531	0.484848	0.270563	0.159452	0.0324675	0.00865801	0.0165945	0.000721501	0.000721501	
0.0013986	0.0013986	0.0013986	0.13986	0.462937	0.232168	0.109091	0.0013986	0.0321678	0.0167832	0.0013986	
0.00606061	0.00606061	0.00606061	0.00606061	0.139394	0.472727	0.206061	0.139394	0.00606061	0.00606061	0.00606061	
0.00826446	0.00826446	0.00826446	0.00826446	0.00826446	0.0991736	0.190083	0.0991736	0.371901	0.190083	0.00826446	
0.030303	0.030303	0.030303	0.030303	0.030303	0.030303	0.030303	0.363636	0.363636	0.030303	0.030303	
0.0454545	0.0454545	0.0454545	0.0454545	0.0454545	0.0454545	0.545455	0.0454545	0.0454545	0.0454545	0.0454545	
0.030303	0.030303	0.030303	0.030303	0.030303	0.030303	0.030303	0.030303	0.030303	0.363636	0.363636	


Vector Pi :

0.00149031	0.329359	0.280179	0.214605	0.116244	0.0506706	0.00149031	0.00149031	0.00149031	0.00149031	0.00149031	


Vector Phi :

0.00082713	0.358974	0.266336	0.19603	0.0984285	0.0512821	0.0124069	0.00909843	0.00248139	0.00165426	0.00248139	
