
Parameters: 11 states AND 11 symbols

Matrix A :

0.0909091	0.0909091	0.0909091	0.0909091	0.0909091	0.0909091	0.0909091	0.0909091	0.0909091	0.0909091	0.0909091	
9.19202e-05	0.92628	0.066826	0.00514753	9.19202e-05	0.00110304	9.19202e-05	9.19202e-05	9.19202e-05	9.19202e-05	9.19202e-05	
0.000579039	0.408222	0.446439	0.0961204	0.0260567	0.000579039	0.0133179	0.000579039	0.000579039	0.000579039	0.00694847	
0.00293255	0.196481	0.390029	0.0997067	0.228739	0.0674487	0.00293255	0.00293255	0.00293255	0.00293255	0.00293255	
0.00568182	0.0681818	0.380682	0.380682	0.130682	0.00568182	0.00568182	0.00568182	0.00568182	0.00568182	0.00568182	
0.0181818	0.0181818	0.218182	0.218182	0.218182	0.218182	0.0181818	0.0181818	0.0181818	0.0181818	0.0181818	
0.0181818	0.0181818	0.218182	0.0181818	0.218182	0.0181818	0.418182	0.0181818	0.0181818	0.0181818	0.0181818	
0.0909091	0.0909091	0.0909091	0.0909091	0.0909091	0.0909091	0.0909091	0.0909091	0.0909091	0.0909091	0.0909091	
0.0909091	0.0909091	0.0909091	0.0909091	0.0909091	0.0909091	0.0909091	0.0909091	0.0909091	0.0909091	0.0909091	
0.0909091	0.0909091	0.0909091	0.0909091	0.0909091	0.0909091	0.0909091	0.0909091	0.0909091	0.0909091	0.0909091	
0.0454545	0.545455	0.0454545	0.0454545	0.0454545	0.0454545	0.0454545	0.0454545	0.0454545	0.0454545	0.0454545	


Matrix B :

0.0909091	0.0909091	0.0909091	0.0909091	0.0909091	0.0909091	0.0909091	0.0909091	0.0909091	0.0909091	0.0909091	
8.76655e-05	0.318313	0.385816	0.195845	0.0589112	0.02516	0.0116595	0.00201631	0.00201631	8.76655e-05	8.76655e-05	
0.000547645	0.084885	0.211391	0.331873	0.211391	0.0969332	0.024644	0.00657174	0.0186199	0.0125958	0.000547645	
0.00284091	0.00284091	0.0653409	0.284091	0.346591	0.252841	0.00284091	0.00284091	0.00284091	0.00284091	0.0340909	
0.00534759	0.00534759	0.0641711	0.240642	0.299465	0.299465	0.00534759	0.0641711	0.00534759	0.00534759	0.00534759	
0.0181818	0.0181818	0.0181818	0.218182	0.0181818	0.218182	0.218182	0.0181818	0.218182	0.0181818	0.0181818	
0.0151515	0.0151515	0.0151515	0.348485	0.0151515	0.348485	0.0151515	0.0151515	0.181818	0.0151515	0.0151515	
0.0909091	0.0909091	0.0909091	0.0909091	0.0909091	0.0909091	0.0909091	0.0909091	0.0909091	0.0909091	0.0909091	
0.0909091	0.0909091	0.0909091	0.0909091	0.0909091	0.0909091	0.0909091	0.0909091	0.0909091	0.0909091	0.0909091	
0.0909091	0.0909091	0.0909091	0.0909091	0.0909091	0.0909091	0.0909091	0.0909091	0.0909091	0.0909091	0.0909091	
0.0454545	0.0454545	0.545455	0.0454545	0.0454545	0.0454545	0.0454545	0.0454545	0.0454545	0.0454545	0.0454545	


Vector Pi :

0.00149031	0.788376	0.149031	0.0178838	0.0178838	0.00149031	0.0178838	0.00149031	0.00149031	0.00149031	0.00149031	


Vector Phi :

0.00082713	0.818031	0.129859	0.025641	0.0132341	0.00413565	0.00413565	0.00082713	0.00082713	0.00082713	0.00165426	
