
Parameters: 11 states AND 11 symbols

Matrix A :

0.0454545	0.0454545	0.0454545	0.0454545	0.0454545	0.0454545	0.0454545	0.0454545	0.0454545	0.0454545	0.545455	
0.000140726	0.863918	0.127076	0.00788066	0.000140726	0.000140726	0.000140726	0.000140726	0.000140726	0.000140726	0.000140726	
0.000299043	0.266746	0.592404	0.125299	0.0134569	0.000299043	0.000299043	0.000299043	0.000299043	0.000299043	0.000299043	
0.000757576	0.0340909	0.300758	0.500758	0.134091	0.0174242	0.00909091	0.000757576	0.000757576	0.000757576	0.000757576	
0.00154083	0.01849	0.103236	0.238829	0.42527	0.154083	0.0523883	0.00154083	0.00154083	0.00154083	0.00154083	
0.00284091	0.0340909	0.00284091	0.0340909	0.315341	0.440341	0.0965909	0.0653409	0.00284091	0.00284091	0.00284091	
0.00478469	0.00478469	0.00478469	0.0574163	0.110048	0.267943	0.320574	0.162679	0.0574163	0.00478469	0.00478469	
0.00757576	0.00757576	0.00757576	0.00757576	0.00757576	0.0909091	0.340909	0.340909	0.0909091	0.0909091	0.00757576	
0.0227273	0.0227273	0.0227273	0.0227273	0.0227273	0.0227273	0.272727	0.272727	0.0227273	0.272727	0.0227273	
0.0227273	0.0227273	0.0227273	0.0227273	0.0227273	0.0227273	0.0227273	0.272727	0.272727	0.0227273	0.272727	
0.363636	0.030303	0.030303	0.030303	0.030303	0.030303	0.030303	0.030303	0.030303	0.363636	0.030303	


Matrix B :

0.0454545	0.0454545	0.0454545	0.0454545	0.0454545	0.545455	0.0454545	0.0454545	0.0454545	0.0454545	0.0454545	
0.000134481	0.313744	0.353685	0.192442	0.094809	0.038596	0.00457235	0.000134481	0.00161377	0.000134481	0.000134481	
0.000284091	0.0409091	0.437784	0.244034	0.144034	0.0784091	0.0409091	0.00965909	0.00340909	0.000284091	0.000284091	
0.00071582	0.00858984	0.236936	0.347173	0.16607	0.134574	0.0322119	0.0400859	0.00858984	0.0243379	0.00071582	
0.001443	0.001443	0.0966811	0.334776	0.207792	0.0808081	0.176046	0.049062	0.001443	0.033189	0.017316	
0.00275482	0.00275482	0.0633609	0.426997	0.366391	0.00275482	0.00275482	0.0330579	0.0633609	0.00275482	0.0330579	
0.00478469	0.00478469	0.110048	0.373206	0.478469	0.00478469	0.00478469	0.00478469	0.00478469	0.00478469	0.00478469	
0.00699301	0.00699301	0.00699301	0.237762	0.545455	0.160839	0.00699301	0.00699301	0.00699301	0.00699301	0.00699301	
0.0181818	0.0181818	0.0181818	0.618182	0.218182	0.0181818	0.0181818	0.0181818	0.0181818	0.0181818	0.0181818	
0.0227273	0.0227273	0.0227273	0.272727	0.272727	0.272727	0.0227273	0.0227273	0.0227273	0.0227273	0.0227273	
0.030303	0.030303	0.030303	0.030303	0.030303	0.69697	0.030303	0.030303	0.030303	0.030303	0.030303	


Vector Pi :

0.00149031	0.493294	0.247392	0.116244	0.0834575	0.0178838	0.00149031	0.0178838	0.0178838	0.00149031	0.00149031	


Vector Phi :

0.00162413	0.538997	0.254155	0.0989294	0.0468009	0.0256466	0.0152755	0.0096674	0.00323174	0.00323769	0.00243421	
