
Parameters: 11 states AND 11 symbols

Matrix A :

0.0909091	0.0909091	0.0909091	0.0909091	0.0909091	0.0909091	0.0909091	0.0909091	0.0909091	0.0909091	0.0909091	
8.46453e-05	0.947012	0.041053	0.00846453	0.00101574	8.46453e-05	8.46453e-05	0.00101574	0.00101574	8.46453e-05	8.46453e-05	
0.0010101	0.512121	0.367677	0.0454545	0.0343434	0.0121212	0.0121212	0.0010101	0.0010101	0.0010101	0.0121212	
0.00413223	0.27686	0.27686	0.27686	0.00413223	0.00413223	0.0950413	0.00413223	0.0495868	0.00413223	0.00413223	
0.0113636	0.136364	0.386364	0.136364	0.261364	0.0113636	0.0113636	0.0113636	0.0113636	0.0113636	0.0113636	
0.0454545	0.0454545	0.545455	0.0454545	0.0454545	0.0454545	0.0454545	0.0454545	0.0454545	0.0454545	0.0454545	
0.0227273	0.272727	0.272727	0.0227273	0.272727	0.0227273	0.0227273	0.0227273	0.0227273	0.0227273	0.0227273	
0.0454545	0.545455	0.0454545	0.0454545	0.0454545	0.0454545	0.0454545	0.0454545	0.0454545	0.0454545	0.0454545	
0.030303	0.363636	0.363636	0.030303	0.030303	0.030303	0.030303	0.030303	0.030303	0.030303	0.030303	
0.0909091	0.0909091	0.0909091	0.0909091	0.0909091	0.0909091	0.0909091	0.0909091	0.0909091	0.0909091	0.0909091	
0.0454545	0.545455	0.0454545	0.0454545	0.0454545	0.0454545	0.0454545	0.0454545	0.0454545	0.0454545	0.0454545	


Matrix B :

0.0909091	0.0909091	0.0909091	0.0909091	0.0909091	0.0909091	0.0909091	0.0909091	0.0909091	0.0909091	0.0909091	
8.06647e-05	0.2015	0.315964	0.245866	0.129628	0.0648544	0.0293619	0.00895378	0.00185529	0.00185529	8.06647e-05	
0.000967118	0.000967118	0.0967118	0.23501	0.192456	0.213733	0.139265	0.0754352	0.032882	0.0116054	0.000967118	
0.00363636	0.00363636	0.0836364	0.163636	0.203636	0.283636	0.0836364	0.0836364	0.00363636	0.00363636	0.0836364	
0.0113636	0.0113636	0.136364	0.136364	0.136364	0.261364	0.136364	0.0113636	0.0113636	0.0113636	0.136364	
0.0454545	0.0454545	0.0454545	0.0454545	0.545455	0.0454545	0.0454545	0.0454545	0.0454545	0.0454545	0.0454545	
0.0227273	0.0227273	0.272727	0.0227273	0.0227273	0.522727	0.0227273	0.0227273	0.0227273	0.0227273	0.0227273	
0.0454545	0.0454545	0.0454545	0.0454545	0.0454545	0.545455	0.0454545	0.0454545	0.0454545	0.0454545	0.0454545	
0.030303	0.030303	0.030303	0.030303	0.69697	0.030303	0.030303	0.030303	0.030303	0.030303	0.030303	
0.0909091	0.0909091	0.0909091	0.0909091	0.0909091	0.0909091	0.0909091	0.0909091	0.0909091	0.0909091	0.0909091	
0.0454545	0.0454545	0.0454545	0.0454545	0.0454545	0.0454545	0.0454545	0.0454545	0.545455	0.0454545	0.0454545	


Vector Pi :

0.00149031	0.853949	0.0670641	0.0670641	0.00149031	0.00149031	0.00149031	0.00149031	0.00149031	0.00149031	0.00149031	


Vector Phi :

0.000809727	0.890471	0.0738815	0.0170106	0.00652777	0.00163063	0.00317705	0.00163884	0.00241205	0.000809727	0.00163063	
