
Parameters: 11 states AND 11 symbols

Matrix A :

0.0909091	0.0909091	0.0909091	0.0909091	0.0909091	0.0909091	0.0909091	0.0909091	0.0909091	0.0909091	0.0909091	
0.000151263	0.812131	0.179852	0.00680684	0.000151263	0.000151263	0.000151263	0.000151263	0.000151263	0.000151263	0.000151263	
0.000283206	0.296233	0.504956	0.168508	0.0252053	0.000283206	0.00339847	0.000283206	0.000283206	0.000283206	0.000283206	
0.000590319	0.0785124	0.260331	0.435655	0.156434	0.0525384	0.0135773	0.000590319	0.000590319	0.000590319	0.000590319	
0.00135685	0.0759837	0.12076	0.329715	0.255088	0.150611	0.046133	0.0162822	0.00135685	0.00135685	0.00135685	
0.00293255	0.00293255	0.0674487	0.0674487	0.390029	0.293255	0.131965	0.0351906	0.00293255	0.00293255	0.00293255	
0.00568182	0.00568182	0.00568182	0.193182	0.255682	0.0681818	0.130682	0.193182	0.00568182	0.130682	0.00568182	
0.0113636	0.0113636	0.0113636	0.136364	0.136364	0.136364	0.261364	0.136364	0.136364	0.0113636	0.0113636	
0.030303	0.030303	0.030303	0.030303	0.030303	0.030303	0.363636	0.363636	0.030303	0.030303	0.030303	
0.0227273	0.0227273	0.0227273	0.0227273	0.0227273	0.272727	0.0227273	0.0227273	0.0227273	0.272727	0.272727	
0.030303	0.030303	0.030303	0.030303	0.030303	0.030303	0.030303	0.030303	0.363636	0.030303	0.363636	


Matrix B :

0.0909091	0.0909091	0.0909091	0.0909091	0.0909091	0.0909091	0.0909091	0.0909091	0.0909091	0.0909091	0.0909091	
0.000142714	0.411446	0.381618	0.150849	0.040959	0.0111317	0.00328243	0.000142714	0.000142714	0.000142714	0.000142714	
0.000268168	0.0150174	0.463395	0.395548	0.0858139	0.0297667	0.00616787	0.00321802	0.000268168	0.000268168	0.000268168	
0.000582751	0.000582751	0.0582751	0.43007	0.385198	0.0839161	0.0262238	0.000582751	0.000582751	0.000582751	0.0134033	
0.00135685	0.00135685	0.00135685	0.0759837	0.34464	0.359566	0.0909091	0.0909091	0.0162822	0.0162822	0.00135685	
0.00284091	0.00284091	0.00284091	0.0340909	0.127841	0.252841	0.284091	0.284091	0.00284091	0.00284091	0.00284091	
0.00534759	0.00534759	0.00534759	0.00534759	0.240642	0.240642	0.181818	0.240642	0.00534759	0.00534759	0.0641711	
0.010101	0.010101	0.010101	0.010101	0.010101	0.010101	0.121212	0.232323	0.454545	0.010101	0.121212	
0.030303	0.030303	0.030303	0.030303	0.030303	0.030303	0.030303	0.363636	0.030303	0.363636	0.030303	
0.0227273	0.0227273	0.0227273	0.0227273	0.0227273	0.0227273	0.272727	0.0227273	0.0227273	0.0227273	0.522727	
0.0227273	0.0227273	0.0227273	0.0227273	0.0227273	0.0227273	0.272727	0.522727	0.0227273	0.0227273	0.0227273	


Vector Pi :

0.00149031	0.591654	0.296572	0.0342772	0.00149031	0.0178838	0.0178838	0.0178838	0.00149031	0.00149031	0.0178838	


Vector Phi :

0.00082713	0.497105	0.265509	0.127378	0.0554177	0.025641	0.0132341	0.00661704	0.00248139	0.00330852	0.00248139	
