
Parameters: 11 states AND 11 symbols

Matrix A :

0.0909091	0.0909091	0.0909091	0.0909091	0.0909091	0.0909091	0.0909091	0.0909091	0.0909091	0.0909091	0.0909091	
0.000145222	0.813244	0.158292	0.020912	0.006535	0.000145222	0.000145222	0.000145222	0.000145222	0.000145222	0.000145222	
0.000343053	0.35506	0.426758	0.162607	0.0418525	0.00789022	0.00411664	0.000343053	0.000343053	0.000343053	0.000343053	
0.000644745	0.107028	0.255964	0.376531	0.17795	0.0361057	0.0148291	0.0290135	0.000644745	0.000644745	0.000644745	
0.00108225	0.0606061	0.132035	0.274892	0.298701	0.143939	0.0487013	0.012987	0.012987	0.012987	0.00108225	
0.00227273	0.0522727	0.102273	0.152273	0.252273	0.227273	0.102273	0.0522727	0.0272727	0.0272727	0.00227273	
0.00478469	0.00478469	0.0574163	0.0574163	0.267943	0.267943	0.110048	0.162679	0.0574163	0.00478469	0.00478469	
0.00534759	0.00534759	0.00534759	0.00534759	0.122995	0.358289	0.122995	0.122995	0.181818	0.00534759	0.0641711	
0.012987	0.012987	0.012987	0.012987	0.012987	0.012987	0.441558	0.155844	0.012987	0.155844	0.155844	
0.0181818	0.0181818	0.0181818	0.218182	0.0181818	0.0181818	0.0181818	0.618182	0.0181818	0.0181818	0.0181818	
0.0227273	0.0227273	0.0227273	0.0227273	0.272727	0.0227273	0.0227273	0.0227273	0.0227273	0.272727	0.272727	


Matrix B :

0.0909091	0.0909091	0.0909091	0.0909091	0.0909091	0.0909091	0.0909091	0.0909091	0.0909091	0.0909091	0.0909091	
0.00013816	0.384637	0.389196	0.138436	0.0654877	0.0153357	0.00165792	0.00317767	0.00165792	0.00013816	0.00013816	
0.000327011	0.0147155	0.439176	0.370831	0.0866579	0.0614781	0.0219097	0.000327011	0.00392413	0.000327011	0.000327011	
0.000618429	0.000618429	0.0686456	0.558442	0.2047	0.0958565	0.0278293	0.0414348	0.000618429	0.000618429	0.000618429	
0.00103306	0.00103306	0.0237603	0.216942	0.432851	0.160124	0.114669	0.035124	0.0123967	0.00103306	0.00103306	
0.00221729	0.00221729	0.00221729	0.075388	0.31929	0.31929	0.124169	0.124169	0.00221729	0.0266075	0.00221729	
0.00478469	0.00478469	0.00478469	0.00478469	0.267943	0.425837	0.215311	0.00478469	0.00478469	0.0574163	0.00478469	
0.00505051	0.00505051	0.00505051	0.00505051	0.171717	0.171717	0.227273	0.116162	0.282828	0.00505051	0.00505051	
0.010101	0.010101	0.010101	0.010101	0.010101	0.343434	0.121212	0.343434	0.010101	0.121212	0.010101	
0.0151515	0.0151515	0.0151515	0.0151515	0.0151515	0.0151515	0.348485	0.0151515	0.181818	0.348485	0.0151515	
0.0227273	0.0227273	0.0227273	0.0227273	0.0227273	0.272727	0.272727	0.0227273	0.0227273	0.0227273	0.272727	


Vector Pi :

0.00149031	0.52608	0.214605	0.099851	0.0670641	0.0178838	0.00149031	0.0178838	0.0342772	0.0178838	0.00149031	


Vector Phi :

0.00082713	0.517783	0.219189	0.116625	0.0694789	0.0330852	0.0157155	0.0140612	0.00578991	0.00413565	0.00330852	
