
Parameters: 11 states AND 11 symbols

Matrix A :

0.0909091	0.0909091	0.0909091	0.0909091	0.0909091	0.0909091	0.0909091	0.0909091	0.0909091	0.0909091	0.0909091	
9.6302e-05	0.91641	0.0763675	0.00539291	0.00115562	9.6302e-05	9.6302e-05	9.6302e-05	9.6302e-05	9.6302e-05	9.6302e-05	
0.000531632	0.427432	0.427432	0.111643	0.0239234	0.00637959	0.000531632	0.000531632	0.000531632	0.000531632	0.000531632	
0.00174825	0.0979021	0.386364	0.386364	0.0594406	0.0402098	0.00174825	0.020979	0.00174825	0.00174825	0.00174825	
0.00568182	0.0681818	0.255682	0.255682	0.193182	0.193182	0.00568182	0.00568182	0.00568182	0.00568182	0.00568182	
0.00909091	0.00909091	0.00909091	0.309091	0.209091	0.209091	0.209091	0.00909091	0.00909091	0.00909091	0.00909091	
0.030303	0.030303	0.030303	0.030303	0.030303	0.030303	0.030303	0.363636	0.363636	0.030303	0.030303	
0.0151515	0.0151515	0.0151515	0.0151515	0.348485	0.181818	0.0151515	0.181818	0.0151515	0.0151515	0.181818	
0.0454545	0.0454545	0.0454545	0.0454545	0.0454545	0.0454545	0.0454545	0.545455	0.0454545	0.0454545	0.0454545	
0.0909091	0.0909091	0.0909091	0.0909091	0.0909091	0.0909091	0.0909091	0.0909091	0.0909091	0.0909091	0.0909091	
0.030303	0.030303	0.030303	0.030303	0.030303	0.030303	0.030303	0.363636	0.030303	0.030303	0.363636	


Matrix B :

0.0909091	0.0909091	0.0909091	0.0909091	0.0909091	0.0909091	0.0909091	0.0909091	0.0909091	0.0909091	0.0909091	
9.17347e-05	0.354279	0.385561	0.159527	0.0636639	0.0202734	0.00816439	0.00412806	0.00110082	0.00311898	9.17347e-05	
0.000510725	0.0061287	0.298264	0.343207	0.16905	0.107252	0.0454545	0.0173647	0.0117467	0.000510725	0.000510725	
0.0015949	0.0015949	0.0366826	0.247209	0.247209	0.264753	0.15949	0.0015949	0.0191388	0.0191388	0.0015949	
0.00568182	0.00568182	0.00568182	0.130682	0.193182	0.193182	0.0681818	0.0681818	0.0681818	0.130682	0.130682	
0.00909091	0.00909091	0.00909091	0.00909091	0.409091	0.309091	0.109091	0.00909091	0.109091	0.00909091	0.00909091	
0.030303	0.030303	0.030303	0.030303	0.030303	0.363636	0.363636	0.030303	0.030303	0.030303	0.030303	
0.155844	0.012987	0.012987	0.012987	0.012987	0.012987	0.727273	0.012987	0.012987	0.012987	0.012987	
0.0454545	0.0454545	0.0454545	0.0454545	0.0454545	0.0454545	0.0454545	0.0454545	0.0454545	0.545455	0.0454545	
0.0909091	0.0909091	0.0909091	0.0909091	0.0909091	0.0909091	0.0909091	0.0909091	0.0909091	0.0909091	0.0909091	
0.030303	0.030303	0.030303	0.030303	0.030303	0.030303	0.030303	0.69697	0.030303	0.030303	0.030303	


Vector Pi :

0.00149031	0.755589	0.132638	0.0834575	0.00149031	0.00149031	0.00149031	0.0178838	0.00149031	0.00149031	0.00149031	


Vector Phi :

0.000821833	0.782827	0.139996	0.0426886	0.0131363	0.00820858	0.00246355	0.0049285	0.00164302	0.000821833	0.00246488	
