
Parameters: 11 states AND 11 symbols

Matrix A :

0.090909	0.090909	0.090909	0.090909	0.090909	0.090909	0.090909	0.090909	0.090909	0.090909	0.090909	
0.000158	0.981028	0.010593	0.000158	0.001897	0.000158	0.000158	0.001897	0.000158	0.000158	0.003636	
0.006494	0.363636	0.292208	0.149351	0.149351	0.006494	0.006494	0.006494	0.006494	0.006494	0.006494	
0.018182	0.218182	0.218182	0.218182	0.018182	0.218182	0.018182	0.018182	0.018182	0.018182	0.018182	
0.022727	0.272727	0.272727	0.272727	0.022727	0.022727	0.022727	0.022727	0.022727	0.022727	0.022727	
0.045455	0.545455	0.045455	0.045455	0.045455	0.045455	0.045455	0.045455	0.045455	0.045455	0.045455	
0.090909	0.090909	0.090909	0.090909	0.090909	0.090909	0.090909	0.090909	0.090909	0.090909	0.090909	
0.045455	0.045455	0.545455	0.045455	0.045455	0.045455	0.045455	0.045455	0.045455	0.045455	0.045455	
0.090909	0.090909	0.090909	0.090909	0.090909	0.090909	0.090909	0.090909	0.090909	0.090909	0.090909	
0.090909	0.090909	0.090909	0.090909	0.090909	0.090909	0.090909	0.090909	0.090909	0.090909	0.090909	
0.030303	0.696970	0.030303	0.030303	0.030303	0.030303	0.030303	0.030303	0.030303	0.030303	0.030303	


Matrix B :

0.090909	0.090909	0.090909	0.090909	0.090909	0.090909	0.090909	0.090909	0.090909	0.090909	0.090909	
0.001806	0.270018	0.289886	0.225316	0.101144	0.058098	0.029952	0.006773	0.006773	0.006773	0.003462	
0.006061	0.072727	0.406061	0.072727	0.206061	0.006061	0.006061	0.072727	0.006061	0.139394	0.006061	
0.018182	0.018182	0.218182	0.218182	0.018182	0.018182	0.018182	0.218182	0.218182	0.018182	0.018182	
0.022727	0.022727	0.022727	0.522727	0.272727	0.022727	0.022727	0.022727	0.022727	0.022727	0.022727	
0.045455	0.045455	0.045455	0.545455	0.045455	0.045455	0.045455	0.045455	0.045455	0.045455	0.045455	
0.090909	0.090909	0.090909	0.090909	0.090909	0.090909	0.090909	0.090909	0.090909	0.090909	0.090909	
0.045455	0.045455	0.045455	0.045455	0.545455	0.045455	0.045455	0.045455	0.045455	0.045455	0.045455	
0.090909	0.090909	0.090909	0.090909	0.090909	0.090909	0.090909	0.090909	0.090909	0.090909	0.090909	
0.090909	0.090909	0.090909	0.090909	0.090909	0.090909	0.090909	0.090909	0.090909	0.090909	0.090909	
0.030303	0.030303	0.363636	0.030303	0.030303	0.030303	0.030303	0.030303	0.363636	0.030303	0.030303	


Vector Pi :

0.002933	0.938416	0.035191	0.002933	0.002933	0.002933	0.002933	0.002933	0.002933	0.002933	0.002933	


Vector Phi :

0.001642	0.944171	0.022989	0.008210	0.006568	0.003284	0.001642	0.003284	0.001642	0.001642	0.004926	
