
Parameters: 11 states AND 11 symbols

Matrix A :

0.0909091	0.0909091	0.0909091	0.0909091	0.0909091	0.0909091	0.0909091	0.0909091	0.0909091	0.0909091	0.0909091	
0.000123518	0.907732	0.0789279	0.0055583	0.0055583	0.00148221	0.000123518	0.000123518	0.000123518	0.000123518	0.000123518	
0.000365097	0.241329	0.650968	0.0806864	0.0204454	0.00438116	0.000365097	0.000365097	0.000365097	0.000365097	0.000365097	
0.00115075	0.0644419	0.304948	0.456847	0.115075	0.0264672	0.0264672	0.00115075	0.00115075	0.00115075	0.00115075	
0.00197628	0.0237154	0.0454545	0.349802	0.262846	0.15415	0.0889328	0.0671937	0.00197628	0.00197628	0.00197628	
0.003367	0.0774411	0.0774411	0.0774411	0.373737	0.188552	0.0774411	0.114478	0.003367	0.003367	0.003367	
0.00568182	0.00568182	0.00568182	0.00568182	0.318182	0.193182	0.255682	0.00568182	0.193182	0.00568182	0.00568182	
0.00454545	0.00454545	0.00454545	0.00454545	0.00454545	0.354545	0.0545455	0.304545	0.154545	0.104545	0.00454545	
0.00568182	0.00568182	0.00568182	0.00568182	0.00568182	0.00568182	0.0681818	0.380682	0.380682	0.00568182	0.130682	
0.0181818	0.0181818	0.0181818	0.0181818	0.0181818	0.0181818	0.218182	0.218182	0.418182	0.0181818	0.0181818	
0.0181818	0.0181818	0.0181818	0.0181818	0.0181818	0.0181818	0.0181818	0.0181818	0.218182	0.418182	0.218182	


Matrix B :

0.0909091	0.0909091	0.0909091	0.0909091	0.0909091	0.0909091	0.0909091	0.0909091	0.0909091	0.0909091	0.0909091	
0.000117606	0.367517	0.348112	0.170881	0.0777373	0.0234035	0.0104669	0.00141127	0.000117606	0.000117606	0.000117606	
0.000345662	0.0497753	0.445213	0.293121	0.137228	0.0611822	0.000345662	0.00795022	0.00414794	0.000345662	0.000345662	
0.00110865	0.00110865	0.110865	0.318182	0.281596	0.184035	0.037694	0.0254989	0.037694	0.00110865	0.00110865	
0.00193424	0.00193424	0.065764	0.193424	0.235977	0.257253	0.108317	0.0444874	0.065764	0.0232108	0.00193424	
0.0031348	0.0031348	0.0031348	0.0376176	0.382445	0.210031	0.0721003	0.175549	0.106583	0.0031348	0.0031348	
0.00568182	0.00568182	0.00568182	0.00568182	0.0681818	0.0681818	0.318182	0.318182	0.130682	0.00568182	0.0681818	
0.00413223	0.00413223	0.00413223	0.00413223	0.00413223	0.0495868	0.231405	0.140496	0.413223	0.0950413	0.0495868	
0.00568182	0.00568182	0.00568182	0.00568182	0.00568182	0.00568182	0.00568182	0.193182	0.693182	0.0681818	0.00568182	
0.0151515	0.0151515	0.0151515	0.0151515	0.0151515	0.0151515	0.0151515	0.681818	0.0151515	0.181818	0.0151515	
0.0181818	0.0181818	0.0181818	0.0181818	0.0181818	0.0181818	0.0181818	0.0181818	0.418182	0.418182	0.0181818	


Vector Pi :

0.00149031	0.591654	0.230999	0.0506706	0.0178838	0.0342772	0.00149031	0.0342772	0.00149031	0.0178838	0.0178838	


Vector Phi :

0.000761668	0.621676	0.208165	0.0650836	0.037316	0.0214012	0.0125442	0.0151926	0.0116883	0.0033923	0.00277839	
