
Parameters: 11 states AND 11 symbols

Matrix A :

0.0454545	0.0454545	0.0454545	0.0454545	0.0454545	0.0454545	0.0454545	0.0454545	0.0454545	0.0454545	0.545455	
0.000169607	0.785617	0.186737	0.020692	0.00390095	0.00203528	0.000169607	0.000169607	0.000169607	0.000169607	0.000169607	
0.000282326	0.310841	0.497177	0.152456	0.0189159	0.0189159	0.000282326	0.000282326	0.000282326	0.000282326	0.000282326	
0.000561167	0.0808081	0.321549	0.401796	0.148709	0.0314254	0.00673401	0.000561167	0.000561167	0.00673401	0.000561167	
0.00131752	0.030303	0.0447958	0.363636	0.334651	0.175231	0.0447958	0.00131752	0.00131752	0.00131752	0.00131752	
0.0015949	0.0015949	0.0542265	0.177033	0.212121	0.334928	0.141946	0.0542265	0.0191388	0.0015949	0.0015949	
0.00293255	0.00293255	0.0674487	0.0351906	0.0351906	0.293255	0.422287	0.131965	0.00293255	0.00293255	0.00293255	
0.00649351	0.00649351	0.0779221	0.00649351	0.00649351	0.220779	0.292208	0.220779	0.0779221	0.0779221	0.00649351	
0.0227273	0.0227273	0.0227273	0.0227273	0.0227273	0.0227273	0.0227273	0.272727	0.272727	0.272727	0.0227273	
0.181818	0.0151515	0.0151515	0.0151515	0.0151515	0.0151515	0.181818	0.181818	0.0151515	0.348485	0.0151515	
0.0454545	0.0454545	0.0454545	0.0454545	0.0454545	0.0454545	0.0454545	0.545455	0.0454545	0.0454545	0.0454545	


Matrix B :

0.0454545	0.0454545	0.0454545	0.0454545	0.0454545	0.0454545	0.0454545	0.545455	0.0454545	0.0454545	0.0454545	
0.00015977	0.276082	0.344624	0.182937	0.112638	0.0370666	0.0300367	0.0107046	0.00367471	0.00191724	0.00015977	
0.000275482	0.0305785	0.436639	0.257851	0.130579	0.0669421	0.0366391	0.0275482	0.00633609	0.000275482	0.00633609	
0.000531632	0.000531632	0.117491	0.503456	0.17597	0.082403	0.0882509	0.0239234	0.000531632	0.00637959	0.000531632	
0.00126263	0.00126263	0.0151515	0.167929	0.445707	0.181818	0.15404	0.0290404	0.00126263	0.00126263	0.00126263	
0.00149031	0.00149031	0.00149031	0.165425	0.165425	0.296572	0.230999	0.099851	0.0178838	0.0178838	0.00149031	
0.00284091	0.00284091	0.00284091	0.0340909	0.190341	0.284091	0.221591	0.159091	0.0653409	0.0340909	0.00284091	
0.00606061	0.00606061	0.00606061	0.00606061	0.339394	0.272727	0.206061	0.00606061	0.00606061	0.0727273	0.0727273	
0.0227273	0.0227273	0.0227273	0.0227273	0.272727	0.522727	0.0227273	0.0227273	0.0227273	0.0227273	0.0227273	
0.012987	0.012987	0.012987	0.012987	0.012987	0.727273	0.155844	0.012987	0.012987	0.012987	0.012987	
0.0454545	0.0454545	0.0454545	0.0454545	0.0454545	0.0454545	0.545455	0.0454545	0.0454545	0.0454545	0.0454545	


Vector Pi :

0.00149031	0.52608	0.132638	0.149031	0.0506706	0.0834575	0.0178838	0.0178838	0.00149031	0.0178838	0.00149031	


Vector Phi :

0.00162771	0.449105	0.267845	0.133627	0.0564546	0.0453752	0.024966	0.0112728	0.00322176	0.00487585	0.00162892	
