
Parameters: 11 states AND 11 symbols

Matrix A :

0.090909	0.090909	0.090909	0.090909	0.090909	0.090909	0.090909	0.090909	0.090909	0.090909	0.090909	
0.000358	0.681460	0.209019	0.063350	0.016106	0.008232	0.004295	0.004295	0.004295	0.004295	0.004295	
0.000705	0.419309	0.310782	0.155743	0.070472	0.023961	0.000705	0.000705	0.008457	0.000705	0.008457	
0.001466	0.243402	0.340176	0.162757	0.098240	0.049853	0.033724	0.017595	0.001466	0.001466	0.049853	
0.002597	0.202597	0.231169	0.116883	0.088312	0.116883	0.116883	0.059740	0.059740	0.002597	0.002597	
0.003135	0.072100	0.106583	0.141066	0.175549	0.210031	0.141066	0.141066	0.003135	0.003135	0.003135	
0.002841	0.034091	0.096591	0.096591	0.190341	0.159091	0.252841	0.034091	0.096591	0.034091	0.002841	
0.004329	0.051948	0.004329	0.051948	0.051948	0.051948	0.337662	0.242424	0.099567	0.051948	0.051948	
0.004132	0.004132	0.004132	0.049587	0.004132	0.140496	0.095041	0.185950	0.276860	0.185950	0.049587	
0.010101	0.010101	0.010101	0.121212	0.010101	0.010101	0.232323	0.121212	0.343434	0.010101	0.121212	
0.008264	0.008264	0.008264	0.099174	0.008264	0.099174	0.099174	0.099174	0.280992	0.099174	0.190083	


Matrix B :

0.090909	0.090909	0.090909	0.090909	0.090909	0.090909	0.090909	0.090909	0.090909	0.090909	0.090909	
0.000339	0.496608	0.332429	0.123474	0.037653	0.004071	0.004071	0.000339	0.000339	0.000339	0.000339	
0.000678	0.202171	0.440977	0.239484	0.075305	0.008141	0.015604	0.015604	0.000678	0.000678	0.000678	
0.001377	0.092287	0.577135	0.168044	0.122590	0.016529	0.016529	0.001377	0.001377	0.001377	0.001377	
0.002597	0.059740	0.231169	0.459740	0.145455	0.031169	0.031169	0.002597	0.031169	0.002597	0.002597	
0.002933	0.035191	0.099707	0.390029	0.260997	0.164223	0.035191	0.002933	0.002933	0.002933	0.002933	
0.002755	0.002755	0.214876	0.275482	0.275482	0.123967	0.002755	0.063361	0.002755	0.002755	0.033058	
0.004132	0.140496	0.049587	0.049587	0.322314	0.140496	0.095041	0.004132	0.049587	0.049587	0.095041	
0.003788	0.087121	0.170455	0.170455	0.337121	0.003788	0.045455	0.045455	0.003788	0.087121	0.045455	
0.010101	0.010101	0.343434	0.232323	0.232323	0.121212	0.010101	0.010101	0.010101	0.010101	0.010101	
0.007576	0.174242	0.340909	0.090909	0.090909	0.257576	0.007576	0.007576	0.007576	0.007576	0.007576	


Vector Pi :

0.002933	0.454545	0.164223	0.131965	0.002933	0.067449	0.035191	0.035191	0.067449	0.002933	0.035191	


Vector Phi :

0.001653	0.419835	0.213223	0.102479	0.057851	0.047934	0.052893	0.034711	0.036364	0.014876	0.018182	
