
Parameters: 11 states AND 11 symbols

Matrix A :

0.090909	0.090909	0.090909	0.090909	0.090909	0.090909	0.090909	0.090909	0.090909	0.090909	0.090909	
0.000344	0.754132	0.163223	0.060950	0.007920	0.000344	0.004132	0.004132	0.000344	0.000344	0.004132	
0.000758	0.384091	0.367424	0.150758	0.050758	0.017424	0.000758	0.009091	0.009091	0.009091	0.000758	
0.001057	0.128964	0.303383	0.384778	0.117336	0.035941	0.012685	0.012685	0.001057	0.001057	0.001057	
0.002755	0.093664	0.154270	0.305785	0.123967	0.154270	0.093664	0.002755	0.033058	0.002755	0.033058	
0.004545	0.054545	0.004545	0.104545	0.104545	0.154545	0.204545	0.254545	0.104545	0.004545	0.004545	
0.003953	0.047431	0.047431	0.177866	0.221344	0.047431	0.264822	0.177866	0.003953	0.003953	0.003953	
0.004132	0.049587	0.004132	0.095041	0.049587	0.095041	0.185950	0.231405	0.185950	0.095041	0.004132	
0.005348	0.005348	0.005348	0.005348	0.064171	0.122995	0.181818	0.181818	0.358289	0.005348	0.064171	
0.012987	0.012987	0.012987	0.012987	0.012987	0.155844	0.012987	0.155844	0.155844	0.155844	0.298701	
0.007576	0.090909	0.007576	0.090909	0.007576	0.007576	0.007576	0.007576	0.090909	0.174242	0.507576	


Matrix B :

0.090909	0.090909	0.090909	0.090909	0.090909	0.090909	0.090909	0.090909	0.090909	0.090909	0.090909	
0.000329	0.304677	0.511199	0.130764	0.036561	0.014822	0.000329	0.000329	0.000329	0.000329	0.000329	
0.000722	0.064214	0.500722	0.349928	0.072150	0.008658	0.000722	0.000722	0.000722	0.000722	0.000722	
0.001021	0.034729	0.405516	0.360572	0.102145	0.057201	0.034729	0.001021	0.001021	0.001021	0.001021	
0.002674	0.002674	0.208556	0.443850	0.237968	0.061497	0.032086	0.002674	0.002674	0.002674	0.002674	
0.004132	0.004132	0.322314	0.367769	0.140496	0.095041	0.049587	0.004132	0.004132	0.004132	0.004132	
0.003497	0.003497	0.157343	0.195804	0.388112	0.234266	0.003497	0.003497	0.003497	0.003497	0.003497	
0.003788	0.003788	0.087121	0.087121	0.253788	0.378788	0.003788	0.045455	0.045455	0.087121	0.003788	
0.005051	0.005051	0.005051	0.227273	0.227273	0.338384	0.005051	0.005051	0.060606	0.005051	0.116162	
0.012987	0.012987	0.012987	0.155844	0.298701	0.155844	0.012987	0.012987	0.298701	0.012987	0.012987	
0.007576	0.007576	0.007576	0.090909	0.507576	0.174242	0.090909	0.007576	0.090909	0.007576	0.007576	


Vector Pi :

0.002933	0.390029	0.196481	0.067449	0.067449	0.067449	0.099707	0.067449	0.035191	0.002933	0.002933	


Vector Phi :

0.001642	0.437296	0.198967	0.143938	0.052759	0.032715	0.037597	0.036109	0.027840	0.011498	0.019639	
