
Parameters: 11 states AND 11 symbols

Matrix A :

0.0454545	0.0454545	0.0454545	0.0454545	0.0454545	0.0454545	0.0454545	0.0454545	0.0454545	0.0454545	0.545455	
0.000123686	0.932096	0.0667904	0.000123686	0.000123686	0.000123686	0.000123686	0.000123686	0.000123686	0.000123686	0.000123686	
0.000285878	0.154374	0.777015	0.0600343	0.00657519	0.000285878	0.000285878	0.000285878	0.000285878	0.000285878	0.000285878	
0.000937207	0.0112465	0.207123	0.732896	0.031865	0.0112465	0.000937207	0.000937207	0.000937207	0.000937207	0.000937207	
0.00478469	0.00478469	0.00478469	0.215311	0.583732	0.110048	0.0574163	0.00478469	0.00478469	0.00478469	0.00478469	
0.0113636	0.0113636	0.0113636	0.136364	0.136364	0.386364	0.261364	0.0113636	0.0113636	0.0113636	0.0113636	
0.0181818	0.0181818	0.0181818	0.0181818	0.0181818	0.218182	0.218182	0.218182	0.218182	0.0181818	0.0181818	
0.0227273	0.0227273	0.0227273	0.0227273	0.272727	0.0227273	0.0227273	0.272727	0.272727	0.0227273	0.0227273	
0.0181818	0.0181818	0.218182	0.0181818	0.0181818	0.0181818	0.0181818	0.218182	0.218182	0.0181818	0.218182	
0.0909091	0.0909091	0.0909091	0.0909091	0.0909091	0.0909091	0.0909091	0.0909091	0.0909091	0.0909091	0.0909091	
0.181818	0.0151515	0.0151515	0.0151515	0.0151515	0.0151515	0.0151515	0.0151515	0.181818	0.0151515	0.515152	


Matrix B :

0.0454545	0.0454545	0.0454545	0.0454545	0.0454545	0.0454545	0.545455	0.0454545	0.0454545	0.0454545	0.0454545	
0.000117454	0.221048	0.41097	0.226216	0.0944327	0.0298332	0.0104534	0.0065774	0.000117454	0.000117454	0.000117454	
0.000272183	0.000272183	0.155961	0.41644	0.284703	0.102069	0.0302123	0.00326619	0.00626021	0.000272183	0.000272183	
0.000909091	0.000909091	0.0609091	0.150909	0.280909	0.180909	0.150909	0.0609091	0.0809091	0.0309091	0.000909091	
0.00454545	0.00454545	0.154545	0.204545	0.204545	0.254545	0.0545455	0.00454545	0.104545	0.00454545	0.00454545	
0.0113636	0.0113636	0.136364	0.261364	0.261364	0.0113636	0.0113636	0.0113636	0.0113636	0.0113636	0.261364	
0.0181818	0.0181818	0.218182	0.418182	0.0181818	0.0181818	0.0181818	0.0181818	0.0181818	0.0181818	0.218182	
0.0227273	0.0227273	0.272727	0.522727	0.0227273	0.0227273	0.0227273	0.0227273	0.0227273	0.0227273	0.0227273	
0.0181818	0.0181818	0.218182	0.418182	0.0181818	0.218182	0.0181818	0.0181818	0.0181818	0.0181818	0.0181818	
0.0909091	0.0909091	0.0909091	0.0909091	0.0909091	0.0909091	0.0909091	0.0909091	0.0909091	0.0909091	0.0909091	
0.012987	0.012987	0.012987	0.155844	0.298701	0.155844	0.298701	0.012987	0.012987	0.012987	0.012987	


Vector Pi :

0.00149031	0.624441	0.263785	0.0670641	0.0178838	0.00149031	0.00149031	0.00149031	0.00149031	0.00149031	0.0178838	


Vector Phi :

0.00162454	0.619669	0.263171	0.076744	0.015335	0.00644099	0.00403756	0.00324107	0.00405294	0.000812666	0.00487118	
