
Parameters: 11 states AND 11 symbols

Matrix A :

0.0454545	0.0454545	0.0454545	0.0454545	0.0454545	0.0454545	0.0454545	0.0454545	0.0454545	0.0454545	0.545455	
0.000123518	0.907732	0.0857213	0.00284091	0.00148221	0.000123518	0.000123518	0.000123518	0.00148221	0.000123518	0.000123518	
0.000328192	0.231375	0.624877	0.133902	0.0039383	0.0039383	0.000328192	0.000328192	0.000328192	0.000328192	0.000328192	
0.000909091	0.0409091	0.360909	0.430909	0.130909	0.0309091	0.000909091	0.000909091	0.000909091	0.000909091	0.000909091	
0.00252525	0.00252525	0.0858586	0.391414	0.391414	0.0858586	0.030303	0.00252525	0.00252525	0.00252525	0.00252525	
0.004329	0.004329	0.0519481	0.0519481	0.242424	0.337662	0.242424	0.0519481	0.004329	0.004329	0.004329	
0.00568182	0.00568182	0.00568182	0.0681818	0.0681818	0.255682	0.380682	0.193182	0.00568182	0.00568182	0.00568182	
0.010101	0.010101	0.010101	0.010101	0.010101	0.121212	0.343434	0.343434	0.121212	0.010101	0.010101	
0.030303	0.030303	0.030303	0.030303	0.030303	0.030303	0.030303	0.363636	0.030303	0.030303	0.363636	
0.0454545	0.0454545	0.0454545	0.0454545	0.0454545	0.545455	0.0454545	0.0454545	0.0454545	0.0454545	0.0454545	
0.363636	0.030303	0.030303	0.030303	0.030303	0.030303	0.030303	0.030303	0.030303	0.363636	0.030303	


Matrix B :

0.0454545	0.0454545	0.0454545	0.0454545	0.0454545	0.0454545	0.0454545	0.0454545	0.545455	0.0454545	0.0454545	
0.000117302	0.335601	0.387214	0.167859	0.0646334	0.0233431	0.0104399	0.00656891	0.00398827	0.000117302	0.000117302	
0.00031348	0.0485893	0.352038	0.28652	0.155486	0.0934169	0.0278997	0.00376176	0.00376176	0.00721003	0.0210031	
0.000865801	0.0103896	0.191342	0.277056	0.258009	0.115152	0.0580087	0.038961	0.0103896	0.0199134	0.0199134	
0.00239234	0.00239234	0.133971	0.318182	0.239234	0.186603	0.0287081	0.0813397	0.00239234	0.00239234	0.00239234	
0.004329	0.0519481	0.0519481	0.194805	0.4329	0.147186	0.0519481	0.004329	0.0519481	0.004329	0.004329	
0.00568182	0.00568182	0.00568182	0.193182	0.318182	0.193182	0.0681818	0.130682	0.0681818	0.00568182	0.00568182	
0.00909091	0.00909091	0.209091	0.309091	0.209091	0.209091	0.00909091	0.00909091	0.00909091	0.00909091	0.00909091	
0.030303	0.030303	0.030303	0.030303	0.363636	0.030303	0.030303	0.030303	0.363636	0.030303	0.030303	
0.0454545	0.0454545	0.0454545	0.0454545	0.545455	0.0454545	0.0454545	0.0454545	0.0454545	0.0454545	0.0454545	
0.030303	0.030303	0.030303	0.030303	0.030303	0.030303	0.030303	0.363636	0.363636	0.030303	0.030303	


Vector Pi :

0.00149031	0.624441	0.214605	0.099851	0.0342772	0.00149031	0.00149031	0.0178838	0.00149031	0.00149031	0.00149031	


Vector Phi :

0.00164179	0.615599	0.228636	0.0807657	0.0292448	0.0171127	0.013057	0.00736167	0.0024743	0.00164179	0.00246558	
