
Parameters: 11 states AND 11 symbols

Matrix A :

0.090909	0.090909	0.090909	0.090909	0.090909	0.090909	0.090909	0.090909	0.090909	0.090909	0.090909	
0.000268	0.894073	0.082864	0.012068	0.006168	0.000268	0.000268	0.000268	0.000268	0.003218	0.000268	
0.001212	0.334545	0.334545	0.187879	0.027879	0.014545	0.041212	0.001212	0.014545	0.027879	0.014545	
0.001783	0.099822	0.256684	0.335116	0.099822	0.040998	0.060606	0.060606	0.021390	0.001783	0.021390	
0.004132	0.049587	0.185950	0.276860	0.231405	0.049587	0.095041	0.004132	0.095041	0.004132	0.004132	
0.005348	0.005348	0.064171	0.240642	0.181818	0.358289	0.005348	0.064171	0.064171	0.005348	0.005348	
0.006993	0.083916	0.083916	0.083916	0.083916	0.160839	0.083916	0.083916	0.160839	0.160839	0.006993	
0.006993	0.006993	0.006993	0.160839	0.160839	0.160839	0.083916	0.083916	0.314685	0.006993	0.006993	
0.003497	0.041958	0.003497	0.041958	0.003497	0.041958	0.041958	0.234266	0.349650	0.157343	0.080420	
0.004545	0.054545	0.054545	0.004545	0.004545	0.054545	0.104545	0.004545	0.204545	0.254545	0.254545	
0.003247	0.038961	0.038961	0.003247	0.038961	0.003247	0.003247	0.003247	0.038961	0.181818	0.646104	


Matrix B :

0.090909	0.090909	0.090909	0.090909	0.090909	0.090909	0.090909	0.090909	0.090909	0.090909	0.090909	
0.000256	0.321383	0.279129	0.169270	0.104481	0.076312	0.022791	0.011524	0.008707	0.003073	0.003073	
0.001136	0.101136	0.188636	0.326136	0.076136	0.113636	0.101136	0.013636	0.038636	0.001136	0.038636	
0.001748	0.040210	0.270979	0.194056	0.155594	0.213287	0.059441	0.001748	0.001748	0.020979	0.040210	
0.004132	0.004132	0.276860	0.231405	0.140496	0.140496	0.095041	0.049587	0.004132	0.049587	0.004132	
0.005051	0.005051	0.338384	0.227273	0.171717	0.005051	0.060606	0.005051	0.060606	0.005051	0.116162	
0.006494	0.006494	0.077922	0.363636	0.292208	0.006494	0.149351	0.077922	0.006494	0.006494	0.006494	
0.006494	0.006494	0.006494	0.220779	0.077922	0.149351	0.077922	0.220779	0.077922	0.149351	0.006494	
0.003135	0.003135	0.037618	0.072100	0.003135	0.210031	0.210031	0.175549	0.175549	0.106583	0.003135	
0.004545	0.004545	0.004545	0.104545	0.054545	0.154545	0.304545	0.154545	0.104545	0.054545	0.054545	
0.003030	0.003030	0.003030	0.003030	0.103030	0.136364	0.336364	0.103030	0.103030	0.169697	0.036364	


Vector Pi :

0.002933	0.519062	0.164223	0.067449	0.002933	0.035191	0.002933	0.035191	0.099707	0.002933	0.067449	


Vector Phi :

0.001674	0.558557	0.123304	0.082145	0.036444	0.028575	0.023268	0.021747	0.043754	0.033710	0.046822	
