
Parameters: 11 states AND 11 symbols

Matrix A :

0.090909	0.090909	0.090909	0.090909	0.090909	0.090909	0.090909	0.090909	0.090909	0.090909	0.090909	
0.000351	0.815023	0.120042	0.031239	0.008073	0.004212	0.004212	0.000351	0.004212	0.004212	0.008073	
0.000874	0.347028	0.366259	0.106643	0.106643	0.048951	0.000874	0.000874	0.010490	0.000874	0.010490	
0.002020	0.135354	0.379798	0.202020	0.135354	0.090909	0.046465	0.002020	0.002020	0.002020	0.002020	
0.001653	0.001653	0.183471	0.183471	0.347107	0.110744	0.092562	0.056198	0.019835	0.001653	0.001653	
0.003030	0.036364	0.169697	0.003030	0.236364	0.203030	0.203030	0.069697	0.069697	0.003030	0.003030	
0.002597	0.002597	0.031169	0.116883	0.231169	0.116883	0.316883	0.145455	0.002597	0.002597	0.031169	
0.003367	0.040404	0.003367	0.077441	0.003367	0.114478	0.262626	0.410774	0.040404	0.040404	0.003367	
0.006993	0.006993	0.006993	0.006993	0.006993	0.006993	0.083916	0.160839	0.468531	0.237762	0.006993	
0.010101	0.010101	0.010101	0.010101	0.010101	0.010101	0.121212	0.121212	0.010101	0.232323	0.454545	
0.003367	0.151515	0.003367	0.003367	0.040404	0.003367	0.003367	0.077441	0.003367	0.040404	0.670034	


Matrix B :

0.090909	0.090909	0.090909	0.090909	0.090909	0.090909	0.090909	0.090909	0.090909	0.090909	0.090909	
0.000328	0.610436	0.271086	0.072530	0.025599	0.014769	0.003938	0.000328	0.000328	0.000328	0.000328	
0.000819	0.406224	0.343161	0.144963	0.081900	0.009828	0.009828	0.000819	0.000819	0.000819	0.000819	
0.002020	0.113131	0.579798	0.202020	0.046465	0.024242	0.024242	0.002020	0.002020	0.002020	0.002020	
0.001595	0.124402	0.299841	0.352472	0.177033	0.019139	0.001595	0.019139	0.001595	0.001595	0.001595	
0.003030	0.036364	0.436364	0.303030	0.136364	0.036364	0.003030	0.036364	0.003030	0.003030	0.003030	
0.002457	0.110565	0.272727	0.218673	0.272727	0.110565	0.002457	0.002457	0.002457	0.002457	0.002457	
0.003247	0.074675	0.253247	0.146104	0.181818	0.181818	0.074675	0.003247	0.003247	0.074675	0.003247	
0.006993	0.006993	0.006993	0.083916	0.237762	0.237762	0.083916	0.160839	0.006993	0.006993	0.160839	
0.010101	0.121212	0.010101	0.232323	0.343434	0.232323	0.010101	0.010101	0.010101	0.010101	0.010101	
0.003367	0.077441	0.188552	0.114478	0.410774	0.077441	0.077441	0.040404	0.003367	0.003367	0.003367	


Vector Pi :

0.002933	0.551320	0.260997	0.002933	0.067449	0.002933	0.067449	0.035191	0.002933	0.002933	0.002933	


Vector Phi :

0.001647	0.432316	0.169607	0.074035	0.090298	0.049273	0.057579	0.044424	0.021392	0.014849	0.044581	
