
Parameters: 11 states AND 11 symbols

Matrix A :

0.090909	0.090909	0.090909	0.090909	0.090909	0.090909	0.090909	0.090909	0.090909	0.090909	0.090909	
0.000237	0.916686	0.065512	0.000237	0.005459	0.000237	0.000237	0.002848	0.000237	0.002848	0.005459	
0.001181	0.325856	0.442739	0.118064	0.040142	0.027155	0.014168	0.014168	0.001181	0.014168	0.001181	
0.003788	0.045455	0.378788	0.295455	0.087121	0.170455	0.003788	0.003788	0.003788	0.003788	0.003788	
0.006494	0.149351	0.149351	0.149351	0.006494	0.077922	0.149351	0.077922	0.220779	0.006494	0.006494	
0.006993	0.006993	0.083916	0.160839	0.160839	0.006993	0.083916	0.083916	0.237762	0.083916	0.083916	
0.005682	0.130682	0.005682	0.130682	0.193182	0.068182	0.255682	0.130682	0.005682	0.068182	0.005682	
0.005348	0.005348	0.240642	0.005348	0.005348	0.122995	0.181818	0.181818	0.122995	0.064171	0.064171	
0.005348	0.005348	0.064171	0.005348	0.005348	0.122995	0.122995	0.122995	0.417112	0.122995	0.005348	
0.005051	0.060606	0.005051	0.005051	0.005051	0.005051	0.060606	0.282828	0.060606	0.338384	0.171717	
0.003636	0.043636	0.003636	0.043636	0.043636	0.003636	0.003636	0.003636	0.003636	0.163636	0.683636	


Matrix B :

0.090909	0.090909	0.090909	0.090909	0.090909	0.090909	0.090909	0.090909	0.090909	0.090909	0.090909	
0.000228	0.546594	0.255867	0.113010	0.037822	0.035316	0.002734	0.000228	0.002734	0.000228	0.005240	
0.001109	0.501109	0.305987	0.098670	0.025499	0.025499	0.037694	0.001109	0.001109	0.001109	0.001109	
0.003497	0.118881	0.618881	0.157343	0.003497	0.080420	0.003497	0.003497	0.003497	0.003497	0.003497	
0.006061	0.406061	0.339394	0.139394	0.006061	0.006061	0.072727	0.006061	0.006061	0.006061	0.006061	
0.006494	0.292208	0.292208	0.077922	0.292208	0.006494	0.006494	0.006494	0.006494	0.006494	0.006494	
0.005348	0.358289	0.299465	0.181818	0.005348	0.122995	0.005348	0.005348	0.005348	0.005348	0.005348	
0.005348	0.181818	0.240642	0.122995	0.299465	0.064171	0.064171	0.005348	0.005348	0.005348	0.005348	
0.005051	0.116162	0.171717	0.282828	0.338384	0.060606	0.005051	0.005051	0.005051	0.005051	0.005051	
0.004785	0.162679	0.267943	0.320574	0.110048	0.057416	0.057416	0.004785	0.004785	0.004785	0.004785	
0.003367	0.262626	0.225589	0.114478	0.040404	0.151515	0.077441	0.040404	0.003367	0.040404	0.040404	


Vector Pi :

0.002933	0.486804	0.164223	0.067449	0.035191	0.035191	0.067449	0.002933	0.035191	0.035191	0.067449	


Vector Phi :

0.001600	0.642908	0.126768	0.038619	0.022330	0.020764	0.023469	0.027036	0.027135	0.028877	0.040494	
