
Parameters: 11 states AND 11 symbols

Matrix A :

0.090909	0.090909	0.090909	0.090909	0.090909	0.090909	0.090909	0.090909	0.090909	0.090909	0.090909	
0.000209	0.956631	0.036906	0.002502	0.000209	0.002502	0.000209	0.000209	0.000209	0.000209	0.000209	
0.001357	0.270014	0.583446	0.090909	0.016282	0.016282	0.001357	0.001357	0.001357	0.016282	0.001357	
0.002525	0.002525	0.196970	0.558081	0.169192	0.030303	0.002525	0.002525	0.030303	0.002525	0.002525	
0.004545	0.004545	0.054545	0.304545	0.454545	0.104545	0.004545	0.054545	0.004545	0.004545	0.004545	
0.012987	0.012987	0.012987	0.012987	0.155844	0.012987	0.441558	0.155844	0.012987	0.155844	0.012987	
0.008264	0.008264	0.099174	0.190083	0.190083	0.099174	0.280992	0.099174	0.008264	0.008264	0.008264	
0.012987	0.012987	0.155844	0.012987	0.012987	0.012987	0.155844	0.298701	0.298701	0.012987	0.012987	
0.015152	0.015152	0.015152	0.015152	0.015152	0.015152	0.348485	0.015152	0.348485	0.181818	0.015152	
0.012987	0.012987	0.155844	0.012987	0.012987	0.012987	0.155844	0.155844	0.012987	0.012987	0.441558	
0.012987	0.012987	0.012987	0.012987	0.012987	0.012987	0.012987	0.012987	0.012987	0.441558	0.441558	


Matrix B :

0.090909	0.090909	0.090909	0.090909	0.090909	0.090909	0.090909	0.090909	0.090909	0.090909	0.090909	
0.000197	0.240978	0.371130	0.175902	0.086965	0.050089	0.047920	0.015382	0.011043	0.000197	0.000197	
0.001337	0.118984	0.236631	0.133690	0.236631	0.045455	0.074866	0.045455	0.104278	0.001337	0.001337	
0.002392	0.002392	0.291866	0.344498	0.028708	0.028708	0.028708	0.028708	0.133971	0.107656	0.002392	
0.004545	0.004545	0.104545	0.304545	0.304545	0.054545	0.004545	0.004545	0.054545	0.104545	0.054545	
0.012987	0.012987	0.012987	0.441558	0.155844	0.155844	0.012987	0.012987	0.012987	0.012987	0.155844	
0.008264	0.008264	0.099174	0.280992	0.371901	0.099174	0.008264	0.008264	0.099174	0.008264	0.008264	
0.011364	0.011364	0.261364	0.011364	0.011364	0.011364	0.261364	0.011364	0.011364	0.136364	0.261364	
0.012987	0.012987	0.155844	0.155844	0.012987	0.155844	0.441558	0.012987	0.012987	0.012987	0.012987	
0.012987	0.012987	0.012987	0.012987	0.155844	0.298701	0.441558	0.012987	0.012987	0.012987	0.012987	
0.012987	0.012987	0.012987	0.012987	0.012987	0.441558	0.155844	0.298701	0.012987	0.012987	0.012987	


Vector Pi :

0.002933	0.809384	0.035191	0.067449	0.002933	0.002933	0.002933	0.035191	0.035191	0.002933	0.002933	


Vector Phi :

0.001653	0.720635	0.110748	0.059511	0.033062	0.011571	0.018184	0.011572	0.009919	0.011572	0.011572	
