
Parameters: 11 states AND 11 symbols

Matrix A :

0.090909	0.090909	0.090909	0.090909	0.090909	0.090909	0.090909	0.090909	0.090909	0.090909	0.090909	
0.000784	0.388715	0.293887	0.086991	0.086991	0.069749	0.026646	0.018025	0.018025	0.000784	0.009404	
0.000866	0.343723	0.267532	0.134199	0.105628	0.058009	0.029437	0.010390	0.038961	0.000866	0.010390	
0.001399	0.170629	0.309091	0.216783	0.093706	0.047552	0.062937	0.062937	0.016783	0.016783	0.001399	
0.001748	0.251748	0.155594	0.194056	0.078671	0.174825	0.040210	0.001748	0.020979	0.020979	0.059441	
0.002114	0.071882	0.141649	0.118393	0.118393	0.118393	0.141649	0.071882	0.071882	0.025370	0.118393	
0.001976	0.023715	0.088933	0.110672	0.088933	0.088933	0.197628	0.088933	0.175889	0.045455	0.088933	
0.002165	0.073593	0.049784	0.073593	0.097403	0.025974	0.192641	0.145022	0.168831	0.073593	0.097403	
0.001684	0.038721	0.001684	0.038721	0.057239	0.038721	0.131313	0.168350	0.205387	0.223906	0.094276	
0.002597	0.031169	0.031169	0.002597	0.088312	0.031169	0.031169	0.088312	0.316883	0.231169	0.145455	
0.002217	0.026608	0.002217	0.026608	0.026608	0.075388	0.050998	0.221729	0.124169	0.148559	0.294900	


Matrix B :

0.090909	0.090909	0.090909	0.090909	0.090909	0.090909	0.090909	0.090909	0.090909	0.090909	0.090909	
0.000751	0.290008	0.405710	0.166041	0.083396	0.042074	0.000751	0.009016	0.000751	0.000751	0.000751	
0.000819	0.135954	0.370188	0.262080	0.190008	0.036855	0.000819	0.000819	0.000819	0.000819	0.000819	
0.001318	0.059289	0.218709	0.262187	0.276680	0.117260	0.030303	0.015810	0.001318	0.001318	0.015810	
0.001623	0.001623	0.323052	0.305195	0.269481	0.073052	0.001623	0.001623	0.001623	0.001623	0.019481	
0.002066	0.002066	0.252066	0.411157	0.252066	0.070248	0.002066	0.002066	0.002066	0.002066	0.002066	
0.001934	0.044487	0.172147	0.363636	0.193424	0.108317	0.023211	0.065764	0.023211	0.001934	0.001934	
0.002114	0.025370	0.048626	0.188161	0.397463	0.211416	0.095137	0.025370	0.002114	0.002114	0.002114	
0.001595	0.019139	0.071770	0.194577	0.334928	0.264753	0.054226	0.019139	0.019139	0.019139	0.001595	
0.002457	0.002457	0.137592	0.191646	0.218673	0.110565	0.137592	0.164619	0.002457	0.029484	0.002457	
0.002066	0.002066	0.047521	0.229339	0.252066	0.161157	0.092975	0.138430	0.070248	0.002066	0.002066	


Vector Pi :

0.002933	0.131965	0.228739	0.131965	0.131965	0.035191	0.035191	0.035191	0.099707	0.067449	0.099707	


Vector Phi :

0.001666	0.195124	0.173403	0.108249	0.086639	0.071688	0.076652	0.069997	0.089948	0.058313	0.068321	
