
Parameters: 11 states AND 11 symbols

Matrix A :

0.090909	0.090909	0.090909	0.090909	0.090909	0.090909	0.090909	0.090909	0.090909	0.090909	0.090909	
0.000181	0.922337	0.048086	0.010161	0.006169	0.008165	0.002177	0.000181	0.002177	0.000181	0.000181	
0.002217	0.465632	0.124169	0.172949	0.099778	0.075388	0.026608	0.002217	0.002217	0.002217	0.026608	
0.003953	0.351779	0.221344	0.221344	0.047431	0.003953	0.003953	0.047431	0.090909	0.003953	0.003953	
0.007576	0.257576	0.090909	0.340909	0.007576	0.007576	0.257576	0.007576	0.007576	0.007576	0.007576	
0.006494	0.292208	0.077922	0.077922	0.149351	0.220779	0.077922	0.006494	0.077922	0.006494	0.006494	
0.012987	0.012987	0.441558	0.012987	0.155844	0.298701	0.012987	0.012987	0.012987	0.012987	0.012987	
0.045455	0.045455	0.545455	0.045455	0.045455	0.045455	0.045455	0.045455	0.045455	0.045455	0.045455	
0.018182	0.618182	0.018182	0.018182	0.018182	0.218182	0.018182	0.018182	0.018182	0.018182	0.018182	
0.090909	0.090909	0.090909	0.090909	0.090909	0.090909	0.090909	0.090909	0.090909	0.090909	0.090909	
0.045455	0.545455	0.045455	0.045455	0.045455	0.045455	0.045455	0.045455	0.045455	0.045455	0.045455	


Matrix B :

0.090909	0.090909	0.090909	0.090909	0.090909	0.090909	0.090909	0.090909	0.090909	0.090909	0.090909	
0.000172	0.440626	0.291287	0.130607	0.075786	0.020966	0.020966	0.009624	0.005843	0.003953	0.000172	
0.002165	0.049784	0.335498	0.430736	0.073593	0.097403	0.002165	0.002165	0.002165	0.002165	0.002165	
0.003953	0.003953	0.177866	0.264822	0.438735	0.047431	0.047431	0.003953	0.003953	0.003953	0.003953	
0.006993	0.083916	0.314685	0.160839	0.237762	0.083916	0.006993	0.083916	0.006993	0.006993	0.006993	
0.006494	0.149351	0.006494	0.220779	0.006494	0.363636	0.006494	0.077922	0.006494	0.006494	0.149351	
0.012987	0.155844	0.012987	0.298701	0.298701	0.155844	0.012987	0.012987	0.012987	0.012987	0.012987	
0.045455	0.045455	0.045455	0.045455	0.545455	0.045455	0.045455	0.045455	0.045455	0.045455	0.045455	
0.018182	0.018182	0.218182	0.218182	0.218182	0.218182	0.018182	0.018182	0.018182	0.018182	0.018182	
0.090909	0.090909	0.090909	0.090909	0.090909	0.090909	0.090909	0.090909	0.090909	0.090909	0.090909	
0.045455	0.045455	0.045455	0.045455	0.545455	0.045455	0.045455	0.045455	0.045455	0.045455	0.045455	


Vector Pi :

0.002933	0.906158	0.035191	0.002933	0.035191	0.002933	0.002933	0.002933	0.002933	0.002933	0.002933	


Vector Phi :

0.001642	0.822660	0.067323	0.037767	0.019704	0.022989	0.011494	0.003284	0.008210	0.001642	0.003284	
