
Parameters: 11 states AND 11 symbols

Matrix A :

0.0909091	0.0909091	0.0909091	0.0909091	0.0909091	0.0909091	0.0909091	0.0909091	0.0909091	0.0909091	0.0909091	
0.000182183	0.765713	0.190563	0.0242303	0.0122062	0.00619421	0.000182183	0.000182183	0.000182183	0.000182183	0.000182183	
0.000278862	0.297825	0.518684	0.153653	0.0248187	0.000278862	0.00334635	0.000278862	0.000278862	0.000278862	0.000278862	
0.000519481	0.0976623	0.314805	0.417662	0.143377	0.0176623	0.00623377	0.000519481	0.000519481	0.000519481	0.000519481	
0.000977517	0.0117302	0.0654936	0.312805	0.345064	0.183773	0.054741	0.0117302	0.0117302	0.000977517	0.000977517	
0.00189394	0.0435606	0.00189394	0.168561	0.335227	0.251894	0.126894	0.0435606	0.0227273	0.00189394	0.00189394	
0.0030303	0.0030303	0.0030303	0.069697	0.10303	0.30303	0.40303	0.069697	0.0030303	0.0363636	0.0030303	
0.010101	0.010101	0.010101	0.010101	0.121212	0.121212	0.121212	0.121212	0.454545	0.010101	0.010101	
0.00699301	0.00699301	0.00699301	0.00699301	0.00699301	0.160839	0.160839	0.0839161	0.314685	0.160839	0.0839161	
0.012987	0.012987	0.012987	0.012987	0.012987	0.012987	0.155844	0.155844	0.298701	0.155844	0.155844	
0.0227273	0.0227273	0.0227273	0.0227273	0.0227273	0.0227273	0.0227273	0.0227273	0.0227273	0.522727	0.272727	


Matrix B :

0.0909091	0.0909091	0.0909091	0.0909091	0.0909091	0.0909091	0.0909091	0.0909091	0.0909091	0.0909091	0.0909091	
0.000172503	0.780059	0.199413	0.0172503	0.00207004	0.000172503	0.000172503	0.000172503	0.000172503	0.000172503	0.000172503	
0.00026738	0.23262	0.670856	0.094385	0.00026738	0.00026738	0.00026738	0.00026738	0.00026738	0.00026738	0.00026738	
0.000494071	0.027668	0.527668	0.370059	0.0657115	0.00592885	0.000494071	0.000494071	0.000494071	0.000494071	0.000494071	
0.000937207	0.0215558	0.24836	0.506092	0.145267	0.0731022	0.000937207	0.000937207	0.000937207	0.000937207	0.000937207	
0.00178253	0.00178253	0.0802139	0.452763	0.237077	0.197861	0.0213904	0.00178253	0.00178253	0.00178253	0.00178253	
0.0030303	0.0030303	0.069697	0.369697	0.269697	0.136364	0.136364	0.0030303	0.0030303	0.0030303	0.0030303	
0.010101	0.010101	0.010101	0.121212	0.343434	0.232323	0.121212	0.121212	0.010101	0.010101	0.010101	
0.00606061	0.00606061	0.00606061	0.00606061	0.739394	0.00606061	0.139394	0.00606061	0.00606061	0.0727273	0.00606061	
0.012987	0.012987	0.012987	0.012987	0.298701	0.155844	0.298701	0.012987	0.012987	0.155844	0.012987	
0.0227273	0.0227273	0.0227273	0.0227273	0.0227273	0.0227273	0.272727	0.0227273	0.0227273	0.0227273	0.522727	


Vector Pi :

0.00149031	0.444113	0.230999	0.149031	0.0834575	0.0506706	0.00149031	0.00149031	0.0342772	0.00149031	0.00149031	


Vector Phi :

0.000820412	0.41777	0.271126	0.144311	0.0753665	0.0391691	0.024485	0.00734512	0.0106115	0.00572281	0.0032723	
