
Parameters: 11 states AND 11 symbols

Matrix A :

0.090909	0.090909	0.090909	0.090909	0.090909	0.090909	0.090909	0.090909	0.090909	0.090909	0.090909	
0.000275	0.879429	0.096951	0.006317	0.003296	0.009338	0.000275	0.000275	0.000275	0.000275	0.003296	
0.000705	0.256519	0.566596	0.140240	0.031712	0.000705	0.000705	0.000705	0.000705	0.000705	0.000705	
0.002114	0.071882	0.397463	0.257928	0.048626	0.095137	0.071882	0.025370	0.025370	0.002114	0.002114	
0.004329	0.099567	0.147186	0.242424	0.290043	0.051948	0.004329	0.099567	0.051948	0.004329	0.004329	
0.006061	0.006061	0.139394	0.139394	0.139394	0.072727	0.206061	0.139394	0.072727	0.072727	0.006061	
0.007576	0.007576	0.007576	0.090909	0.174242	0.257576	0.090909	0.257576	0.090909	0.007576	0.007576	
0.005348	0.005348	0.064171	0.064171	0.122995	0.005348	0.240642	0.240642	0.181818	0.064171	0.005348	
0.005682	0.005682	0.005682	0.005682	0.068182	0.130682	0.068182	0.130682	0.380682	0.193182	0.005682	
0.007576	0.007576	0.007576	0.090909	0.007576	0.007576	0.007576	0.090909	0.174242	0.507576	0.090909	
0.011364	0.136364	0.011364	0.011364	0.011364	0.011364	0.011364	0.136364	0.011364	0.011364	0.636364	


Matrix B :

0.090909	0.090909	0.090909	0.090909	0.090909	0.090909	0.090909	0.090909	0.090909	0.090909	0.090909	
0.000260	0.266736	0.281063	0.218026	0.120604	0.057567	0.031779	0.011722	0.008856	0.003126	0.000260	
0.000664	0.110153	0.226941	0.168547	0.219642	0.124751	0.110153	0.022561	0.007963	0.000664	0.007963	
0.002066	0.024793	0.252066	0.183884	0.115702	0.252066	0.047521	0.070248	0.002066	0.024793	0.024793	
0.004132	0.049587	0.185950	0.231405	0.004132	0.185950	0.185950	0.140496	0.004132	0.004132	0.004132	
0.006061	0.072727	0.072727	0.206061	0.006061	0.206061	0.139394	0.072727	0.139394	0.006061	0.072727	
0.006993	0.006993	0.083916	0.160839	0.237762	0.160839	0.006993	0.237762	0.083916	0.006993	0.006993	
0.005051	0.005051	0.227273	0.116162	0.060606	0.227273	0.005051	0.227273	0.060606	0.005051	0.060606	
0.005682	0.005682	0.068182	0.193182	0.130682	0.130682	0.068182	0.130682	0.130682	0.068182	0.068182	
0.007576	0.007576	0.007576	0.090909	0.257576	0.424242	0.090909	0.090909	0.007576	0.007576	0.007576	
0.011364	0.011364	0.136364	0.261364	0.261364	0.261364	0.011364	0.011364	0.011364	0.011364	0.011364	


Vector Pi :

0.002933	0.583578	0.260997	0.067449	0.035191	0.002933	0.002933	0.035191	0.002933	0.002933	0.002933	


Vector Phi :

0.001694	0.543868	0.211612	0.069343	0.035473	0.025388	0.022046	0.029279	0.027368	0.020480	0.013449	
