
Parameters: 11 states AND 11 symbols

Matrix A :

0.0909091	0.0909091	0.0909091	0.0909091	0.0909091	0.0909091	0.0909091	0.0909091	0.0909091	0.0909091	0.0909091	
0.0002331	0.661772	0.277156	0.0438228	0.0156177	0.0002331	0.0002331	0.0002331	0.0002331	0.0002331	0.0002331	
0.000294204	0.362754	0.375699	0.220359	0.0294204	0.0100029	0.000294204	0.000294204	0.000294204	0.000294204	0.000294204	
0.000390168	0.0647679	0.309403	0.39524	0.180648	0.0433086	0.000390168	0.000390168	0.00468201	0.000390168	0.000390168	
0.000710227	0.0241477	0.0710227	0.34446	0.352273	0.133523	0.0632102	0.00852273	0.000710227	0.000710227	0.000710227	
0.0012987	0.0155844	0.0155844	0.12987	0.301299	0.372727	0.115584	0.0441558	0.0012987	0.0012987	0.0012987	
0.00227273	0.00227273	0.0522727	0.00227273	0.102273	0.277273	0.327273	0.202273	0.0272727	0.00227273	0.00227273	
0.00454545	0.00454545	0.00454545	0.104545	0.00454545	0.154545	0.354545	0.204545	0.104545	0.0545455	0.00454545	
0.0113636	0.0113636	0.0113636	0.0113636	0.0113636	0.0113636	0.261364	0.386364	0.136364	0.0113636	0.136364	
0.0227273	0.0227273	0.0227273	0.0227273	0.0227273	0.0227273	0.0227273	0.0227273	0.522727	0.272727	0.0227273	
0.0454545	0.0454545	0.0454545	0.0454545	0.0454545	0.0454545	0.0454545	0.0454545	0.0454545	0.545455	0.0454545	


Matrix B :

0.0909091	0.0909091	0.0909091	0.0909091	0.0909091	0.0909091	0.0909091	0.0909091	0.0909091	0.0909091	0.0909091	
0.000224467	0.55578	0.306397	0.101459	0.0323232	0.0026936	0.000224467	0.000224467	0.000224467	0.000224467	0.000224467	
0.000277162	0.445399	0.329545	0.152716	0.0399113	0.0094235	0.0216186	0.000277162	0.000277162	0.000277162	0.000277162	
0.000377216	0.120709	0.589589	0.1788	0.0501697	0.0294229	0.00452659	0.00867597	0.0128253	0.00452659	0.000377216	
0.000654022	0.00784827	0.497057	0.295618	0.151733	0.029431	0.000654022	0.00784827	0.000654022	0.000654022	0.00784827	
0.00126263	0.00126263	0.237374	0.487374	0.223485	0.0429293	0.00126263	0.00126263	0.00126263	0.00126263	0.00126263	
0.0021645	0.0021645	0.025974	0.383117	0.525974	0.0497835	0.0021645	0.0021645	0.0021645	0.0021645	0.0021645	
0.00413223	0.00413223	0.00413223	0.231405	0.504132	0.231405	0.00413223	0.00413223	0.00413223	0.00413223	0.00413223	
0.010101	0.010101	0.010101	0.121212	0.343434	0.232323	0.232323	0.010101	0.010101	0.010101	0.010101	
0.0227273	0.0227273	0.0227273	0.0227273	0.772727	0.0227273	0.0227273	0.0227273	0.0227273	0.0227273	0.0227273	
0.0454545	0.0454545	0.0454545	0.0454545	0.545455	0.0454545	0.0454545	0.0454545	0.0454545	0.0454545	0.0454545	


Vector Pi :

0.00149031	0.247392	0.312966	0.132638	0.181818	0.0178838	0.0506706	0.0342772	0.0178838	0.00149031	0.00149031	


Vector Phi :

0.000822735	0.323993	0.256669	0.193686	0.106453	0.0588139	0.0318761	0.0162478	0.00652801	0.00327266	0.00163874	
