
Parameters: 11 states AND 11 symbols

Matrix A :

0.0909091	0.0909091	0.0909091	0.0909091	0.0909091	0.0909091	0.0909091	0.0909091	0.0909091	0.0909091	0.0909091	
0.000261233	0.819227	0.149687	0.0175026	0.00600836	0.0031348	0.000261233	0.0031348	0.000261233	0.000261233	0.000261233	
0.000318979	0.189793	0.652951	0.123126	0.0143541	0.000318979	0.00733652	0.00382775	0.00382775	0.00382775	0.000318979	
0.000602047	0.0535822	0.23239	0.503913	0.139675	0.0270921	0.0204696	0.00722456	0.000602047	0.000602047	0.0138471	
0.000882613	0.000882613	0.0397176	0.243601	0.525154	0.136805	0.0300088	0.000882613	0.0105914	0.000882613	0.0105914	
0.00128041	0.0153649	0.0435339	0.0717029	0.212548	0.409731	0.198464	0.0294494	0.0153649	0.00128041	0.00128041	
0.001443	0.001443	0.017316	0.001443	0.0649351	0.223665	0.414141	0.207792	0.033189	0.017316	0.017316	
0.00171527	0.00171527	0.00171527	0.0394511	0.00171527	0.077187	0.22813	0.397942	0.246998	0.00171527	0.00171527	
0.00197628	0.00197628	0.0237154	0.0237154	0.00197628	0.0454545	0.0454545	0.262846	0.349802	0.15415	0.0889328	
0.00239234	0.00239234	0.00239234	0.00239234	0.0550239	0.0550239	0.00239234	0.0287081	0.186603	0.528708	0.133971	
0.00221729	0.00221729	0.0266075	0.00221729	0.00221729	0.00221729	0.00221729	0.00221729	0.0997783	0.197339	0.660754	


Matrix B :

0.0909091	0.0909091	0.0909091	0.0909091	0.0909091	0.0909091	0.0909091	0.0909091	0.0909091	0.0909091	0.0909091	
0.0002457	0.229975	0.311057	0.197543	0.140786	0.0813268	0.0272727	0.0110565	0.0002457	0.0002457	0.0002457	
0.000306091	0.0440771	0.232629	0.37741	0.205693	0.118151	0.0137741	0.0070401	0.000306091	0.000306091	0.000306091	
0.000579039	0.0324262	0.0961204	0.293573	0.236248	0.178923	0.0961204	0.0642733	0.000579039	0.000579039	0.000579039	
0.000865801	0.000865801	0.153247	0.115152	0.134199	0.229437	0.191342	0.115152	0.0484848	0.0103896	0.000865801	
0.00124533	0.00124533	0.0286426	0.288917	0.15193	0.179328	0.0971357	0.0560399	0.110834	0.0560399	0.0286426	
0.0013369	0.0013369	0.0307487	0.13369	0.0748663	0.236631	0.0895722	0.0748663	0.207219	0.118984	0.0307487	
0.0015674	0.0015674	0.0532915	0.0360502	0.15674	0.225705	0.139498	0.0532915	0.139498	0.122257	0.0705329	
0.00189394	0.00189394	0.0227273	0.126894	0.189394	0.126894	0.231061	0.147727	0.0435606	0.0435606	0.0643939	
0.00221729	0.00221729	0.00221729	0.197339	0.0997783	0.2949	0.27051	0.0266075	0.075388	0.0266075	0.00221729	
0.0021645	0.0021645	0.025974	0.145022	0.0497835	0.0974026	0.145022	0.192641	0.121212	0.121212	0.0974026	


Vector Pi :

0.00149031	0.345753	0.214605	0.099851	0.0342772	0.0342772	0.0834575	0.0834575	0.0342772	0.0506706	0.0178838	


Vector Phi :

0.000831793	0.292861	0.235979	0.125408	0.0856029	0.0590234	0.052357	0.0440604	0.0382297	0.0315755	0.0340717	
