
Parameters: 11 states AND 11 symbols

Matrix A :

0.045455	0.045455	0.045455	0.045455	0.045455	0.045455	0.045455	0.045455	0.045455	0.045455	0.545455	
0.000298	0.869151	0.121610	0.003577	0.000298	0.000298	0.000298	0.000298	0.003577	0.000298	0.000298	
0.000673	0.245118	0.541414	0.156229	0.037710	0.008081	0.008081	0.000673	0.000673	0.000673	0.000673	
0.001567	0.105016	0.294671	0.346395	0.105016	0.087774	0.053292	0.001567	0.001567	0.001567	0.001567	
0.002933	0.002933	0.196481	0.196481	0.357771	0.131965	0.099707	0.002933	0.002933	0.002933	0.002933	
0.004329	0.004329	0.051948	0.242424	0.290043	0.051948	0.147186	0.147186	0.051948	0.004329	0.004329	
0.005348	0.005348	0.005348	0.122995	0.064171	0.299465	0.181818	0.181818	0.064171	0.064171	0.005348	
0.006993	0.006993	0.006993	0.160839	0.006993	0.237762	0.083916	0.314685	0.160839	0.006993	0.006993	
0.083916	0.006993	0.006993	0.006993	0.083916	0.006993	0.160839	0.160839	0.391608	0.083916	0.006993	
0.015152	0.015152	0.015152	0.015152	0.015152	0.015152	0.015152	0.015152	0.348485	0.515152	0.015152	
0.022727	0.022727	0.022727	0.022727	0.022727	0.272727	0.022727	0.022727	0.022727	0.022727	0.522727	


Matrix B :

0.030303	0.030303	0.030303	0.030303	0.030303	0.030303	0.696970	0.030303	0.030303	0.030303	0.030303	
0.000288	0.218642	0.297756	0.234465	0.136364	0.047756	0.031933	0.016110	0.006617	0.006617	0.003452	
0.000627	0.055799	0.304075	0.324765	0.173041	0.090282	0.035110	0.007524	0.007524	0.000627	0.000627	
0.001490	0.050671	0.149031	0.362146	0.230999	0.149031	0.001490	0.017884	0.034277	0.001490	0.001490	
0.002841	0.002841	0.127841	0.127841	0.409091	0.159091	0.034091	0.065341	0.034091	0.034091	0.002841	
0.004132	0.004132	0.185950	0.185950	0.367769	0.231405	0.004132	0.004132	0.004132	0.004132	0.004132	
0.005348	0.005348	0.181818	0.358289	0.240642	0.005348	0.064171	0.064171	0.005348	0.064171	0.005348	
0.006993	0.083916	0.083916	0.314685	0.006993	0.237762	0.006993	0.160839	0.006993	0.083916	0.006993	
0.006494	0.006494	0.006494	0.006494	0.006494	0.363636	0.149351	0.149351	0.006494	0.006494	0.292208	
0.011364	0.011364	0.011364	0.011364	0.011364	0.761364	0.136364	0.011364	0.011364	0.011364	0.011364	
0.022727	0.022727	0.022727	0.022727	0.022727	0.772727	0.022727	0.022727	0.022727	0.022727	0.022727	


Vector Pi :

0.035191	0.357771	0.325513	0.099707	0.035191	0.035191	0.002933	0.002933	0.035191	0.067449	0.002933	


Vector Phi :

0.003306	0.504132	0.223140	0.095868	0.051240	0.034711	0.028099	0.021488	0.021488	0.009917	0.006612	
