
Parameters: 11 states AND 11 symbols

Matrix A :

0.0909091	0.0909091	0.0909091	0.0909091	0.0909091	0.0909091	0.0909091	0.0909091	0.0909091	0.0909091	0.0909091	
0.00021645	0.802597	0.171645	0.0121212	0.00497835	0.00497835	0.00021645	0.00021645	0.0025974	0.00021645	0.00021645	
0.000316756	0.251188	0.564777	0.167564	0.0072854	0.0072854	0.000316756	0.000316756	0.000316756	0.000316756	0.000316756	
0.000450045	0.0153015	0.243024	0.60441	0.109361	0.0153015	0.000450045	0.010351	0.000450045	0.000450045	0.000450045	
0.000988142	0.0444664	0.0118577	0.250988	0.522727	0.131423	0.0118577	0.0118577	0.0118577	0.000988142	0.000988142	
0.0016835	0.020202	0.0387205	0.020202	0.205387	0.464646	0.16835	0.0387205	0.020202	0.0016835	0.020202	
0.00284091	0.00284091	0.00284091	0.0653409	0.127841	0.221591	0.346591	0.190341	0.0340909	0.00284091	0.00284091	
0.003367	0.003367	0.040404	0.003367	0.040404	0.040404	0.225589	0.299663	0.262626	0.040404	0.040404	
0.0030303	0.0363636	0.0030303	0.0030303	0.0363636	0.0030303	0.10303	0.169697	0.269697	0.236364	0.136364	
0.00275482	0.00275482	0.00275482	0.00275482	0.00275482	0.0330579	0.0330579	0.0633609	0.214876	0.517906	0.123967	
0.00413223	0.00413223	0.00413223	0.00413223	0.00413223	0.00413223	0.00413223	0.00413223	0.140496	0.322314	0.504132	


Matrix B :

0.0909091	0.0909091	0.0909091	0.0909091	0.0909091	0.0909091	0.0909091	0.0909091	0.0909091	0.0909091	0.0909091	
0.000206143	0.288188	0.338075	0.149866	0.106782	0.0659658	0.0342197	0.0138116	0.00247372	0.000206143	0.000206143	
0.000302024	0.0833585	0.219571	0.252794	0.166415	0.119903	0.0634249	0.0634249	0.0202356	0.000302024	0.0102688	
0.000428816	0.0145798	0.222127	0.274014	0.250429	0.118353	0.0287307	0.0145798	0.0381647	0.0381647	0.000428816	
0.00094697	0.00094697	0.167614	0.33428	0.20928	0.14678	0.0530303	0.0842803	0.00094697	0.00094697	0.00094697	
0.0015674	0.0015674	0.105016	0.329154	0.242947	0.208464	0.105016	0.0015674	0.0015674	0.0015674	0.0015674	
0.00275482	0.00275482	0.0936639	0.396694	0.214876	0.245179	0.0330579	0.00275482	0.00275482	0.00275482	0.00275482	
0.00324675	0.00324675	0.146104	0.396104	0.253247	0.146104	0.038961	0.00324675	0.00324675	0.00324675	0.00324675	
0.0026738	0.0026738	0.0614973	0.44385	0.26738	0.149733	0.0026738	0.0320856	0.0320856	0.0026738	0.0026738	
0.0026738	0.0026738	0.0026738	0.355615	0.237968	0.355615	0.0320856	0.0026738	0.0026738	0.0026738	0.0026738	
0.00413223	0.00413223	0.00413223	0.18595	0.458678	0.322314	0.00413223	0.00413223	0.00413223	0.00413223	0.00413223	


Vector Pi :

0.00149031	0.362146	0.214605	0.165425	0.0670641	0.0670641	0.0178838	0.0178838	0.0670641	0.0178838	0.00149031	


Vector Phi :

0.000834677	0.347552	0.24048	0.168956	0.076866	0.0450918	0.0267199	0.0225467	0.0250387	0.027548	0.0183659	
