
Parameters: 11 states AND 11 symbols

Matrix A :

0.0909091	0.0909091	0.0909091	0.0909091	0.0909091	0.0909091	0.0909091	0.0909091	0.0909091	0.0909091	0.0909091	
0.000253229	0.805267	0.181312	0.00860977	0.00303874	0.000253229	0.000253229	0.000253229	0.000253229	0.000253229	0.000253229	
0.00026976	0.205018	0.635285	0.148638	0.00917184	0.00026976	0.00026976	0.00026976	0.00026976	0.00026976	0.00026976	
0.000377216	0.00452659	0.211995	0.655979	0.124859	0.000377216	0.000377216	0.000377216	0.000377216	0.000377216	0.000377216	
0.000857633	0.000857633	0.0385935	0.255575	0.48199	0.180103	0.0197256	0.0197256	0.000857633	0.000857633	0.000857633	
0.00128041	0.00128041	0.0153649	0.0294494	0.254802	0.522407	0.15621	0.0153649	0.00128041	0.00128041	0.00128041	
0.002457	0.002457	0.002457	0.002457	0.0565111	0.299754	0.461916	0.137592	0.029484	0.002457	0.002457	
0.00454545	0.00454545	0.00454545	0.00454545	0.00454545	0.154545	0.304545	0.304545	0.154545	0.0545455	0.00454545	
0.00757576	0.00757576	0.00757576	0.00757576	0.00757576	0.00757576	0.00757576	0.424242	0.340909	0.00757576	0.174242	
0.0181818	0.0181818	0.0181818	0.0181818	0.0181818	0.0181818	0.0181818	0.0181818	0.618182	0.0181818	0.218182	
0.00826446	0.00826446	0.00826446	0.00826446	0.00826446	0.00826446	0.00826446	0.00826446	0.00826446	0.280992	0.644628	


Matrix B :

0.0909091	0.0909091	0.0909091	0.0909091	0.0909091	0.0909091	0.0909091	0.0909091	0.0909091	0.0909091	0.0909091	
0.000243072	0.347837	0.270297	0.163345	0.128585	0.0456976	0.0189596	0.00826446	0.0109383	0.00291687	0.00291687	
0.000256805	0.243195	0.398562	0.172573	0.0680534	0.0737031	0.0285054	0.00308166	0.00873138	0.000256805	0.00308166	
0.00035791	0.0751611	0.488547	0.224767	0.0830351	0.0790981	0.02398	0.0121689	0.00429492	0.00429492	0.00429492	
0.000790514	0.00948617	0.32253	0.270356	0.192095	0.0790514	0.0616601	0.0268775	0.0268775	0.00948617	0.000790514	
0.0012285	0.0012285	0.0958231	0.244472	0.379607	0.109337	0.109337	0.041769	0.014742	0.0012285	0.0012285	
0.002457	0.002457	0.0565111	0.218673	0.2457	0.164619	0.0835381	0.110565	0.0835381	0.029484	0.002457	
0.004329	0.004329	0.0519481	0.0519481	0.337662	0.0995671	0.0995671	0.290043	0.004329	0.0519481	0.004329	
0.00699301	0.00699301	0.0839161	0.160839	0.237762	0.314685	0.160839	0.00699301	0.00699301	0.00699301	0.00699301	
0.0181818	0.0181818	0.0181818	0.0181818	0.218182	0.218182	0.0181818	0.218182	0.0181818	0.0181818	0.218182	
0.00757576	0.00757576	0.00757576	0.174242	0.0909091	0.507576	0.00757576	0.00757576	0.0909091	0.0909091	0.00757576	


Vector Pi :

0.00149031	0.230999	0.296572	0.214605	0.149031	0.0506706	0.00149031	0.0178838	0.0178838	0.00149031	0.0178838	


Vector Phi :

0.000832061	0.30193	0.279435	0.200073	0.0880526	0.0590015	0.0307546	0.0166282	0.00998064	0.00415964	0.00915186	
