
Parameters: 11 states AND 11 symbols

Matrix A :

0.090909	0.090909	0.090909	0.090909	0.090909	0.090909	0.090909	0.090909	0.090909	0.090909	0.090909	
0.000260	0.825475	0.126335	0.028914	0.008856	0.000260	0.003126	0.003126	0.000260	0.003126	0.000260	
0.000654	0.345978	0.518640	0.086985	0.007848	0.007848	0.000654	0.007848	0.007848	0.007848	0.007848	
0.002165	0.192641	0.383117	0.216450	0.145022	0.025974	0.025974	0.002165	0.002165	0.002165	0.002165	
0.004545	0.104545	0.154545	0.154545	0.204545	0.204545	0.054545	0.004545	0.104545	0.004545	0.004545	
0.008264	0.099174	0.008264	0.280992	0.190083	0.099174	0.099174	0.099174	0.008264	0.008264	0.099174	
0.006993	0.083916	0.006993	0.160839	0.006993	0.160839	0.314685	0.083916	0.083916	0.006993	0.083916	
0.012987	0.012987	0.298701	0.155844	0.155844	0.155844	0.155844	0.012987	0.012987	0.012987	0.012987	
0.011364	0.011364	0.011364	0.011364	0.261364	0.011364	0.136364	0.136364	0.011364	0.261364	0.136364	
0.010101	0.010101	0.010101	0.010101	0.010101	0.010101	0.232323	0.121212	0.121212	0.343434	0.121212	
0.015152	0.181818	0.181818	0.015152	0.015152	0.015152	0.015152	0.015152	0.348485	0.181818	0.015152	


Matrix B :

0.090909	0.090909	0.090909	0.090909	0.090909	0.090909	0.090909	0.090909	0.090909	0.090909	0.090909	
0.000246	0.159705	0.346192	0.259705	0.132678	0.054300	0.032678	0.013759	0.000246	0.000246	0.000246	
0.000627	0.014420	0.166144	0.248903	0.262696	0.179937	0.055799	0.062696	0.007524	0.000627	0.000627	
0.002066	0.002066	0.070248	0.183884	0.274793	0.161157	0.161157	0.047521	0.047521	0.024793	0.024793	
0.004545	0.004545	0.054545	0.104545	0.304545	0.304545	0.204545	0.004545	0.004545	0.004545	0.004545	
0.008264	0.008264	0.099174	0.008264	0.190083	0.190083	0.280992	0.099174	0.099174	0.008264	0.008264	
0.006494	0.006494	0.006494	0.149351	0.220779	0.077922	0.149351	0.149351	0.220779	0.006494	0.006494	
0.012987	0.012987	0.012987	0.012987	0.441558	0.155844	0.155844	0.155844	0.012987	0.012987	0.012987	
0.011364	0.011364	0.011364	0.261364	0.011364	0.136364	0.261364	0.261364	0.011364	0.011364	0.011364	
0.010101	0.010101	0.010101	0.010101	0.121212	0.121212	0.232323	0.121212	0.121212	0.010101	0.232323	
0.015152	0.015152	0.015152	0.015152	0.348485	0.015152	0.515152	0.015152	0.015152	0.015152	0.015152	


Vector Pi :

0.002933	0.648094	0.196481	0.099707	0.002933	0.002933	0.035191	0.002933	0.002933	0.002933	0.002933	


Vector Phi :

0.001637	0.581382	0.228862	0.067130	0.032561	0.017940	0.021272	0.011497	0.013096	0.014792	0.009831	
