
Parameters: 11 states AND 11 symbols

Matrix A :

0.0909091	0.0909091	0.0909091	0.0909091	0.0909091	0.0909091	0.0909091	0.0909091	0.0909091	0.0909091	0.0909091	
0.000236128	0.821015	0.163872	0.00802834	0.00543093	0.000236128	0.000236128	0.000236128	0.000236128	0.000236128	0.000236128	
0.000292312	0.186787	0.620871	0.167495	0.00993861	0.00993861	0.00350775	0.000292312	0.000292312	0.000292312	0.000292312	
0.00045683	0.0255825	0.231613	0.573321	0.13111	0.0205573	0.0105071	0.00548196	0.00045683	0.00045683	0.00045683	
0.000826446	0.00991736	0.0644628	0.228099	0.519008	0.128099	0.0190083	0.0190083	0.00991736	0.000826446	0.000826446	
0.00118064	0.0271547	0.0141677	0.0401417	0.182999	0.533648	0.118064	0.0531287	0.0271547	0.00118064	0.00118064	
0.0031348	0.0376176	0.0031348	0.0031348	0.175549	0.31348	0.244514	0.106583	0.0721003	0.0376176	0.0031348	
0.00293255	0.00293255	0.00293255	0.0351906	0.00293255	0.131965	0.196481	0.454545	0.131965	0.0351906	0.00293255	
0.00454545	0.00454545	0.00454545	0.00454545	0.104545	0.0545455	0.00454545	0.154545	0.304545	0.304545	0.0545455	
0.00534759	0.00534759	0.00534759	0.00534759	0.0641711	0.00534759	0.0641711	0.122995	0.0641711	0.358289	0.299465	
0.00454545	0.00454545	0.00454545	0.00454545	0.00454545	0.00454545	0.00454545	0.0545455	0.154545	0.104545	0.654545	


Matrix B :

0.0909091	0.0909091	0.0909091	0.0909091	0.0909091	0.0909091	0.0909091	0.0909091	0.0909091	0.0909091	0.0909091	
0.000225581	0.444394	0.399729	0.106925	0.0200767	0.0151139	0.0126325	0.000225581	0.000225581	0.000225581	0.000225581	
0.000277162	0.0277162	0.527716	0.326497	0.0917406	0.0185698	0.00637472	0.000277162	0.000277162	0.000277162	0.000277162	
0.000439174	0.000439174	0.159859	0.512516	0.251647	0.0535793	0.010101	0.00527009	0.00527009	0.000439174	0.000439174	
0.000777001	0.000777001	0.16317	0.317016	0.402486	0.0520591	0.0606061	0.000777001	0.000777001	0.000777001	0.000777001	
0.00108225	0.00108225	0.0844156	0.239177	0.286797	0.143939	0.132035	0.0963203	0.00108225	0.012987	0.00108225	
0.0030303	0.0030303	0.0363636	0.30303	0.20303	0.336364	0.10303	0.0030303	0.0030303	0.0030303	0.0030303	
0.00293255	0.00293255	0.0351906	0.0674487	0.0674487	0.357771	0.228739	0.0997067	0.0997067	0.0351906	0.00293255	
0.00454545	0.00454545	0.00454545	0.104545	0.154545	0.354545	0.204545	0.104545	0.00454545	0.0545455	0.00454545	
0.00505051	0.00505051	0.00505051	0.00505051	0.0606061	0.449495	0.116162	0.227273	0.00505051	0.00505051	0.116162	
0.004329	0.004329	0.004329	0.0995671	0.0995671	0.147186	0.0519481	0.194805	0.147186	0.147186	0.0995671	


Vector Pi :

0.00149031	0.312966	0.280179	0.132638	0.099851	0.116244	0.0178838	0.00149031	0.00149031	0.0178838	0.0178838	


Vector Phi :

0.000843045	0.31554	0.257999	0.166837	0.0942848	0.0653422	0.0245665	0.0262893	0.0169592	0.0144031	0.0169354	
