
Parameters: 11 states AND 11 symbols

Matrix A :

0.0909091	0.0909091	0.0909091	0.0909091	0.0909091	0.0909091	0.0909091	0.0909091	0.0909091	0.0909091	0.0909091	
8.992e-05	0.917993	0.0614153	0.00800288	0.00305728	0.0040464	8.992e-05	0.00206816	8.992e-05	0.00107904	0.00206816	
0.000757576	0.509091	0.267424	0.109091	0.0424242	0.0257576	0.0174242	0.00909091	0.00909091	0.000757576	0.00909091	
0.00293255	0.390029	0.422287	0.0351906	0.0997067	0.0351906	0.00293255	0.00293255	0.00293255	0.00293255	0.00293255	
0.00649351	0.292208	0.220779	0.0779221	0.0779221	0.292208	0.00649351	0.00649351	0.00649351	0.00649351	0.00649351	
0.00606061	0.206061	0.339394	0.206061	0.00606061	0.0727273	0.0727273	0.0727273	0.00606061	0.00606061	0.00606061	
0.0227273	0.272727	0.0227273	0.522727	0.0227273	0.0227273	0.0227273	0.0227273	0.0227273	0.0227273	0.0227273	
0.0181818	0.218182	0.218182	0.0181818	0.218182	0.218182	0.0181818	0.0181818	0.0181818	0.0181818	0.0181818	
0.0454545	0.0454545	0.0454545	0.545455	0.0454545	0.0454545	0.0454545	0.0454545	0.0454545	0.0454545	0.0454545	
0.0454545	0.0454545	0.0454545	0.545455	0.0454545	0.0454545	0.0454545	0.0454545	0.0454545	0.0454545	0.0454545	
0.0227273	0.272727	0.522727	0.0227273	0.0227273	0.0227273	0.0227273	0.0227273	0.0227273	0.0227273	0.0227273	


Matrix B :

0.0909091	0.0909091	0.0909091	0.0909091	0.0909091	0.0909091	0.0909091	0.0909091	0.0909091	0.0909091	0.0909091	
8.58443e-05	0.247489	0.348528	0.217272	0.107735	0.0520216	0.0123616	0.00764014	0.00575157	8.58443e-05	0.00103013	
0.000704722	0.00845666	0.10148	0.30303	0.264271	0.14024	0.124736	0.0394644	0.0162086	0.000704722	0.000704722	
0.00284091	0.00284091	0.252841	0.284091	0.159091	0.127841	0.0965909	0.0340909	0.0340909	0.00284091	0.00284091	
0.00568182	0.00568182	0.193182	0.130682	0.0681818	0.318182	0.130682	0.00568182	0.0681818	0.0681818	0.00568182	
0.00606061	0.00606061	0.206061	0.139394	0.472727	0.0727273	0.0727273	0.00606061	0.00606061	0.00606061	0.00606061	
0.0227273	0.0227273	0.0227273	0.0227273	0.272727	0.272727	0.272727	0.0227273	0.0227273	0.0227273	0.0227273	
0.0181818	0.0181818	0.0181818	0.218182	0.0181818	0.0181818	0.618182	0.0181818	0.0181818	0.0181818	0.0181818	
0.0454545	0.0454545	0.0454545	0.0454545	0.0454545	0.0454545	0.0454545	0.545455	0.0454545	0.0454545	0.0454545	
0.0454545	0.0454545	0.0454545	0.545455	0.0454545	0.0454545	0.0454545	0.0454545	0.0454545	0.0454545	0.0454545	
0.0227273	0.0227273	0.0227273	0.272727	0.272727	0.0227273	0.0227273	0.0227273	0.272727	0.0227273	0.0227273	


Vector Pi :

0.00149031	0.771982	0.165425	0.0178838	0.0342772	0.00149031	0.00149031	0.00149031	0.00149031	0.00149031	0.00149031	


Vector Phi :

0.000822765	0.837757	0.0980967	0.0254785	0.0115078	0.0123468	0.00328083	0.00412064	0.00164024	0.00165141	0.00329752	
