
Parameters: 11 states AND 11 symbols

Matrix A :

0.045455	0.045455	0.045455	0.045455	0.045455	0.045455	0.045455	0.045455	0.045455	0.045455	0.545455	
0.001466	0.485337	0.340176	0.033724	0.049853	0.001466	0.017595	0.017595	0.017595	0.033724	0.001466	
0.001245	0.261519	0.371108	0.275218	0.042341	0.001245	0.028643	0.001245	0.001245	0.014944	0.001245	
0.001466	0.065982	0.259531	0.275660	0.227273	0.098240	0.001466	0.033724	0.001466	0.033724	0.001466	
0.001299	0.029870	0.087013	0.187013	0.472727	0.158442	0.015584	0.015584	0.015584	0.015584	0.001299	
0.001715	0.039451	0.001715	0.114923	0.228130	0.397942	0.190395	0.020583	0.001715	0.001715	0.001715	
0.001894	0.064394	0.043561	0.043561	0.043561	0.147727	0.335227	0.231061	0.043561	0.022727	0.022727	
0.001783	0.021390	0.001783	0.001783	0.001783	0.060606	0.197861	0.374332	0.256684	0.040998	0.040998	
0.001280	0.001280	0.001280	0.015365	0.043534	0.043534	0.057618	0.198464	0.451985	0.156210	0.029449	
0.001567	0.001567	0.001567	0.001567	0.001567	0.018809	0.018809	0.018809	0.294671	0.467085	0.173981	
0.021818	0.001818	0.001818	0.001818	0.001818	0.001818	0.041818	0.001818	0.061818	0.201818	0.661818	


Matrix B :

0.045455	0.045455	0.045455	0.045455	0.045455	0.545455	0.045455	0.045455	0.045455	0.045455	0.045455	
0.001399	0.278322	0.432168	0.155245	0.078322	0.001399	0.032168	0.001399	0.016783	0.001399	0.001399	
0.001196	0.132775	0.343301	0.211722	0.172249	0.066986	0.001196	0.053828	0.001196	0.014354	0.001196	
0.001399	0.016783	0.247552	0.324476	0.124476	0.109091	0.124476	0.047552	0.001399	0.001399	0.001399	
0.001166	0.001166	0.155012	0.142191	0.283217	0.167832	0.103730	0.103730	0.039627	0.001166	0.001166	
0.001623	0.001623	0.108766	0.180195	0.269481	0.126623	0.108766	0.126623	0.001623	0.037338	0.037338	
0.001818	0.021818	0.061818	0.341818	0.181818	0.161818	0.061818	0.101818	0.041818	0.021818	0.001818	
0.001684	0.001684	0.131313	0.260943	0.297980	0.131313	0.075758	0.038721	0.038721	0.001684	0.020202	
0.001245	0.001245	0.042341	0.179328	0.179328	0.206725	0.220423	0.056040	0.056040	0.042341	0.014944	
0.001490	0.001490	0.034277	0.067064	0.230999	0.165425	0.132638	0.099851	0.083458	0.083458	0.099851	
0.001818	0.001818	0.001818	0.081818	0.141818	0.321818	0.141818	0.101818	0.101818	0.101818	0.001818	


Vector Pi :

0.002933	0.099707	0.099707	0.099707	0.228739	0.099707	0.067449	0.099707	0.099707	0.099707	0.002933	


Vector Phi :

0.003300	0.104732	0.123694	0.105190	0.120768	0.089028	0.079421	0.083500	0.113617	0.094947	0.081804	
