
Parameters: 11 states AND 11 symbols

Matrix A :

0.0909091	0.0909091	0.0909091	0.0909091	0.0909091	0.0909091	0.0909091	0.0909091	0.0909091	0.0909091	0.0909091	
0.00020429	0.730541	0.222676	0.0361593	0.00694586	0.00245148	0.00020429	0.00020429	0.00020429	0.00020429	0.00020429	
0.000264271	0.308404	0.491543	0.186311	0.0089852	0.00317125	0.000264271	0.000264271	0.000264271	0.000264271	0.000264271	
0.000422833	0.0469345	0.3074	0.437632	0.177167	0.0283298	0.000422833	0.000422833	0.000422833	0.000422833	0.000422833	
0.000849618	0.0101954	0.0849618	0.327952	0.42141	0.103653	0.0382328	0.000849618	0.0101954	0.000849618	0.000849618	
0.0020202	0.0242424	0.0020202	0.0909091	0.335354	0.313131	0.179798	0.0464646	0.0020202	0.0020202	0.0020202	
0.00395257	0.00395257	0.0474308	0.0474308	0.0909091	0.264822	0.221344	0.264822	0.0474308	0.00395257	0.00395257	
0.00534759	0.00534759	0.00534759	0.00534759	0.00534759	0.299465	0.299465	0.299465	0.0641711	0.00534759	0.00534759	
0.0227273	0.0227273	0.0227273	0.0227273	0.0227273	0.0227273	0.0227273	0.522727	0.0227273	0.0227273	0.272727	
0.0454545	0.0454545	0.0454545	0.0454545	0.0454545	0.0454545	0.0454545	0.545455	0.0454545	0.0454545	0.0454545	
0.0454545	0.0454545	0.0454545	0.0454545	0.0454545	0.0454545	0.0454545	0.0454545	0.0454545	0.545455	0.0454545	


Matrix B :

0.0909091	0.0909091	0.0909091	0.0909091	0.0909091	0.0909091	0.0909091	0.0909091	0.0909091	0.0909091	0.0909091	
0.000197628	0.350198	0.348024	0.211067	0.0719368	0.0110672	0.00454545	0.00237154	0.000197628	0.000197628	0.000197628	
0.000250438	0.0360631	0.487854	0.300526	0.102179	0.0470824	0.0195342	0.00576008	0.000250438	0.000250438	0.000250438	
0.000393546	0.000393546	0.0869736	0.4939	0.247147	0.117277	0.0220386	0.0263676	0.00472255	0.000393546	0.000393546	
0.000819001	0.000819001	0.000819001	0.17199	0.415233	0.26208	0.0999181	0.027846	0.000819001	0.018837	0.000819001	
0.00193424	0.00193424	0.00193424	0.00193424	0.27853	0.363636	0.108317	0.193424	0.0444874	0.00193424	0.00193424	
0.0034965	0.0034965	0.0034965	0.0034965	0.0034965	0.311189	0.311189	0.118881	0.0804196	0.157343	0.0034965	
0.00505051	0.00505051	0.00505051	0.00505051	0.00505051	0.0606061	0.338384	0.338384	0.171717	0.00505051	0.0606061	
0.0227273	0.0227273	0.0227273	0.0227273	0.0227273	0.0227273	0.0227273	0.0227273	0.772727	0.0227273	0.0227273	
0.0454545	0.0454545	0.0454545	0.0454545	0.0454545	0.0454545	0.0454545	0.0454545	0.0454545	0.0454545	0.545455	
0.0454545	0.0454545	0.0454545	0.0454545	0.0454545	0.0454545	0.0454545	0.0454545	0.0454545	0.0454545	0.545455	


Vector Pi :

0.00149031	0.263785	0.296572	0.263785	0.0670641	0.0342772	0.0506706	0.0178838	0.00149031	0.00149031	0.00149031	


Vector Phi :

0.000830783	0.367568	0.286595	0.178778	0.0889388	0.0373993	0.0191149	0.0141275	0.0033241	0.00166169	0.00166181	
