
Parameters: 11 states AND 11 symbols

Matrix A :

0.0909091	0.0909091	0.0909091	0.0909091	0.0909091	0.0909091	0.0909091	0.0909091	0.0909091	0.0909091	0.0909091	
0.000226142	0.778833	0.176843	0.0251018	0.0101764	0.000226142	0.0027137	0.000226142	0.0027137	0.000226142	0.0027137	
0.000374111	0.271979	0.506547	0.156753	0.0332959	0.0127198	0.0127198	0.00448934	0.000374111	0.000374111	0.000374111	
0.000626959	0.0971787	0.228213	0.400627	0.186834	0.0626959	0.0144201	0.00752351	0.000626959	0.000626959	0.000626959	
0.000834028	0.028357	0.0925771	0.276063	0.331109	0.193495	0.0558799	0.0100083	0.000834028	0.000834028	0.0100083	
0.000937207	0.0215558	0.0524836	0.0627929	0.24836	0.423618	0.186504	0.000937207	0.000937207	0.000937207	0.000937207	
0.001443	0.033189	0.017316	0.017316	0.0808081	0.176046	0.398268	0.1443	0.0966811	0.033189	0.001443	
0.00221729	0.00221729	0.00221729	0.00221729	0.0509978	0.172949	0.0997783	0.465632	0.0997783	0.075388	0.0266075	
0.0025974	0.0025974	0.0025974	0.0025974	0.0025974	0.0883117	0.0883117	0.145455	0.402597	0.202597	0.0597403	
0.00378788	0.00378788	0.00378788	0.00378788	0.0871212	0.00378788	0.00378788	0.0454545	0.253788	0.253788	0.337121	
0.00227273	0.00227273	0.00227273	0.0272727	0.00227273	0.0272727	0.00227273	0.0772727	0.0772727	0.127273	0.652273	


Matrix B :

0.0909091	0.0909091	0.0909091	0.0909091	0.0909091	0.0909091	0.0909091	0.0909091	0.0909091	0.0909091	0.0909091	
0.00021645	0.281169	0.395455	0.190693	0.0883117	0.0311688	0.00497835	0.00735931	0.00021645	0.00021645	0.00021645	
0.000355114	0.0706676	0.277699	0.410511	0.144886	0.0823864	0.0120739	0.000355114	0.000355114	0.000355114	0.000355114	
0.000606061	0.00727273	0.213939	0.280606	0.313939	0.113939	0.0339394	0.0272727	0.00727273	0.000606061	0.000606061	
0.000783699	0.000783699	0.0956113	0.20768	0.20768	0.233542	0.147335	0.0525078	0.0438871	0.00940439	0.000783699	
0.000882613	0.000882613	0.107679	0.117387	0.263019	0.17564	0.204766	0.0397176	0.0882613	0.000882613	0.000882613	
0.00142045	0.00142045	0.0639205	0.173295	0.298295	0.22017	0.0639205	0.0951705	0.0170455	0.0639205	0.00142045	
0.00206612	0.00206612	0.115702	0.115702	0.342975	0.183884	0.0702479	0.0247934	0.0929752	0.0475207	0.00206612	
0.002457	0.029484	0.110565	0.164619	0.164619	0.137592	0.137592	0.002457	0.137592	0.0565111	0.0565111	
0.0034965	0.0804196	0.157343	0.0804196	0.118881	0.234266	0.195804	0.0034965	0.041958	0.0804196	0.0034965	
0.00211416	0.00211416	0.02537	0.118393	0.281184	0.164905	0.164905	0.0951374	0.141649	0.00211416	0.00211416	


Vector Pi :

0.00149031	0.312966	0.198212	0.0834575	0.116244	0.099851	0.0178838	0.0506706	0.0342772	0.0342772	0.0506706	


Vector Phi :

0.000834567	0.332835	0.203632	0.121163	0.0910461	0.0810304	0.0526207	0.0342353	0.0292067	0.0200297	0.0333668	
