
Parameters: 11 states AND 11 symbols

Matrix A :

0.0909091	0.0909091	0.0909091	0.0909091	0.0909091	0.0909091	0.0909091	0.0909091	0.0909091	0.0909091	0.0909091	
0.000154083	0.783205	0.19168	0.022188	0.001849	0.000154083	0.000154083	0.000154083	0.000154083	0.000154083	0.000154083	
0.000283206	0.339847	0.458227	0.177853	0.0189748	0.00339847	0.000283206	0.000283206	0.000283206	0.000283206	0.000283206	
0.000531632	0.0882509	0.287081	0.415736	0.164274	0.0356194	0.00637959	0.000531632	0.000531632	0.000531632	0.000531632	
0.00151515	0.0348485	0.151515	0.318182	0.234848	0.201515	0.0348485	0.0181818	0.00151515	0.00151515	0.00151515	
0.0025974	0.0025974	0.0311688	0.25974	0.231169	0.231169	0.145455	0.0597403	0.0311688	0.0025974	0.0025974	
0.00606061	0.00606061	0.00606061	0.00606061	0.0727273	0.339394	0.406061	0.0727273	0.00606061	0.00606061	0.0727273	
0.0113636	0.0113636	0.136364	0.136364	0.136364	0.261364	0.0113636	0.261364	0.0113636	0.0113636	0.0113636	
0.0181818	0.218182	0.0181818	0.0181818	0.0181818	0.0181818	0.0181818	0.218182	0.418182	0.0181818	0.0181818	
0.0909091	0.0909091	0.0909091	0.0909091	0.0909091	0.0909091	0.0909091	0.0909091	0.0909091	0.0909091	0.0909091	
0.0454545	0.0454545	0.0454545	0.0454545	0.0454545	0.0454545	0.0454545	0.0454545	0.545455	0.0454545	0.0454545	


Matrix B :

0.0909091	0.0909091	0.0909091	0.0909091	0.0909091	0.0909091	0.0909091	0.0909091	0.0909091	0.0909091	0.0909091	
0.000147341	0.424783	0.308089	0.107117	0.0698394	0.0390452	0.0260793	0.00663032	0.0131133	0.00500958	0.000147341	
0.000272183	0.0601524	0.467338	0.272727	0.0781165	0.0421884	0.0451824	0.0122482	0.0152422	0.000272183	0.00626021	
0.0004914	0.0004914	0.157248	0.432924	0.232924	0.0761671	0.0383292	0.022113	0.0113022	0.0167076	0.0113022	
0.001443	0.001443	0.017316	0.287157	0.398268	0.1443	0.0808081	0.049062	0.001443	0.017316	0.001443	
0.00252525	0.00252525	0.00252525	0.030303	0.335859	0.280303	0.19697	0.0858586	0.0580808	0.00252525	0.00252525	
0.00568182	0.00568182	0.00568182	0.00568182	0.255682	0.505682	0.0681818	0.130682	0.00568182	0.00568182	0.00568182	
0.010101	0.010101	0.010101	0.010101	0.010101	0.121212	0.343434	0.010101	0.232323	0.232323	0.010101	
0.0181818	0.0181818	0.0181818	0.218182	0.0181818	0.0181818	0.0181818	0.418182	0.0181818	0.218182	0.0181818	
0.0909091	0.0909091	0.0909091	0.0909091	0.0909091	0.0909091	0.0909091	0.0909091	0.0909091	0.0909091	0.0909091	
0.0454545	0.0454545	0.0454545	0.0454545	0.0454545	0.545455	0.0454545	0.0454545	0.0454545	0.0454545	0.0454545	


Vector Pi :

0.00149031	0.444113	0.214605	0.230999	0.0506706	0.0178838	0.0178838	0.0178838	0.00149031	0.00149031	0.00149031	


Vector Phi :

0.00082713	0.488007	0.265509	0.141439	0.0496278	0.0289495	0.0124069	0.00661704	0.00413565	0.00082713	0.00165426	
