
Parameters: 11 states AND 11 symbols

Matrix A :

0.0909091	0.0909091	0.0909091	0.0909091	0.0909091	0.0909091	0.0909091	0.0909091	0.0909091	0.0909091	0.0909091	
0.000114207	0.841823	0.142074	0.0101645	0.00388305	0.000114207	0.00137049	0.000114207	0.000114207	0.000114207	0.000114207	
0.000316756	0.401014	0.477669	0.0874248	0.014254	0.00380108	0.014254	0.000316756	0.000316756	0.000316756	0.000316756	
0.00126263	0.112374	0.417929	0.348485	0.084596	0.0151515	0.0151515	0.00126263	0.00126263	0.00126263	0.00126263	
0.004329	0.0519481	0.147186	0.4329	0.194805	0.147186	0.004329	0.004329	0.004329	0.004329	0.004329	
0.00826446	0.190083	0.0991736	0.190083	0.190083	0.190083	0.00826446	0.0991736	0.00826446	0.00826446	0.00826446	
0.00826446	0.00826446	0.0991736	0.0991736	0.00826446	0.280992	0.190083	0.0991736	0.00826446	0.0991736	0.0991736	
0.030303	0.030303	0.030303	0.363636	0.030303	0.030303	0.363636	0.030303	0.030303	0.030303	0.030303	
0.0454545	0.0454545	0.0454545	0.0454545	0.545455	0.0454545	0.0454545	0.0454545	0.0454545	0.0454545	0.0454545	
0.0454545	0.0454545	0.0454545	0.0454545	0.0454545	0.0454545	0.0454545	0.0454545	0.0454545	0.0454545	0.545455	
0.030303	0.030303	0.030303	0.030303	0.030303	0.030303	0.363636	0.030303	0.363636	0.030303	0.030303	


Matrix B :

0.0909091	0.0909091	0.0909091	0.0909091	0.0909091	0.0909091	0.0909091	0.0909091	0.0909091	0.0909091	0.0909091	
0.000108613	0.479201	0.383621	0.0932986	0.0287824	0.0108613	0.0024981	0.000108613	0.000108613	0.00130336	0.000108613	
0.000302024	0.0800362	0.485352	0.259438	0.109937	0.0368469	0.0169133	0.00362428	0.00362428	0.000302024	0.00362428	
0.00124533	0.00124533	0.15193	0.425903	0.288917	0.0971357	0.00124533	0.00124533	0.00124533	0.014944	0.014944	
0.00378788	0.00378788	0.128788	0.253788	0.378788	0.128788	0.0871212	0.00378788	0.00378788	0.00378788	0.00378788	
0.00826446	0.00826446	0.0991736	0.280992	0.190083	0.280992	0.0991736	0.00826446	0.00826446	0.00826446	0.00826446	
0.00757576	0.00757576	0.00757576	0.174242	0.257576	0.340909	0.0909091	0.00757576	0.0909091	0.00757576	0.00757576	
0.030303	0.030303	0.030303	0.030303	0.030303	0.363636	0.363636	0.030303	0.030303	0.030303	0.030303	
0.0454545	0.0454545	0.0454545	0.0454545	0.0454545	0.545455	0.0454545	0.0454545	0.0454545	0.0454545	0.0454545	
0.0454545	0.0454545	0.0454545	0.545455	0.0454545	0.0454545	0.0454545	0.0454545	0.0454545	0.0454545	0.0454545	
0.030303	0.030303	0.030303	0.363636	0.030303	0.030303	0.363636	0.030303	0.030303	0.030303	0.030303	


Vector Pi :

0.00149031	0.657228	0.247392	0.0178838	0.0506706	0.00149031	0.0178838	0.00149031	0.00149031	0.00149031	0.00149031	


Vector Phi :

0.000824689	0.660065	0.236065	0.0593488	0.0173204	0.00906668	0.0090653	0.00247305	0.00164909	0.00164881	0.00247321	
