
Parameters: 11 states AND 11 symbols

Matrix A :

0.0909091	0.0909091	0.0909091	0.0909091	0.0909091	0.0909091	0.0909091	0.0909091	0.0909091	0.0909091	0.0909091	
9.4402e-05	0.966865	0.0322855	9.4402e-05	9.4402e-05	9.4402e-05	9.4402e-05	9.4402e-05	9.4402e-05	9.4402e-05	9.4402e-05	
0.000525486	0.173936	0.775092	0.0409879	0.00630583	0.000525486	0.000525486	0.000525486	0.000525486	0.000525486	0.000525486	
0.00534759	0.0641711	0.417112	0.358289	0.0641711	0.0641711	0.00534759	0.00534759	0.00534759	0.00534759	0.00534759	
0.010101	0.010101	0.010101	0.232323	0.454545	0.121212	0.121212	0.010101	0.010101	0.010101	0.010101	
0.012987	0.012987	0.012987	0.155844	0.298701	0.155844	0.298701	0.012987	0.012987	0.012987	0.012987	
0.00534759	0.00534759	0.00534759	0.00534759	0.00534759	0.181818	0.71123	0.0641711	0.00534759	0.00534759	0.00534759	
0.030303	0.030303	0.030303	0.030303	0.030303	0.030303	0.363636	0.030303	0.363636	0.030303	0.030303	
0.0454545	0.0454545	0.0454545	0.0454545	0.0454545	0.0454545	0.0454545	0.0454545	0.0454545	0.0454545	0.545455	
0.0454545	0.0454545	0.0454545	0.0454545	0.0454545	0.0454545	0.0454545	0.545455	0.0454545	0.0454545	0.0454545	
0.0151515	0.0151515	0.0151515	0.0151515	0.0151515	0.0151515	0.0151515	0.0151515	0.0151515	0.181818	0.681818	


Matrix B :

0.0909091	0.0909091	0.0909091	0.0909091	0.0909091	0.0909091	0.0909091	0.0909091	0.0909091	0.0909091	0.0909091	
8.96539e-05	0.408374	0.454725	0.0829299	0.0207997	0.0138964	0.00502062	0.00502062	0.00502062	0.00304823	0.00107585	
0.000505051	0.0393939	0.389394	0.361616	0.122727	0.0449495	0.0171717	0.000505051	0.00606061	0.000505051	0.0171717	
0.00534759	0.00534759	0.181818	0.417112	0.181818	0.0641711	0.00534759	0.122995	0.00534759	0.00534759	0.00534759	
0.00909091	0.00909091	0.609091	0.109091	0.209091	0.00909091	0.00909091	0.00909091	0.00909091	0.00909091	0.00909091	
0.0113636	0.0113636	0.136364	0.386364	0.261364	0.136364	0.0113636	0.0113636	0.0113636	0.0113636	0.0113636	
0.00534759	0.00534759	0.0641711	0.181818	0.593583	0.122995	0.00534759	0.00534759	0.00534759	0.00534759	0.00534759	
0.030303	0.030303	0.363636	0.030303	0.363636	0.030303	0.030303	0.030303	0.030303	0.030303	0.030303	
0.0454545	0.0454545	0.545455	0.0454545	0.0454545	0.0454545	0.0454545	0.0454545	0.0454545	0.0454545	0.0454545	
0.0454545	0.0454545	0.0454545	0.0454545	0.545455	0.0454545	0.0454545	0.0454545	0.0454545	0.0454545	0.0454545	
0.0151515	0.0151515	0.0151515	0.515152	0.348485	0.0151515	0.0151515	0.0151515	0.0151515	0.0151515	0.0151515	


Vector Pi :

0.00149031	0.837556	0.116244	0.00149031	0.0178838	0.0178838	0.00149031	0.00149031	0.00149031	0.00149031	0.00149031	


Vector Phi :

0.000837912	0.802143	0.144213	0.0142015	0.00753702	0.00587282	0.014283	0.0025181	0.00167776	0.00167802	0.00503767	
