
Parameters: 11 states AND 11 symbols

Matrix A :

0.090909	0.090909	0.090909	0.090909	0.090909	0.090909	0.090909	0.090909	0.090909	0.090909	0.090909	
0.000558	0.656999	0.307306	0.031233	0.000558	0.000558	0.000558	0.000558	0.000558	0.000558	0.000558	
0.000478	0.258373	0.537321	0.153110	0.042584	0.005742	0.000478	0.000478	0.000478	0.000478	0.000478	
0.000988	0.055336	0.359684	0.392292	0.174901	0.011858	0.000988	0.000988	0.000988	0.000988	0.000988	
0.001318	0.015810	0.059289	0.276680	0.465086	0.175231	0.001318	0.001318	0.001318	0.001318	0.001318	
0.002597	0.002597	0.002597	0.088312	0.288312	0.402597	0.145455	0.031169	0.031169	0.002597	0.002597	
0.004785	0.004785	0.004785	0.004785	0.057416	0.162679	0.531100	0.162679	0.057416	0.004785	0.004785	
0.007576	0.007576	0.007576	0.007576	0.007576	0.174242	0.174242	0.507576	0.090909	0.007576	0.007576	
0.007576	0.007576	0.007576	0.007576	0.090909	0.007576	0.090909	0.090909	0.424242	0.174242	0.090909	
0.022727	0.022727	0.022727	0.022727	0.022727	0.022727	0.022727	0.022727	0.522727	0.022727	0.272727	
0.011364	0.011364	0.011364	0.011364	0.011364	0.011364	0.011364	0.011364	0.136364	0.136364	0.636364	


Matrix B :

0.090909	0.090909	0.090909	0.090909	0.090909	0.090909	0.090909	0.090909	0.090909	0.090909	0.090909	
0.000548	0.428258	0.355969	0.096933	0.054765	0.042716	0.012596	0.000548	0.000548	0.000548	0.006572	
0.000466	0.133800	0.487646	0.231235	0.067133	0.036364	0.020979	0.010723	0.000466	0.005594	0.005594	
0.000909	0.000909	0.350909	0.470909	0.080909	0.050909	0.020909	0.000909	0.000909	0.020909	0.000909	
0.001245	0.001245	0.138232	0.316314	0.275218	0.138232	0.042341	0.083437	0.001245	0.001245	0.001245	
0.002457	0.002457	0.002457	0.353808	0.380835	0.110565	0.083538	0.029484	0.029484	0.002457	0.002457	
0.004785	0.004785	0.004785	0.478469	0.110048	0.320574	0.004785	0.057416	0.004785	0.004785	0.004785	
0.007576	0.007576	0.007576	0.007576	0.257576	0.257576	0.174242	0.257576	0.007576	0.007576	0.007576	
0.006494	0.006494	0.006494	0.149351	0.149351	0.435065	0.149351	0.077922	0.006494	0.006494	0.006494	
0.022727	0.022727	0.022727	0.022727	0.272727	0.272727	0.022727	0.272727	0.022727	0.022727	0.022727	
0.011364	0.011364	0.011364	0.011364	0.261364	0.636364	0.011364	0.011364	0.011364	0.011364	0.011364	


Vector Pi :

0.003636	0.123636	0.203636	0.283636	0.163636	0.123636	0.003636	0.003636	0.083636	0.003636	0.003636	


Vector Phi :

0.001609	0.272553	0.317908	0.154703	0.112751	0.053980	0.029631	0.018818	0.018946	0.006360	0.012741	
