
Parameters: 11 states AND 11 symbols

Matrix A :

0.0909091	0.0909091	0.0909091	0.0909091	0.0909091	0.0909091	0.0909091	0.0909091	0.0909091	0.0909091	0.0909091	
0.000166806	0.835029	0.145121	0.0166806	0.00200167	0.000166806	0.000166806	0.000166806	0.000166806	0.000166806	0.000166806	
0.000284091	0.247159	0.600284	0.119034	0.0221591	0.00340909	0.00340909	0.00340909	0.000284091	0.000284091	0.000284091	
0.000693963	0.0388619	0.283137	0.466343	0.145732	0.0235947	0.0235947	0.00832755	0.000693963	0.00832755	0.000693963	
0.00142045	0.0326705	0.110795	0.25142	0.28267	0.18892	0.0951705	0.00142045	0.00142045	0.0170455	0.0170455	
0.00252525	0.00252525	0.030303	0.113636	0.335859	0.280303	0.141414	0.0858586	0.00252525	0.00252525	0.00252525	
0.0026738	0.0614973	0.0320856	0.0320856	0.120321	0.208556	0.179144	0.208556	0.120321	0.0320856	0.0026738	
0.0034965	0.0034965	0.041958	0.0034965	0.041958	0.0804196	0.272727	0.311189	0.157343	0.0034965	0.0804196	
0.00454545	0.00454545	0.0545455	0.00454545	0.0545455	0.00454545	0.204545	0.154545	0.404545	0.104545	0.00454545	
0.00649351	0.00649351	0.00649351	0.0779221	0.00649351	0.00649351	0.00649351	0.149351	0.0779221	0.363636	0.292208	
0.00649351	0.00649351	0.0779221	0.00649351	0.00649351	0.00649351	0.0779221	0.00649351	0.149351	0.220779	0.435065	


Matrix B :

0.0909091	0.0909091	0.0909091	0.0909091	0.0909091	0.0909091	0.0909091	0.0909091	0.0909091	0.0909091	0.0909091	
0.000160617	0.503694	0.374719	0.0920334	0.0142949	0.00899454	0.00369419	0.0019274	0.000160617	0.000160617	0.000160617	
0.00026738	0.18262	0.467914	0.285561	0.0532086	0.00320856	0.00026738	0.00614973	0.00026738	0.00026738	0.00026738	
0.000635728	0.0286078	0.413223	0.329307	0.12651	0.0915448	0.00762873	0.000635728	0.000635728	0.000635728	0.000635728	
0.00137741	0.046832	0.471074	0.183196	0.152893	0.0619835	0.0619835	0.0165289	0.00137741	0.00137741	0.00137741	
0.002457	0.029484	0.570025	0.0835381	0.137592	0.0835381	0.0835381	0.002457	0.002457	0.002457	0.002457	
0.00252525	0.0858586	0.113636	0.419192	0.169192	0.0858586	0.0858586	0.030303	0.00252525	0.00252525	0.00252525	
0.003367	0.003367	0.114478	0.521886	0.151515	0.0774411	0.003367	0.040404	0.040404	0.040404	0.003367	
0.00454545	0.0545455	0.354545	0.354545	0.154545	0.00454545	0.00454545	0.00454545	0.00454545	0.0545455	0.00454545	
0.00606061	0.00606061	0.0727273	0.406061	0.139394	0.00606061	0.139394	0.139394	0.00606061	0.0727273	0.00606061	
0.00649351	0.00649351	0.220779	0.435065	0.00649351	0.00649351	0.00649351	0.00649351	0.00649351	0.0779221	0.220779	


Vector Pi :

0.00149031	0.362146	0.312966	0.198212	0.0342772	0.0178838	0.0342772	0.0178838	0.00149031	0.0178838	0.00149031	


Vector Phi :

0.000832349	0.449714	0.267082	0.109107	0.0533138	0.0299898	0.0283232	0.0216591	0.0166588	0.0116601	0.0116601	
