
Parameters: 11 states AND 11 symbols

Matrix A :

0.0909091	0.0909091	0.0909091	0.0909091	0.0909091	0.0909091	0.0909091	0.0909091	0.0909091	0.0909091	0.0909091	
0.000248385	0.352707	0.278937	0.155986	0.123199	0.0576254	0.0111773	0.00844511	0.00571287	0.00298063	0.00298063	
0.000308166	0.312173	0.257935	0.213867	0.129122	0.0375963	0.024037	0.0138675	0.003698	0.003698	0.003698	
0.0004095	0.288698	0.194103	0.194103	0.162572	0.0904996	0.0364455	0.022932	0.00941851	0.0004095	0.0004095	
0.000610128	0.255644	0.302624	0.222087	0.081147	0.0677242	0.04759	0.0140329	0.000610128	0.00732154	0.000610128	
0.0011655	0.308858	0.180653	0.129371	0.129371	0.0652681	0.0909091	0.0524476	0.039627	0.0011655	0.0011655	
0.00178253	0.217469	0.11943	0.158645	0.0606061	0.0998217	0.178253	0.0606061	0.0409982	0.0606061	0.00178253	
0.0034965	0.195804	0.118881	0.157343	0.0804196	0.118881	0.195804	0.118881	0.0034965	0.0034965	0.0034965	
0.00826446	0.00826446	0.280992	0.280992	0.190083	0.00826446	0.0991736	0.0991736	0.00826446	0.00826446	0.00826446	
0.012987	0.298701	0.298701	0.012987	0.012987	0.012987	0.298701	0.012987	0.012987	0.012987	0.012987	
0.030303	0.363636	0.030303	0.030303	0.030303	0.363636	0.030303	0.030303	0.030303	0.030303	0.030303	


Matrix B :

0.0909091	0.0909091	0.0909091	0.0909091	0.0909091	0.0909091	0.0909091	0.0909091	0.0909091	0.0909091	0.0909091	
0.000236128	0.278158	0.272963	0.195041	0.0807556	0.0807556	0.0651712	0.0132231	0.0132231	0.000236128	0.000236128	
0.000291375	0.118881	0.420163	0.20542	0.106061	0.0932401	0.0323427	0.0034965	0.0131119	0.000291375	0.00670163	
0.000393546	0.000393546	0.286108	0.351043	0.160567	0.0956316	0.0566706	0.0306966	0.0133806	0.000393546	0.00472255	
0.00058651	0.00058651	0.00703812	0.503812	0.21349	0.0780059	0.110264	0.0521994	0.026393	0.00703812	0.00058651	
0.00109529	0.00109529	0.00109529	0.193866	0.458927	0.121577	0.16977	0.0251917	0.0131435	0.0131435	0.00109529	
0.00171527	0.00171527	0.00171527	0.00171527	0.379074	0.397942	0.077187	0.077187	0.0394511	0.00171527	0.0205832	
0.003367	0.003367	0.003367	0.003367	0.040404	0.558923	0.114478	0.114478	0.114478	0.040404	0.003367	
0.00826446	0.00826446	0.00826446	0.00826446	0.00826446	0.00826446	0.553719	0.190083	0.0991736	0.00826446	0.0991736	
0.0113636	0.0113636	0.0113636	0.0113636	0.0113636	0.0113636	0.636364	0.0113636	0.0113636	0.0113636	0.261364	
0.030303	0.030303	0.030303	0.030303	0.030303	0.030303	0.363636	0.363636	0.030303	0.030303	0.030303	


Vector Pi :

0.00149031	0.296572	0.280179	0.149031	0.099851	0.099851	0.0342772	0.0178838	0.00149031	0.0178838	0.00149031	


Vector Phi :

0.000825663	0.30362	0.244104	0.183648	0.123245	0.0636766	0.0420898	0.021456	0.00906643	0.00578572	0.0024827	
