
Parameters: 11 states AND 11 symbols

Matrix A :

0.090909	0.090909	0.090909	0.090909	0.090909	0.090909	0.090909	0.090909	0.090909	0.090909	0.090909	
0.000464	0.842301	0.122913	0.010668	0.000464	0.010668	0.005566	0.000464	0.000464	0.005566	0.000464	
0.000909	0.220909	0.480909	0.160909	0.080909	0.020909	0.020909	0.000909	0.000909	0.000909	0.010909	
0.001466	0.049853	0.291789	0.420821	0.114370	0.049853	0.017595	0.033724	0.001466	0.001466	0.017595	
0.002392	0.081340	0.081340	0.265550	0.239234	0.160287	0.107656	0.028708	0.028708	0.002392	0.002392	
0.002674	0.002674	0.090909	0.061497	0.179144	0.237968	0.296791	0.061497	0.032086	0.032086	0.002674	
0.002331	0.027972	0.027972	0.104895	0.079254	0.207459	0.233100	0.181818	0.104895	0.027972	0.002331	
0.003247	0.038961	0.003247	0.003247	0.110390	0.074675	0.253247	0.217532	0.288961	0.003247	0.003247	
0.002331	0.002331	0.027972	0.027972	0.027972	0.027972	0.079254	0.181818	0.386946	0.207459	0.027972	
0.002674	0.002674	0.002674	0.002674	0.002674	0.032086	0.002674	0.061497	0.208556	0.561497	0.120321	
0.003135	0.037618	0.003135	0.003135	0.003135	0.003135	0.037618	0.003135	0.072100	0.106583	0.727273	


Matrix B :

0.090909	0.090909	0.090909	0.090909	0.090909	0.090909	0.090909	0.090909	0.090909	0.090909	0.090909	
0.000441	0.466461	0.335393	0.141218	0.048985	0.005296	0.000441	0.000441	0.000441	0.000441	0.000441	
0.000874	0.231643	0.356643	0.279720	0.087413	0.039336	0.000874	0.000874	0.000874	0.000874	0.000874	
0.001357	0.105834	0.329715	0.255088	0.075984	0.135685	0.075984	0.016282	0.001357	0.001357	0.001357	
0.002273	0.102273	0.377273	0.302273	0.152273	0.052273	0.002273	0.002273	0.002273	0.002273	0.002273	
0.002597	0.088312	0.116883	0.231169	0.202597	0.288312	0.031169	0.031169	0.002597	0.002597	0.002597	
0.002217	0.002217	0.172949	0.270510	0.124169	0.172949	0.124169	0.075388	0.050998	0.002217	0.002217	
0.003135	0.003135	0.210031	0.141066	0.244514	0.210031	0.003135	0.106583	0.072100	0.003135	0.003135	
0.002331	0.027972	0.027972	0.207459	0.258741	0.258741	0.130536	0.027972	0.053613	0.002331	0.002331	
0.002597	0.002597	0.088312	0.374026	0.145455	0.059740	0.031169	0.059740	0.031169	0.116883	0.088312	
0.002755	0.002755	0.154270	0.275482	0.093664	0.123967	0.063361	0.063361	0.002755	0.123967	0.093664	


Vector Pi :

0.002933	0.293255	0.164223	0.164223	0.067449	0.035191	0.067449	0.035191	0.002933	0.035191	0.131965	


Vector Phi :

0.001658	0.332833	0.164148	0.102333	0.062732	0.056320	0.064577	0.046364	0.064612	0.056414	0.048009	
