
Parameters: 11 states AND 11 symbols

Matrix A :

0.0909091	0.0909091	0.0909091	0.0909091	0.0909091	0.0909091	0.0909091	0.0909091	0.0909091	0.0909091	0.0909091	
0.000292312	0.743058	0.228588	0.0260158	0.000292312	0.000292312	0.000292312	0.000292312	0.000292312	0.000292312	0.000292312	
0.000293255	0.232551	0.561584	0.193842	0.00997067	0.000293255	0.000293255	0.000293255	0.000293255	0.000293255	0.000293255	
0.000362188	0.0282506	0.231438	0.530243	0.187613	0.0162984	0.00434625	0.000362188	0.000362188	0.000362188	0.000362188	
0.000571755	0.00686106	0.0194397	0.271012	0.547742	0.132647	0.0131504	0.00686106	0.000571755	0.000571755	0.000571755	
0.0012987	0.0012987	0.0298701	0.087013	0.301299	0.372727	0.144156	0.0584416	0.0012987	0.0012987	0.0012987	
0.0025974	0.0025974	0.0025974	0.0025974	0.0025974	0.402597	0.431169	0.145455	0.0025974	0.0025974	0.0025974	
0.0031348	0.0031348	0.0031348	0.0031348	0.0031348	0.0721003	0.175549	0.485893	0.175549	0.0721003	0.0031348	
0.00568182	0.00568182	0.00568182	0.00568182	0.00568182	0.130682	0.0681818	0.255682	0.380682	0.0681818	0.0681818	
0.0113636	0.0113636	0.0113636	0.0113636	0.0113636	0.0113636	0.0113636	0.0113636	0.386364	0.261364	0.261364	
0.00909091	0.00909091	0.00909091	0.00909091	0.00909091	0.00909091	0.00909091	0.00909091	0.109091	0.209091	0.609091	


Matrix B :

0.0909091	0.0909091	0.0909091	0.0909091	0.0909091	0.0909091	0.0909091	0.0909091	0.0909091	0.0909091	0.0909091	
0.000273823	0.298467	0.37678	0.187021	0.0996714	0.0243702	0.00930997	0.00328587	0.000273823	0.000273823	0.000273823	
0.000281452	0.0188573	0.405854	0.347031	0.158176	0.0374332	0.0126654	0.0157613	0.00337743	0.000281452	0.000281452	
0.000343053	0.000343053	0.0267581	0.392796	0.358834	0.15506	0.0456261	0.019211	0.000343053	0.000343053	0.000343053	
0.000554324	0.000554324	0.000554324	0.104213	0.415188	0.390798	0.0493348	0.018847	0.018847	0.000554324	0.000554324	
0.0012285	0.0012285	0.0012285	0.014742	0.0958231	0.379607	0.312039	0.0958231	0.0823096	0.014742	0.0012285	
0.0025974	0.0025974	0.0025974	0.0025974	0.0311688	0.231169	0.345455	0.202597	0.0883117	0.0597403	0.0311688	
0.0030303	0.0030303	0.0030303	0.0030303	0.0363636	0.0030303	0.136364	0.269697	0.369697	0.136364	0.0363636	
0.00505051	0.00505051	0.00505051	0.00505051	0.00505051	0.0606061	0.171717	0.0606061	0.282828	0.116162	0.282828	
0.0113636	0.0113636	0.0113636	0.0113636	0.0113636	0.136364	0.136364	0.386364	0.0113636	0.136364	0.136364	
0.00909091	0.00909091	0.00909091	0.00909091	0.00909091	0.00909091	0.509091	0.109091	0.309091	0.00909091	0.00909091	


Vector Pi :

0.00149031	0.329359	0.230999	0.230999	0.0834575	0.0670641	0.00149031	0.0178838	0.0342772	0.00149031	0.00149031	


Vector Phi :

0.000832313	0.261384	0.257282	0.208636	0.132166	0.0581971	0.0291023	0.0241165	0.0133091	0.00665524	0.00832012	
