
Parameters: 11 states AND 11 symbols

Matrix A :

0.0909091	0.0909091	0.0909091	0.0909091	0.0909091	0.0909091	0.0909091	0.0909091	0.0909091	0.0909091	0.0909091	
0.000139645	0.849602	0.146069	0.00167574	0.000139645	0.00167574	0.000139645	0.000139645	0.000139645	0.000139645	0.000139645	
0.000268962	0.266541	0.606778	0.109736	0.0121033	0.00322754	0.000268962	0.000268962	0.000268962	0.000268962	0.000268962	
0.000688705	0.0309917	0.280992	0.553719	0.0991736	0.0309917	0.000688705	0.000688705	0.000688705	0.000688705	0.000688705	
0.00206612	0.0247934	0.0247934	0.38843	0.456612	0.0702479	0.0247934	0.00206612	0.00206612	0.00206612	0.00206612	
0.00534759	0.00534759	0.00534759	0.122995	0.240642	0.299465	0.181818	0.0641711	0.0641711	0.00534759	0.00534759	
0.00757576	0.00757576	0.00757576	0.0909091	0.174242	0.174242	0.424242	0.0909091	0.00757576	0.00757576	0.00757576	
0.030303	0.030303	0.030303	0.030303	0.030303	0.030303	0.363636	0.030303	0.030303	0.030303	0.363636	
0.030303	0.363636	0.030303	0.030303	0.030303	0.030303	0.030303	0.030303	0.363636	0.030303	0.030303	
0.0909091	0.0909091	0.0909091	0.0909091	0.0909091	0.0909091	0.0909091	0.0909091	0.0909091	0.0909091	0.0909091	
0.030303	0.030303	0.030303	0.030303	0.030303	0.030303	0.363636	0.030303	0.030303	0.030303	0.363636	


Matrix B :

0.0909091	0.0909091	0.0909091	0.0909091	0.0909091	0.0909091	0.0909091	0.0909091	0.0909091	0.0909091	0.0909091	
0.000133298	0.168755	0.338843	0.236204	0.149693	0.0646494	0.0279925	0.00746468	0.000133298	0.00453212	0.00159957	
0.000258264	0.000258264	0.0883264	0.309917	0.326963	0.165031	0.0542355	0.0371901	0.0173037	0.000258264	0.000258264	
0.000644745	0.000644745	0.000644745	0.0786589	0.263056	0.192134	0.234687	0.135397	0.0644745	0.0290135	0.000644745	
0.00189394	0.00189394	0.00189394	0.00189394	0.106061	0.251894	0.189394	0.0852273	0.189394	0.106061	0.0643939	
0.00505051	0.00505051	0.00505051	0.0606061	0.171717	0.171717	0.338384	0.227273	0.00505051	0.00505051	0.00505051	
0.00757576	0.00757576	0.0909091	0.00757576	0.00757576	0.0909091	0.507576	0.174242	0.0909091	0.00757576	0.00757576	
0.030303	0.030303	0.030303	0.363636	0.030303	0.030303	0.030303	0.363636	0.030303	0.030303	0.030303	
0.0227273	0.0227273	0.0227273	0.0227273	0.0227273	0.0227273	0.272727	0.522727	0.0227273	0.0227273	0.0227273	
0.0909091	0.0909091	0.0909091	0.0909091	0.0909091	0.0909091	0.0909091	0.0909091	0.0909091	0.0909091	0.0909091	
0.030303	0.030303	0.030303	0.69697	0.030303	0.030303	0.030303	0.030303	0.030303	0.030303	0.030303	


Vector Pi :

0.00149031	0.52608	0.214605	0.149031	0.0670641	0.0178838	0.00149031	0.00149031	0.0178838	0.00149031	0.00149031	


Vector Phi :

0.000832651	0.537764	0.282108	0.110112	0.0366934	0.0141641	0.00999762	0.00249897	0.00249875	0.000832651	0.00249846	
