
Parameters: 11 states AND 11 symbols

Matrix A :

0.0909091	0.0909091	0.0909091	0.0909091	0.0909091	0.0909091	0.0909091	0.0909091	0.0909091	0.0909091	0.0909091	
0.000143843	0.868815	0.107739	0.0143843	0.000143843	0.000143843	0.0033084	0.000143843	0.0033084	0.00172612	0.000143843	
0.000314564	0.225228	0.605851	0.142183	0.0141554	0.00377477	0.00377477	0.000314564	0.000314564	0.00377477	0.000314564	
0.000745156	0.0909091	0.279434	0.385991	0.148286	0.0499255	0.0417288	0.000745156	0.000745156	0.000745156	0.000745156	
0.0020202	0.0909091	0.0909091	0.379798	0.20202	0.135354	0.0686869	0.0242424	0.0020202	0.0020202	0.0020202	
0.0031348	0.0031348	0.106583	0.106583	0.210031	0.244514	0.210031	0.0376176	0.0031348	0.0721003	0.0031348	
0.0026738	0.0320856	0.0320856	0.0909091	0.179144	0.149733	0.296791	0.0909091	0.0614973	0.0614973	0.0026738	
0.00505051	0.00505051	0.116162	0.00505051	0.00505051	0.116162	0.227273	0.449495	0.0606061	0.00505051	0.00505051	
0.00757576	0.00757576	0.00757576	0.00757576	0.0909091	0.0909091	0.0909091	0.257576	0.340909	0.0909091	0.00757576	
0.00505051	0.00505051	0.0606061	0.0606061	0.00505051	0.00505051	0.0606061	0.0606061	0.116162	0.505051	0.116162	
0.0181818	0.218182	0.0181818	0.0181818	0.0181818	0.0181818	0.0181818	0.0181818	0.0181818	0.218182	0.418182	


Matrix B :

0.0909091	0.0909091	0.0909091	0.0909091	0.0909091	0.0909091	0.0909091	0.0909091	0.0909091	0.0909091	0.0909091	
0.0001365	0.22386	0.390527	0.240377	0.102239	0.034671	0.00764401	0.0001365	0.0001365	0.0001365	0.0001365	
0.000306091	0.0171411	0.172023	0.323538	0.249464	0.165289	0.0508111	0.0070401	0.0104071	0.00367309	0.000306091	
0.000710227	0.00852273	0.12571	0.211648	0.321023	0.203835	0.0632102	0.0397727	0.0241477	0.000710227	0.000710227	
0.00189394	0.00189394	0.0643939	0.251894	0.231061	0.126894	0.189394	0.106061	0.00189394	0.0227273	0.00189394	
0.0030303	0.0030303	0.069697	0.236364	0.20303	0.136364	0.169697	0.0363636	0.0030303	0.069697	0.069697	
0.002331	0.002331	0.104895	0.130536	0.284382	0.130536	0.104895	0.130536	0.0792541	0.027972	0.002331	
0.00505051	0.00505051	0.00505051	0.00505051	0.227273	0.116162	0.171717	0.227273	0.116162	0.116162	0.00505051	
0.00699301	0.00699301	0.0839161	0.00699301	0.0839161	0.0839161	0.391608	0.237762	0.0839161	0.00699301	0.00699301	
0.00478469	0.00478469	0.0574163	0.0574163	0.162679	0.110048	0.162679	0.215311	0.0574163	0.00478469	0.162679	
0.0151515	0.0151515	0.0151515	0.0151515	0.348485	0.0151515	0.181818	0.0151515	0.0151515	0.348485	0.0151515	


Vector Pi :

0.00149031	0.558867	0.132638	0.099851	0.0506706	0.0178838	0.0834575	0.00149031	0.0178838	0.0178838	0.0178838	


Vector Phi :

0.000829876	0.524481	0.239834	0.101245	0.0373444	0.0240664	0.0282158	0.0149378	0.00995851	0.0149378	0.00414938	
