
Parameters: 11 states AND 11 symbols

Matrix A :

0.090909	0.090909	0.090909	0.090909	0.090909	0.090909	0.090909	0.090909	0.090909	0.090909	0.090909	
0.000519	0.743377	0.229091	0.023377	0.000519	0.000519	0.000519	0.000519	0.000519	0.000519	0.000519	
0.000745	0.279434	0.500745	0.197466	0.017139	0.000745	0.000745	0.000745	0.000745	0.000745	0.000745	
0.001136	0.113636	0.226136	0.426136	0.176136	0.038636	0.013636	0.001136	0.001136	0.001136	0.001136	
0.001623	0.019481	0.055195	0.233766	0.501623	0.162338	0.019481	0.001623	0.001623	0.001623	0.001623	
0.003135	0.003135	0.003135	0.106583	0.278997	0.347962	0.244514	0.003135	0.003135	0.003135	0.003135	
0.004329	0.004329	0.004329	0.051948	0.099567	0.290043	0.337662	0.147186	0.004329	0.051948	0.004329	
0.015152	0.015152	0.015152	0.015152	0.181818	0.015152	0.348485	0.015152	0.015152	0.348485	0.015152	
0.045455	0.045455	0.045455	0.045455	0.045455	0.045455	0.045455	0.545455	0.045455	0.045455	0.045455	
0.012987	0.012987	0.012987	0.012987	0.012987	0.012987	0.155844	0.155844	0.155844	0.012987	0.441558	
0.015152	0.015152	0.015152	0.015152	0.015152	0.015152	0.015152	0.015152	0.015152	0.515152	0.348485	


Matrix B :

0.090909	0.090909	0.090909	0.090909	0.090909	0.090909	0.090909	0.090909	0.090909	0.090909	0.090909	
0.000500	0.264236	0.473027	0.181818	0.060939	0.005994	0.000500	0.011489	0.000500	0.000500	0.000500	
0.000705	0.000705	0.279774	0.403805	0.225511	0.078224	0.008457	0.000705	0.000705	0.000705	0.000705	
0.001109	0.001109	0.001109	0.391353	0.415743	0.062084	0.049889	0.062084	0.013304	0.001109	0.001109	
0.001541	0.001541	0.001541	0.018490	0.425270	0.391371	0.120185	0.018490	0.018490	0.001541	0.001541	
0.003030	0.003030	0.003030	0.003030	0.036364	0.269697	0.203030	0.303030	0.103030	0.069697	0.003030	
0.004329	0.004329	0.004329	0.004329	0.004329	0.099567	0.242424	0.194805	0.337662	0.099567	0.004329	
0.015152	0.015152	0.015152	0.015152	0.015152	0.015152	0.181818	0.181818	0.348485	0.181818	0.015152	
0.045455	0.045455	0.045455	0.045455	0.045455	0.045455	0.045455	0.045455	0.545455	0.045455	0.045455	
0.012987	0.012987	0.012987	0.012987	0.012987	0.012987	0.012987	0.155844	0.155844	0.584416	0.012987	
0.015152	0.015152	0.015152	0.015152	0.015152	0.015152	0.015152	0.015152	0.348485	0.181818	0.348485	


Vector Pi :

0.004329	0.337662	0.290043	0.099567	0.147186	0.051948	0.051948	0.004329	0.004329	0.004329	0.004329	


Vector Phi :

0.001889	0.353607	0.248464	0.158794	0.108073	0.054411	0.036525	0.010780	0.003708	0.012731	0.011018	
