
Parameters: 11 states AND 11 symbols

Matrix A :

0.0909091	0.0909091	0.0909091	0.0909091	0.0909091	0.0909091	0.0909091	0.0909091	0.0909091	0.0909091	0.0909091	
0.000140292	0.818042	0.165264	0.0109428	0.00476992	0.000140292	0.000140292	0.000140292	0.000140292	0.000140292	0.000140292	
0.000261986	0.302856	0.576631	0.0982447	0.0146712	0.00314383	0.00314383	0.000261986	0.000261986	0.000261986	0.000261986	
0.000770416	0.0855162	0.305855	0.466872	0.11094	0.0177196	0.00924499	0.000770416	0.000770416	0.000770416	0.000770416	
0.00221729	0.0266075	0.075388	0.416851	0.27051	0.172949	0.00221729	0.00221729	0.00221729	0.0266075	0.00221729	
0.00378788	0.0454545	0.00378788	0.128788	0.253788	0.378788	0.170455	0.00378788	0.00378788	0.00378788	0.00378788	
0.00909091	0.00909091	0.00909091	0.00909091	0.109091	0.309091	0.109091	0.209091	0.109091	0.00909091	0.109091	
0.0181818	0.218182	0.0181818	0.0181818	0.218182	0.218182	0.218182	0.0181818	0.0181818	0.0181818	0.0181818	
0.0227273	0.0227273	0.0227273	0.0227273	0.0227273	0.0227273	0.272727	0.272727	0.272727	0.0227273	0.0227273	
0.0454545	0.0454545	0.0454545	0.0454545	0.0454545	0.0454545	0.0454545	0.0454545	0.0454545	0.0454545	0.545455	
0.0181818	0.0181818	0.0181818	0.0181818	0.0181818	0.0181818	0.0181818	0.218182	0.218182	0.0181818	0.418182	


Matrix B :

0.0909091	0.0909091	0.0909091	0.0909091	0.0909091	0.0909091	0.0909091	0.0909091	0.0909091	0.0909091	0.0909091	
0.000132521	0.250861	0.412669	0.196926	0.077392	0.0380334	0.0132521	0.00742115	0.00304797	0.000132521	0.000132521	
0.000251826	0.00302191	0.144296	0.352052	0.25787	0.149836	0.072274	0.0196424	0.000251826	0.000251826	0.000251826	
0.000739098	0.000739098	0.0169993	0.12269	0.228381	0.293422	0.179601	0.10643	0.0495196	0.000739098	0.000739098	
0.0021645	0.0021645	0.0021645	0.0735931	0.287879	0.264069	0.264069	0.0735931	0.0021645	0.025974	0.0021645	
0.0034965	0.0034965	0.272727	0.0804196	0.0804196	0.0034965	0.118881	0.234266	0.118881	0.0034965	0.0804196	
0.00909091	0.00909091	0.00909091	0.109091	0.109091	0.109091	0.209091	0.209091	0.109091	0.00909091	0.109091	
0.0181818	0.0181818	0.218182	0.0181818	0.218182	0.0181818	0.0181818	0.218182	0.0181818	0.218182	0.0181818	
0.0227273	0.0227273	0.0227273	0.0227273	0.0227273	0.272727	0.0227273	0.0227273	0.0227273	0.272727	0.272727	
0.0454545	0.0454545	0.0454545	0.0454545	0.0454545	0.545455	0.0454545	0.0454545	0.0454545	0.0454545	0.0454545	
0.0181818	0.0181818	0.0181818	0.0181818	0.218182	0.418182	0.218182	0.0181818	0.0181818	0.0181818	0.0181818	


Vector Pi :

0.00149031	0.608048	0.230999	0.099851	0.0178838	0.0342772	0.00149031	0.00149031	0.00149031	0.00149031	0.00149031	


Vector Phi :

0.000822696	0.540776	0.287686	0.0960176	0.0336424	0.0196939	0.00821283	0.00410908	0.00328779	0.00164324	0.00410933	
