
Parameters: 11 states AND 11 symbols

Matrix A :

0.0909091	0.0909091	0.0909091	0.0909091	0.0909091	0.0909091	0.0909091	0.0909091	0.0909091	0.0909091	0.0909091	
8.1314e-05	0.984876	0.0126037	0.000975768	0.000975768	8.1314e-05	8.1314e-05	8.1314e-05	8.1314e-05	8.1314e-05	8.1314e-05	
0.00252525	0.391414	0.363636	0.141414	0.0858586	0.00252525	0.00252525	0.00252525	0.00252525	0.00252525	0.00252525	
0.00649351	0.149351	0.506494	0.149351	0.149351	0.00649351	0.00649351	0.00649351	0.00649351	0.00649351	0.00649351	
0.010101	0.010101	0.010101	0.343434	0.121212	0.232323	0.010101	0.232323	0.010101	0.010101	0.010101	
0.012987	0.012987	0.155844	0.155844	0.155844	0.155844	0.298701	0.012987	0.012987	0.012987	0.012987	
0.012987	0.012987	0.012987	0.155844	0.012987	0.298701	0.298701	0.155844	0.012987	0.012987	0.012987	
0.0151515	0.0151515	0.0151515	0.0151515	0.0151515	0.0151515	0.348485	0.348485	0.0151515	0.0151515	0.181818	
0.0454545	0.0454545	0.0454545	0.0454545	0.0454545	0.545455	0.0454545	0.0454545	0.0454545	0.0454545	0.0454545	
0.0909091	0.0909091	0.0909091	0.0909091	0.0909091	0.0909091	0.0909091	0.0909091	0.0909091	0.0909091	0.0909091	
0.0227273	0.0227273	0.0227273	0.0227273	0.0227273	0.0227273	0.0227273	0.0227273	0.272727	0.0227273	0.522727	


Matrix B :

0.0909091	0.0909091	0.0909091	0.0909091	0.0909091	0.0909091	0.0909091	0.0909091	0.0909091	0.0909091	0.0909091	
7.74353e-05	0.315239	0.373161	0.178953	0.0767384	0.02989	0.0171132	0.0026328	0.0026328	0.000929224	0.0026328	
0.002457	0.029484	0.137592	0.191646	0.299754	0.218673	0.0565111	0.029484	0.002457	0.029484	0.002457	
0.00568182	0.00568182	0.0681818	0.193182	0.443182	0.0681818	0.0681818	0.0681818	0.0681818	0.00568182	0.00568182	
0.00909091	0.00909091	0.00909091	0.109091	0.709091	0.00909091	0.00909091	0.109091	0.00909091	0.00909091	0.00909091	
0.012987	0.012987	0.012987	0.012987	0.298701	0.584416	0.012987	0.012987	0.012987	0.012987	0.012987	
0.012987	0.012987	0.012987	0.012987	0.155844	0.298701	0.298701	0.155844	0.012987	0.012987	0.012987	
0.0151515	0.0151515	0.0151515	0.0151515	0.348485	0.0151515	0.181818	0.348485	0.0151515	0.0151515	0.0151515	
0.0454545	0.0454545	0.0454545	0.0454545	0.0454545	0.0454545	0.545455	0.0454545	0.0454545	0.0454545	0.0454545	
0.0909091	0.0909091	0.0909091	0.0909091	0.0909091	0.0909091	0.0909091	0.0909091	0.0909091	0.0909091	0.0909091	
0.0227273	0.0227273	0.0227273	0.0227273	0.0227273	0.0227273	0.0227273	0.522727	0.272727	0.0227273	0.0227273	


Vector Pi :

0.00149031	0.919523	0.0178838	0.0342772	0.0178838	0.00149031	0.00149031	0.00149031	0.00149031	0.00149031	0.00149031	


Vector Phi :

0.000829892	0.9278	0.0298757	0.0116184	0.00746897	0.00580926	0.00580928	0.00497936	0.00165979	0.000829892	0.00331959	
