
Parameters: 11 states AND 11 symbols

Matrix A :

0.0909091	0.0909091	0.0909091	0.0909091	0.0909091	0.0909091	0.0909091	0.0909091	0.0909091	0.0909091	0.0909091	
8.34028e-05	0.957882	0.0303586	0.00467056	0.00100083	0.00100083	8.34028e-05	8.34028e-05	0.00191827	0.00191827	0.00100083	
0.00118064	0.468713	0.390791	0.0791027	0.0271547	0.0141677	0.00118064	0.00118064	0.00118064	0.00118064	0.0141677	
0.00505051	0.282828	0.338384	0.171717	0.0606061	0.116162	0.00505051	0.00505051	0.00505051	0.00505051	0.00505051	
0.0181818	0.0181818	0.418182	0.218182	0.0181818	0.218182	0.0181818	0.0181818	0.0181818	0.0181818	0.0181818	
0.012987	0.155844	0.584416	0.012987	0.012987	0.155844	0.012987	0.012987	0.012987	0.012987	0.012987	
0.0909091	0.0909091	0.0909091	0.0909091	0.0909091	0.0909091	0.0909091	0.0909091	0.0909091	0.0909091	0.0909091	
0.0909091	0.0909091	0.0909091	0.0909091	0.0909091	0.0909091	0.0909091	0.0909091	0.0909091	0.0909091	0.0909091	
0.030303	0.363636	0.030303	0.363636	0.030303	0.030303	0.030303	0.030303	0.030303	0.030303	0.030303	
0.030303	0.030303	0.363636	0.363636	0.030303	0.030303	0.030303	0.030303	0.030303	0.030303	0.030303	
0.030303	0.69697	0.030303	0.030303	0.030303	0.030303	0.030303	0.030303	0.030303	0.030303	0.030303	


Matrix B :

0.0909091	0.0909091	0.0909091	0.0909091	0.0909091	0.0909091	0.0909091	0.0909091	0.0909091	0.0909091	0.0909091	
7.96052e-05	0.255771	0.369607	0.206735	0.104283	0.0386085	0.0105875	0.00883617	0.00358223	7.96052e-05	0.00183092	
0.00112233	0.00112233	0.161616	0.23569	0.210999	0.198653	0.0751964	0.0751964	0.0258137	0.00112233	0.013468	
0.00454545	0.104545	0.00454545	0.304545	0.104545	0.304545	0.0545455	0.00454545	0.0545455	0.0545455	0.00454545	
0.0181818	0.0181818	0.0181818	0.218182	0.0181818	0.218182	0.218182	0.0181818	0.0181818	0.218182	0.0181818	
0.0113636	0.0113636	0.0113636	0.261364	0.386364	0.136364	0.0113636	0.136364	0.0113636	0.0113636	0.0113636	
0.0909091	0.0909091	0.0909091	0.0909091	0.0909091	0.0909091	0.0909091	0.0909091	0.0909091	0.0909091	0.0909091	
0.0909091	0.0909091	0.0909091	0.0909091	0.0909091	0.0909091	0.0909091	0.0909091	0.0909091	0.0909091	0.0909091	
0.030303	0.030303	0.363636	0.030303	0.030303	0.363636	0.030303	0.030303	0.030303	0.030303	0.030303	
0.0227273	0.0227273	0.272727	0.0227273	0.0227273	0.0227273	0.522727	0.0227273	0.0227273	0.0227273	0.0227273	
0.030303	0.030303	0.363636	0.030303	0.363636	0.030303	0.030303	0.030303	0.030303	0.030303	0.030303	


Vector Pi :

0.00149031	0.853949	0.0670641	0.0342772	0.00149031	0.0178838	0.00149031	0.00149031	0.00149031	0.0178838	0.00149031	


Vector Phi :

0.00082713	0.901572	0.063689	0.0148883	0.00413565	0.00578991	0.00082713	0.00082713	0.00248139	0.00248139	0.00248139	
