
Parameters: 11 states AND 11 symbols

Matrix A :

0.090909	0.090909	0.090909	0.090909	0.090909	0.090909	0.090909	0.090909	0.090909	0.090909	0.090909	
0.000173	0.941126	0.043983	0.007792	0.003983	0.000173	0.002078	0.000173	0.000173	0.000173	0.000173	
0.001684	0.446128	0.335017	0.186869	0.020202	0.001684	0.001684	0.001684	0.001684	0.001684	0.001684	
0.004132	0.185950	0.322314	0.185950	0.049587	0.095041	0.049587	0.095041	0.004132	0.004132	0.004132	
0.007576	0.174242	0.257576	0.174242	0.174242	0.007576	0.090909	0.007576	0.090909	0.007576	0.007576	
0.022727	0.022727	0.022727	0.022727	0.522727	0.272727	0.022727	0.022727	0.022727	0.022727	0.022727	
0.018182	0.018182	0.018182	0.018182	0.418182	0.018182	0.018182	0.018182	0.218182	0.018182	0.218182	
0.030303	0.030303	0.030303	0.030303	0.363636	0.030303	0.030303	0.030303	0.363636	0.030303	0.030303	
0.018182	0.018182	0.418182	0.218182	0.018182	0.018182	0.218182	0.018182	0.018182	0.018182	0.018182	
0.090909	0.090909	0.090909	0.090909	0.090909	0.090909	0.090909	0.090909	0.090909	0.090909	0.090909	
0.045455	0.045455	0.045455	0.045455	0.045455	0.045455	0.045455	0.045455	0.545455	0.045455	0.045455	


Matrix B :

0.090909	0.090909	0.090909	0.090909	0.090909	0.090909	0.090909	0.090909	0.090909	0.090909	0.090909	
0.000167	0.390276	0.326174	0.177822	0.055112	0.020313	0.011156	0.014819	0.001998	0.000167	0.001998	
0.001623	0.090909	0.430195	0.215909	0.090909	0.037338	0.037338	0.037338	0.037338	0.001623	0.019481	
0.003953	0.047431	0.308300	0.264822	0.221344	0.047431	0.090909	0.003953	0.003953	0.003953	0.003953	
0.007576	0.007576	0.007576	0.424242	0.424242	0.090909	0.007576	0.007576	0.007576	0.007576	0.007576	
0.022727	0.022727	0.022727	0.022727	0.522727	0.272727	0.022727	0.022727	0.022727	0.022727	0.022727	
0.018182	0.018182	0.018182	0.218182	0.018182	0.418182	0.018182	0.018182	0.018182	0.218182	0.018182	
0.030303	0.030303	0.363636	0.030303	0.363636	0.030303	0.030303	0.030303	0.030303	0.030303	0.030303	
0.015152	0.015152	0.015152	0.515152	0.015152	0.015152	0.348485	0.015152	0.015152	0.015152	0.015152	
0.090909	0.090909	0.090909	0.090909	0.090909	0.090909	0.090909	0.090909	0.090909	0.090909	0.090909	
0.045455	0.045455	0.045455	0.045455	0.545455	0.045455	0.045455	0.045455	0.045455	0.045455	0.045455	


Vector Pi :

0.003497	0.811189	0.080420	0.041958	0.003497	0.003497	0.003497	0.003497	0.041958	0.003497	0.003497	


Vector Phi :

0.001577	0.828076	0.085174	0.034700	0.018927	0.006309	0.007886	0.004732	0.007886	0.001577	0.003155	
