
Parameters: 11 states AND 11 symbols

Matrix A :

0.0909091	0.0909091	0.0909091	0.0909091	0.0909091	0.0909091	0.0909091	0.0909091	0.0909091	0.0909091	0.0909091	
0.000178955	0.661596	0.263958	0.0631711	0.00805297	0.00214746	0.000178955	0.000178955	0.000178955	0.000178955	0.000178955	
0.000268168	0.401448	0.404398	0.147761	0.0356664	0.00321802	0.00321802	0.00321802	0.000268168	0.000268168	0.000268168	
0.000534759	0.182888	0.265241	0.294652	0.141711	0.071123	0.0240642	0.0181818	0.000534759	0.000534759	0.000534759	
0.00105708	0.0475687	0.163848	0.256871	0.315011	0.140592	0.0475687	0.0243129	0.00105708	0.00105708	0.00105708	
0.00185529	0.0222635	0.144712	0.226345	0.226345	0.144712	0.124304	0.0426716	0.0222635	0.00185529	0.0426716	
0.0031348	0.0031348	0.0031348	0.106583	0.175549	0.31348	0.175549	0.0721003	0.106583	0.0031348	0.0376176	
0.00606061	0.00606061	0.0727273	0.0727273	0.0727273	0.139394	0.472727	0.139394	0.00606061	0.00606061	0.00606061	
0.0181818	0.0181818	0.0181818	0.0181818	0.218182	0.218182	0.0181818	0.218182	0.0181818	0.0181818	0.218182	
0.0909091	0.0909091	0.0909091	0.0909091	0.0909091	0.0909091	0.0909091	0.0909091	0.0909091	0.0909091	0.0909091	
0.0151515	0.0151515	0.0151515	0.0151515	0.0151515	0.515152	0.181818	0.0151515	0.0151515	0.0151515	0.181818	


Matrix B :

0.0909091	0.0909091	0.0909091	0.0909091	0.0909091	0.0909091	0.0909091	0.0909091	0.0909091	0.0909091	0.0909091	
0.000171527	0.411492	0.347341	0.166209	0.0511149	0.0077187	0.0058319	0.0077187	0.00205832	0.000171527	0.000171527	
0.000252525	0.191919	0.480808	0.211364	0.0752525	0.0169192	0.0169192	0.00580808	0.000252525	0.000252525	0.000252525	
0.0004995	0.0114885	0.451049	0.341159	0.104895	0.0664336	0.016983	0.0004995	0.00599401	0.0004995	0.0004995	
0.00102145	0.00102145	0.360572	0.405516	0.158325	0.0572012	0.0122574	0.00102145	0.00102145	0.00102145	0.00102145	
0.00185529	0.00185529	0.0834879	0.532468	0.226345	0.124304	0.00185529	0.00185529	0.00185529	0.0222635	0.00185529	
0.0030303	0.0030303	0.0030303	0.336364	0.50303	0.069697	0.0363636	0.0030303	0.0030303	0.0030303	0.0363636	
0.00568182	0.00568182	0.00568182	0.255682	0.630682	0.0681818	0.00568182	0.00568182	0.00568182	0.00568182	0.00568182	
0.0181818	0.0181818	0.0181818	0.0181818	0.418182	0.418182	0.0181818	0.0181818	0.0181818	0.0181818	0.0181818	
0.0909091	0.0909091	0.0909091	0.0909091	0.0909091	0.0909091	0.0909091	0.0909091	0.0909091	0.0909091	0.0909091	
0.0151515	0.0151515	0.0151515	0.0151515	0.348485	0.348485	0.181818	0.0151515	0.0151515	0.0151515	0.0151515	


Vector Pi :

0.00149031	0.345753	0.345753	0.198212	0.0506706	0.00149031	0.0178838	0.0342772	0.00149031	0.00149031	0.00149031	


Vector Phi :

0.000809401	0.42318	0.28113	0.140353	0.0705529	0.0398384	0.0231722	0.0112896	0.00401955	0.000809401	0.00484609	
