
Parameters: 11 states AND 11 symbols

Matrix A :

0.0909091	0.0909091	0.0909091	0.0909091	0.0909091	0.0909091	0.0909091	0.0909091	0.0909091	0.0909091	0.0909091	
0.000107331	0.946979	0.0473328	0.000107331	0.00246861	0.00128797	0.000107331	0.000107331	0.000107331	0.000107331	0.00128797	
0.000486145	0.21439	0.674283	0.0913952	0.0111813	0.00583374	0.000486145	0.000486145	0.000486145	0.000486145	0.000486145	
0.0015674	0.0188088	0.294671	0.518809	0.15674	0.0015674	0.0015674	0.0015674	0.0015674	0.0015674	0.0015674	
0.00221729	0.0266075	0.075388	0.221729	0.441242	0.124169	0.0509978	0.0509978	0.00221729	0.00221729	0.00221729	
0.00606061	0.00606061	0.00606061	0.00606061	0.406061	0.206061	0.272727	0.0727273	0.00606061	0.00606061	0.00606061	
0.00534759	0.122995	0.00534759	0.00534759	0.181818	0.181818	0.358289	0.0641711	0.0641711	0.00534759	0.00534759	
0.0113636	0.0113636	0.0113636	0.0113636	0.0113636	0.0113636	0.386364	0.136364	0.386364	0.0113636	0.0113636	
0.00568182	0.00568182	0.00568182	0.0681818	0.00568182	0.0681818	0.0681818	0.130682	0.568182	0.0681818	0.00568182	
0.0151515	0.0151515	0.0151515	0.0151515	0.0151515	0.0151515	0.0151515	0.0151515	0.348485	0.515152	0.0151515	
0.0227273	0.0227273	0.0227273	0.0227273	0.0227273	0.0227273	0.0227273	0.0227273	0.0227273	0.272727	0.522727	


Matrix B :

0.0909091	0.0909091	0.0909091	0.0909091	0.0909091	0.0909091	0.0909091	0.0909091	0.0909091	0.0909091	0.0909091	
0.000102145	0.248417	0.43381	0.207967	0.0787538	0.0270684	0.00347293	0.000102145	0.000102145	0.000102145	0.000102145	
0.000461467	0.0461467	0.360868	0.345639	0.203507	0.020766	0.0156899	0.00553761	0.000461467	0.000461467	0.000461467	
0.001443	0.001443	0.223665	0.350649	0.350649	0.0649351	0.001443	0.001443	0.001443	0.001443	0.001443	
0.00221729	0.00221729	0.148559	0.172949	0.392461	0.24612	0.00221729	0.00221729	0.0266075	0.00221729	0.00221729	
0.00606061	0.00606061	0.00606061	0.272727	0.339394	0.00606061	0.139394	0.206061	0.00606061	0.00606061	0.00606061	
0.00534759	0.00534759	0.0641711	0.358289	0.358289	0.00534759	0.0641711	0.0641711	0.00534759	0.0641711	0.00534759	
0.0113636	0.0113636	0.0113636	0.386364	0.0113636	0.0113636	0.136364	0.261364	0.0113636	0.136364	0.0113636	
0.00534759	0.00534759	0.00534759	0.0641711	0.122995	0.0641711	0.00534759	0.240642	0.181818	0.0641711	0.240642	
0.155844	0.012987	0.012987	0.012987	0.298701	0.012987	0.012987	0.155844	0.155844	0.012987	0.155844	
0.0227273	0.0227273	0.0227273	0.0227273	0.772727	0.0227273	0.0227273	0.0227273	0.0227273	0.0227273	0.0227273	


Vector Pi :

0.00149031	0.706408	0.165425	0.0834575	0.00149031	0.00149031	0.00149031	0.00149031	0.0178838	0.0178838	0.00149031	


Vector Phi :

0.000833381	0.705825	0.155834	0.048335	0.0341684	0.0125008	0.0141678	0.00666721	0.0133347	0.00500037	0.00333342	
