
Parameters: 11 states AND 11 symbols

Matrix A :

0.090909	0.090909	0.090909	0.090909	0.090909	0.090909	0.090909	0.090909	0.090909	0.090909	0.090909	
0.000275	0.903306	0.076033	0.006336	0.009366	0.000275	0.000275	0.000275	0.000275	0.000275	0.003306	
0.001010	0.267677	0.478788	0.189899	0.023232	0.034343	0.001010	0.001010	0.001010	0.001010	0.001010	
0.001443	0.049062	0.271284	0.493506	0.096681	0.033189	0.049062	0.001443	0.001443	0.001443	0.001443	
0.004132	0.095041	0.095041	0.185950	0.185950	0.276860	0.049587	0.049587	0.004132	0.004132	0.049587	
0.003367	0.003367	0.040404	0.225589	0.077441	0.299663	0.188552	0.114478	0.003367	0.003367	0.040404	
0.005348	0.005348	0.005348	0.122995	0.122995	0.181818	0.122995	0.299465	0.064171	0.064171	0.005348	
0.003788	0.087121	0.045455	0.003788	0.087121	0.170455	0.170455	0.253788	0.170455	0.003788	0.003788	
0.007576	0.090909	0.007576	0.007576	0.007576	0.007576	0.090909	0.340909	0.257576	0.174242	0.007576	
0.010101	0.010101	0.010101	0.010101	0.010101	0.010101	0.010101	0.232323	0.232323	0.454545	0.010101	
0.009091	0.009091	0.009091	0.009091	0.009091	0.009091	0.009091	0.209091	0.009091	0.109091	0.609091	


Matrix B :

0.090909	0.090909	0.090909	0.090909	0.090909	0.090909	0.090909	0.090909	0.090909	0.090909	0.090909	
0.000260	0.137403	0.303117	0.280260	0.125974	0.060260	0.048831	0.031688	0.011688	0.000260	0.000260	
0.000999	0.099900	0.143856	0.242757	0.165834	0.121878	0.099900	0.110889	0.011988	0.000999	0.000999	
0.001377	0.001377	0.289256	0.198347	0.243802	0.122590	0.107438	0.016529	0.016529	0.001377	0.001377	
0.004132	0.004132	0.231405	0.231405	0.185950	0.095041	0.095041	0.095041	0.004132	0.004132	0.049587	
0.003247	0.003247	0.074675	0.253247	0.324675	0.074675	0.110390	0.038961	0.110390	0.003247	0.003247	
0.005348	0.005348	0.005348	0.358289	0.299465	0.064171	0.181818	0.005348	0.005348	0.005348	0.064171	
0.003247	0.003247	0.003247	0.253247	0.217532	0.217532	0.110390	0.074675	0.074675	0.038961	0.003247	
0.007576	0.007576	0.007576	0.090909	0.340909	0.090909	0.257576	0.174242	0.007576	0.007576	0.007576	
0.010101	0.010101	0.010101	0.121212	0.121212	0.565657	0.121212	0.010101	0.010101	0.010101	0.010101	
0.008264	0.008264	0.008264	0.099174	0.280992	0.008264	0.190083	0.190083	0.190083	0.008264	0.008264	


Vector Pi :

0.002933	0.615836	0.035191	0.099707	0.002933	0.035191	0.002933	0.131965	0.035191	0.002933	0.035191	


Vector Phi :

0.001581	0.557065	0.149404	0.103231	0.035713	0.043257	0.026783	0.036809	0.016396	0.013524	0.016237	
