
Parameters: 11 states AND 11 symbols

Matrix A :

0.0909091	0.0909091	0.0909091	0.0909091	0.0909091	0.0909091	0.0909091	0.0909091	0.0909091	0.0909091	0.0909091	
0.000213904	0.823743	0.16492	0.00962567	0.000213904	0.000213904	0.000213904	0.000213904	0.000213904	0.000213904	0.000213904	
0.000260485	0.197968	0.65069	0.143527	0.00312581	0.00312581	0.000260485	0.000260485	0.000260485	0.000260485	0.000260485	
0.000363636	0.0203636	0.192364	0.664364	0.108364	0.00836364	0.000363636	0.00436364	0.000363636	0.000363636	0.000363636	
0.00115075	0.013809	0.0264672	0.342923	0.444189	0.153049	0.013809	0.00115075	0.00115075	0.00115075	0.00115075	
0.0021645	0.0021645	0.025974	0.0497835	0.264069	0.430736	0.192641	0.0021645	0.025974	0.0021645	0.0021645	
0.00324675	0.00324675	0.00324675	0.00324675	0.0746753	0.253247	0.538961	0.0746753	0.038961	0.00324675	0.00324675	
0.012987	0.012987	0.012987	0.012987	0.155844	0.012987	0.298701	0.155844	0.298701	0.012987	0.012987	
0.0113636	0.0113636	0.0113636	0.0113636	0.0113636	0.136364	0.136364	0.136364	0.136364	0.261364	0.136364	
0.0151515	0.0151515	0.0151515	0.0151515	0.0151515	0.0151515	0.0151515	0.181818	0.348485	0.181818	0.181818	
0.0181818	0.0181818	0.0181818	0.0181818	0.0181818	0.0181818	0.0181818	0.0181818	0.0181818	0.418182	0.418182	


Matrix B :

0.0909091	0.0909091	0.0909091	0.0909091	0.0909091	0.0909091	0.0909091	0.0909091	0.0909091	0.0909091	0.0909091	
0.00020202	0.346869	0.344646	0.180202	0.080202	0.0224242	0.0179798	0.00464646	0.00242424	0.00020202	0.00020202	
0.000249066	0.0276463	0.427646	0.276961	0.142715	0.0851806	0.0276463	0.00298879	0.00298879	0.00572852	0.000249066	
0.000348311	0.00801115	0.138279	0.364333	0.310693	0.107628	0.0271682	0.015674	0.00417973	0.00417973	0.0195054	
0.00110865	0.00110865	0.0620843	0.184035	0.269401	0.305987	0.110865	0.037694	0.0254989	0.00110865	0.00110865	
0.00206612	0.00206612	0.115702	0.161157	0.297521	0.183884	0.13843	0.0929752	0.00206612	0.00206612	0.00206612	
0.0031348	0.0031348	0.0721003	0.106583	0.278997	0.31348	0.141066	0.0721003	0.0031348	0.0031348	0.0031348	
0.012987	0.155844	0.298701	0.155844	0.012987	0.298701	0.012987	0.012987	0.012987	0.012987	0.012987	
0.0113636	0.0113636	0.261364	0.0113636	0.136364	0.261364	0.261364	0.0113636	0.0113636	0.0113636	0.0113636	
0.012987	0.012987	0.298701	0.012987	0.012987	0.155844	0.441558	0.012987	0.012987	0.012987	0.012987	
0.0151515	0.0151515	0.0151515	0.0151515	0.0151515	0.181818	0.681818	0.0151515	0.0151515	0.0151515	0.0151515	


Vector Pi :

0.00149031	0.394933	0.263785	0.181818	0.0670641	0.0342772	0.0178838	0.00149031	0.00149031	0.0178838	0.0178838	


Vector Phi :

0.000819468	0.359705	0.292005	0.206247	0.0633216	0.0339771	0.0227029	0.00571428	0.00652055	0.00490061	0.00408554	
