
Parameters: 11 states AND 11 symbols

Matrix A :

0.0909091	0.0909091	0.0909091	0.0909091	0.0909091	0.0909091	0.0909091	0.0909091	0.0909091	0.0909091	0.0909091	
0.000210438	0.82197	0.162247	0.0117845	0.00252525	0.000210438	0.000210438	0.000210438	0.000210438	0.000210438	0.000210438	
0.00027972	0.218741	0.634126	0.141818	0.00335664	0.00027972	0.00027972	0.00027972	0.00027972	0.00027972	0.00027972	
0.000441306	0.0198588	0.228597	0.592674	0.150927	0.00529568	0.000441306	0.000441306	0.000441306	0.000441306	0.000441306	
0.000751315	0.0172802	0.00901578	0.240421	0.595793	0.124718	0.00901578	0.000751315	0.000751315	0.000751315	0.000751315	
0.00174825	0.00174825	0.00174825	0.0402098	0.251748	0.463287	0.232517	0.00174825	0.00174825	0.00174825	0.00174825	
0.00221729	0.00221729	0.00221729	0.00221729	0.0509978	0.27051	0.563193	0.0509978	0.0509978	0.00221729	0.00221729	
0.0151515	0.0151515	0.0151515	0.0151515	0.0151515	0.0151515	0.515152	0.348485	0.0151515	0.0151515	0.0151515	
0.0227273	0.0227273	0.0227273	0.0227273	0.0227273	0.0227273	0.0227273	0.272727	0.0227273	0.272727	0.272727	
0.0181818	0.0181818	0.0181818	0.0181818	0.0181818	0.0181818	0.218182	0.0181818	0.218182	0.218182	0.218182	
0.012987	0.012987	0.012987	0.012987	0.012987	0.012987	0.012987	0.012987	0.012987	0.298701	0.584416	


Matrix B :

0.0909091	0.0909091	0.0909091	0.0909091	0.0909091	0.0909091	0.0909091	0.0909091	0.0909091	0.0909091	0.0909091	
0.000201126	0.374095	0.453741	0.141794	0.022325	0.00462591	0.00241352	0.000201126	0.000201126	0.000201126	0.000201126	
0.000265816	0.0441255	0.608453	0.2605	0.0762892	0.00903775	0.000265816	0.000265816	0.000265816	0.000265816	0.000265816	
0.000420875	0.000420875	0.13931	0.481902	0.343013	0.0281987	0.00505051	0.000420875	0.000420875	0.000420875	0.000420875	
0.00071582	0.00071582	0.0164639	0.260558	0.520401	0.181818	0.0164639	0.00071582	0.00071582	0.00071582	0.00071582	
0.0016835	0.0016835	0.0016835	0.0016835	0.353535	0.427609	0.16835	0.0387205	0.0016835	0.0016835	0.0016835	
0.00197628	0.00197628	0.00197628	0.0237154	0.0889328	0.393281	0.349802	0.0889328	0.0454545	0.00197628	0.00197628	
0.0151515	0.0151515	0.0151515	0.0151515	0.0151515	0.0151515	0.181818	0.181818	0.515152	0.0151515	0.0151515	
0.0227273	0.0227273	0.0227273	0.0227273	0.0227273	0.0227273	0.272727	0.0227273	0.272727	0.272727	0.0227273	
0.0181818	0.0181818	0.0181818	0.0181818	0.0181818	0.218182	0.0181818	0.0181818	0.0181818	0.218182	0.418182	
0.012987	0.012987	0.012987	0.012987	0.012987	0.012987	0.727273	0.012987	0.012987	0.012987	0.155844	


Vector Pi :

0.00149031	0.312966	0.280179	0.181818	0.099851	0.0342772	0.0834575	0.00149031	0.00149031	0.00149031	0.00149031	


Vector Phi :

0.000827105	0.36469	0.27122	0.169037	0.0994929	0.0427947	0.0337728	0.00494984	0.00330086	0.00413113	0.00578365	
