
Parameters: 11 states AND 11 symbols

Matrix A :

0.0909091	0.0909091	0.0909091	0.0909091	0.0909091	0.0909091	0.0909091	0.0909091	0.0909091	0.0909091	0.0909091	
0.000256805	0.675398	0.257319	0.0652286	0.000256805	0.000256805	0.000256805	0.000256805	0.000256805	0.000256805	0.000256805	
0.000307125	0.300983	0.459767	0.192875	0.0408477	0.0036855	0.000307125	0.000307125	0.000307125	0.000307125	0.000307125	
0.000383583	0.0932106	0.257768	0.405447	0.190257	0.0425777	0.00460299	0.00460299	0.000383583	0.000383583	0.000383583	
0.000610128	0.0207444	0.0341672	0.336181	0.403295	0.195241	0.00732154	0.000610128	0.000610128	0.000610128	0.000610128	
0.00104493	0.0125392	0.0125392	0.104493	0.31139	0.345873	0.161964	0.0355277	0.00104493	0.0125392	0.00104493	
0.0021645	0.0021645	0.0021645	0.0021645	0.0735931	0.311688	0.406926	0.168831	0.025974	0.0021645	0.0021645	
0.00413223	0.00413223	0.00413223	0.0495868	0.0495868	0.140496	0.367769	0.27686	0.0950413	0.00413223	0.00413223	
0.010101	0.010101	0.010101	0.010101	0.010101	0.010101	0.010101	0.343434	0.454545	0.010101	0.121212	
0.0227273	0.0227273	0.0227273	0.0227273	0.0227273	0.0227273	0.0227273	0.272727	0.272727	0.0227273	0.272727	
0.0227273	0.0227273	0.0227273	0.0227273	0.0227273	0.0227273	0.0227273	0.0227273	0.0227273	0.522727	0.272727	


Matrix B :

0.0909091	0.0909091	0.0909091	0.0909091	0.0909091	0.0909091	0.0909091	0.0909091	0.0909091	0.0909091	0.0909091	
0.000247036	0.337204	0.323617	0.187747	0.076334	0.0437253	0.0247036	0.00296443	0.00296443	0.000247036	0.000247036	
0.000290444	0.182399	0.393262	0.220738	0.0961371	0.0609933	0.0226547	0.0162649	0.00668022	0.000290444	0.000290444	
0.00036075	0.0281385	0.448773	0.262266	0.178932	0.0479798	0.0241703	0.00036075	0.00829726	0.00036075	0.00036075	
0.000582751	0.00699301	0.276224	0.43648	0.154429	0.0839161	0.000582751	0.0134033	0.0134033	0.000582751	0.0134033	
0.0010101	0.0010101	0.10101	0.512121	0.245455	0.089899	0.0343434	0.0010101	0.0010101	0.0121212	0.0010101	
0.00206612	0.00206612	0.00206612	0.342975	0.274793	0.183884	0.115702	0.0702479	0.00206612	0.00206612	0.00206612	
0.00395257	0.00395257	0.0474308	0.482213	0.177866	0.221344	0.0474308	0.00395257	0.00395257	0.00395257	0.00395257	
0.010101	0.010101	0.010101	0.565657	0.343434	0.010101	0.010101	0.010101	0.010101	0.010101	0.010101	
0.0181818	0.0181818	0.0181818	0.418182	0.418182	0.0181818	0.0181818	0.0181818	0.0181818	0.0181818	0.0181818	
0.0227273	0.0227273	0.0227273	0.0227273	0.522727	0.272727	0.0227273	0.0227273	0.0227273	0.0227273	0.0227273	


Vector Pi :

0.00149031	0.214605	0.296572	0.247392	0.116244	0.0506706	0.0342772	0.0178838	0.00149031	0.0178838	0.00149031	


Vector Phi :

0.000829063	0.295391	0.244732	0.196415	0.123433	0.0720801	0.0348005	0.0182305	0.00745884	0.00331534	0.00331554	
