
Parameters: 11 states AND 11 symbols

Matrix A :

0.090909	0.090909	0.090909	0.090909	0.090909	0.090909	0.090909	0.090909	0.090909	0.090909	0.090909	
0.000289	0.876479	0.076479	0.016162	0.009812	0.006638	0.006638	0.003463	0.000289	0.003463	0.000289	
0.001181	0.312869	0.429752	0.131051	0.040142	0.040142	0.001181	0.014168	0.027155	0.001181	0.001181	
0.002392	0.212919	0.212919	0.160287	0.133971	0.107656	0.081340	0.028708	0.028708	0.002392	0.028708	
0.002674	0.090909	0.179144	0.149733	0.237968	0.179144	0.090909	0.061497	0.002674	0.002674	0.002674	
0.003636	0.043636	0.043636	0.243636	0.163636	0.123636	0.163636	0.083636	0.123636	0.003636	0.003636	
0.003953	0.003953	0.003953	0.003953	0.264822	0.177866	0.308300	0.134387	0.047431	0.047431	0.003953	
0.004329	0.051948	0.051948	0.051948	0.099567	0.051948	0.147186	0.242424	0.147186	0.051948	0.099567	
0.005051	0.060606	0.171717	0.060606	0.005051	0.005051	0.005051	0.171717	0.116162	0.393939	0.005051	
0.002933	0.002933	0.002933	0.067449	0.067449	0.035191	0.002933	0.067449	0.099707	0.551320	0.099707	
0.004132	0.004132	0.004132	0.049587	0.004132	0.004132	0.004132	0.004132	0.095041	0.140496	0.685950	


Matrix B :

0.090909	0.090909	0.090909	0.090909	0.090909	0.090909	0.090909	0.090909	0.090909	0.090909	0.090909	
0.000271	0.393128	0.327652	0.122294	0.092532	0.033009	0.021104	0.006223	0.003247	0.000271	0.000271	
0.001151	0.241657	0.317606	0.153049	0.140391	0.089758	0.039125	0.013809	0.001151	0.001151	0.001151	
0.002273	0.227273	0.077273	0.252273	0.152273	0.152273	0.027273	0.077273	0.027273	0.002273	0.002273	
0.002525	0.196970	0.308081	0.085859	0.113636	0.169192	0.058081	0.058081	0.002525	0.002525	0.002525	
0.003497	0.041958	0.465035	0.195804	0.195804	0.080420	0.003497	0.003497	0.003497	0.003497	0.003497	
0.003788	0.128788	0.420455	0.128788	0.045455	0.212121	0.003788	0.045455	0.003788	0.003788	0.003788	
0.004329	0.004329	0.147186	0.528139	0.147186	0.004329	0.099567	0.004329	0.004329	0.051948	0.004329	
0.004785	0.004785	0.110048	0.162679	0.110048	0.162679	0.162679	0.110048	0.110048	0.057416	0.004785	
0.002933	0.067449	0.099707	0.131965	0.099707	0.099707	0.131965	0.099707	0.067449	0.067449	0.131965	
0.004132	0.049587	0.095041	0.276860	0.140496	0.185950	0.140496	0.004132	0.095041	0.004132	0.004132	


Vector Pi :

0.002933	0.680352	0.067449	0.067449	0.067449	0.035191	0.035191	0.002933	0.035191	0.002933	0.002933	


Vector Phi :

0.001653	0.520661	0.127273	0.062810	0.056198	0.041322	0.038017	0.034711	0.029752	0.051240	0.036364	
