
Parameters: 11 states AND 11 symbols

Matrix A :

0.0909091	0.0909091	0.0909091	0.0909091	0.0909091	0.0909091	0.0909091	0.0909091	0.0909091	0.0909091	0.0909091	
0.000242424	0.762909	0.218909	0.0162424	0.000242424	0.000242424	0.000242424	0.000242424	0.000242424	0.000242424	0.000242424	
0.000285878	0.264437	0.541166	0.179531	0.0128645	0.000285878	0.000285878	0.000285878	0.000285878	0.000285878	0.000285878	
0.000413223	0.018595	0.26405	0.527686	0.182231	0.00495868	0.000413223	0.000413223	0.000413223	0.000413223	0.000413223	
0.000699301	0.000699301	0.0391608	0.293007	0.46993	0.16993	0.0160839	0.00839161	0.000699301	0.000699301	0.000699301	
0.0012285	0.0012285	0.0012285	0.0282555	0.271499	0.555283	0.12285	0.014742	0.0012285	0.0012285	0.0012285	
0.00252525	0.00252525	0.00252525	0.00252525	0.113636	0.252525	0.391414	0.224747	0.00252525	0.00252525	0.00252525	
0.00324675	0.00324675	0.00324675	0.00324675	0.00324675	0.00324675	0.324675	0.538961	0.0746753	0.038961	0.00324675	
0.0113636	0.0113636	0.0113636	0.0113636	0.0113636	0.0113636	0.136364	0.261364	0.261364	0.136364	0.136364	
0.0181818	0.0181818	0.0181818	0.0181818	0.0181818	0.0181818	0.0181818	0.0181818	0.418182	0.418182	0.0181818	
0.0181818	0.0181818	0.0181818	0.0181818	0.0181818	0.0181818	0.0181818	0.0181818	0.218182	0.0181818	0.618182	


Matrix B :

0.0909091	0.0909091	0.0909091	0.0909091	0.0909091	0.0909091	0.0909091	0.0909091	0.0909091	0.0909091	0.0909091	
0.000231911	0.242579	0.24513	0.250232	0.127783	0.0997217	0.0257421	0.00788497	0.000231911	0.000231911	0.000231911	
0.000272183	0.0391943	0.293685	0.290691	0.224823	0.0870985	0.0451824	0.00925422	0.00925422	0.000272183	0.000272183	
0.00039185	0.00039185	0.142633	0.422806	0.259013	0.121082	0.0176332	0.0219436	0.00470219	0.00901254	0.00039185	
0.000668449	0.000668449	0.00802139	0.221257	0.191845	0.258021	0.162433	0.059492	0.059492	0.0227273	0.0153743	
0.00113636	0.00113636	0.00113636	0.101136	0.113636	0.251136	0.151136	0.126136	0.126136	0.101136	0.0261364	
0.002457	0.002457	0.002457	0.002457	0.0835381	0.191646	0.164619	0.218673	0.110565	0.0565111	0.164619	
0.0030303	0.0030303	0.0030303	0.0030303	0.0030303	0.369697	0.20303	0.30303	0.0363636	0.0363636	0.0363636	
0.0113636	0.0113636	0.0113636	0.0113636	0.0113636	0.0113636	0.261364	0.0113636	0.136364	0.136364	0.386364	
0.0181818	0.0181818	0.0181818	0.0181818	0.0181818	0.0181818	0.618182	0.0181818	0.0181818	0.0181818	0.218182	
0.0181818	0.0181818	0.0181818	0.0181818	0.0181818	0.0181818	0.0181818	0.218182	0.618182	0.0181818	0.0181818	


Vector Pi :

0.00149031	0.280179	0.263785	0.198212	0.099851	0.099851	0.0178838	0.0342772	0.00149031	0.00149031	0.00149031	


Vector Phi :

0.000833425	0.312486	0.264992	0.183333	0.108338	0.0616725	0.0300046	0.0233376	0.00666799	0.00416746	0.00416748	
