
Parameters: 11 states AND 11 symbols

Matrix A :

0.0909091	0.0909091	0.0909091	0.0909091	0.0909091	0.0909091	0.0909091	0.0909091	0.0909091	0.0909091	0.0909091	
9.57946e-05	0.964269	0.0348692	9.57946e-05	9.57946e-05	9.57946e-05	9.57946e-05	9.57946e-05	9.57946e-05	9.57946e-05	9.57946e-05	
0.000528541	0.186575	0.762156	0.0470402	0.000528541	0.000528541	0.000528541	0.000528541	0.000528541	0.000528541	0.000528541	
0.00378788	0.00378788	0.295455	0.503788	0.128788	0.00378788	0.00378788	0.00378788	0.0454545	0.00378788	0.00378788	
0.00505051	0.00505051	0.00505051	0.171717	0.671717	0.116162	0.00505051	0.00505051	0.00505051	0.00505051	0.00505051	
0.00505051	0.00505051	0.00505051	0.0606061	0.116162	0.671717	0.116162	0.00505051	0.00505051	0.00505051	0.00505051	
0.0227273	0.0227273	0.0227273	0.0227273	0.0227273	0.522727	0.272727	0.0227273	0.0227273	0.0227273	0.0227273	
0.0909091	0.0909091	0.0909091	0.0909091	0.0909091	0.0909091	0.0909091	0.0909091	0.0909091	0.0909091	0.0909091	
0.0454545	0.0454545	0.0454545	0.0454545	0.0454545	0.0454545	0.0454545	0.0454545	0.0454545	0.0454545	0.545455	
0.0454545	0.0454545	0.0454545	0.0454545	0.0454545	0.0454545	0.0454545	0.0454545	0.0454545	0.0454545	0.545455	
0.010101	0.010101	0.010101	0.010101	0.010101	0.121212	0.010101	0.010101	0.010101	0.121212	0.676768	


Matrix B :

0.0909091	0.0909091	0.0909091	0.0909091	0.0909091	0.0909091	0.0909091	0.0909091	0.0909091	0.0909091	0.0909091	
9.10001e-05	0.112203	0.253344	0.252343	0.15925	0.125216	0.0681591	0.018109	0.00809901	0.001092	0.002093	
0.000510725	0.000510725	0.0566905	0.107252	0.14096	0.264556	0.236466	0.0847804	0.0510725	0.0398366	0.0173647	
0.00363636	0.00363636	0.0836364	0.123636	0.243636	0.203636	0.163636	0.123636	0.0436364	0.00363636	0.00363636	
0.00454545	0.00454545	0.104545	0.00454545	0.204545	0.404545	0.254545	0.00454545	0.00454545	0.00454545	0.00454545	
0.00478469	0.00478469	0.110048	0.373206	0.0574163	0.110048	0.215311	0.110048	0.00478469	0.00478469	0.00478469	
0.0227273	0.0227273	0.0227273	0.272727	0.272727	0.0227273	0.0227273	0.272727	0.0227273	0.0227273	0.0227273	
0.0909091	0.0909091	0.0909091	0.0909091	0.0909091	0.0909091	0.0909091	0.0909091	0.0909091	0.0909091	0.0909091	
0.0454545	0.0454545	0.0454545	0.545455	0.0454545	0.0454545	0.0454545	0.0454545	0.0454545	0.0454545	0.0454545	
0.0454545	0.0454545	0.0454545	0.545455	0.0454545	0.0454545	0.0454545	0.0454545	0.0454545	0.0454545	0.0454545	
0.010101	0.010101	0.121212	0.343434	0.454545	0.010101	0.010101	0.010101	0.010101	0.010101	0.010101	


Vector Pi :

0.00149031	0.837556	0.099851	0.00149031	0.0342772	0.0178838	0.00149031	0.00149031	0.00149031	0.00149031	0.00149031	


Vector Phi :

0.000909955	0.780307	0.145672	0.0228844	0.0169197	0.0167184	0.00369371	0.000909955	0.00186385	0.00183169	0.00828927	
