
Parameters: 11 states AND 11 symbols

Matrix A :

0.090909	0.090909	0.090909	0.090909	0.090909	0.090909	0.090909	0.090909	0.090909	0.090909	0.090909	
0.000348	0.824103	0.126785	0.031000	0.000348	0.008011	0.004180	0.004180	0.000348	0.000348	0.000348	
0.000842	0.306397	0.408249	0.158249	0.047138	0.019360	0.010101	0.019360	0.019360	0.010101	0.000842	
0.001337	0.118984	0.310160	0.295455	0.148396	0.030749	0.060160	0.001337	0.016043	0.016043	0.001337	
0.002674	0.032086	0.090909	0.267380	0.208556	0.267380	0.061497	0.002674	0.002674	0.032086	0.032086	
0.003030	0.036364	0.169697	0.136364	0.169697	0.203030	0.036364	0.203030	0.036364	0.003030	0.003030	
0.005051	0.005051	0.060606	0.227273	0.171717	0.116162	0.005051	0.116162	0.227273	0.005051	0.060606	
0.004132	0.004132	0.004132	0.004132	0.049587	0.140496	0.140496	0.413223	0.049587	0.185950	0.004132	
0.003367	0.077441	0.003367	0.114478	0.003367	0.040404	0.188552	0.040404	0.373737	0.077441	0.077441	
0.004785	0.057416	0.004785	0.110048	0.057416	0.057416	0.004785	0.004785	0.267943	0.162679	0.267943	
0.005348	0.005348	0.005348	0.005348	0.064171	0.064171	0.005348	0.005348	0.064171	0.358289	0.417112	


Matrix B :

0.090909	0.090909	0.090909	0.090909	0.090909	0.090909	0.090909	0.090909	0.090909	0.090909	0.090909	
0.000332	0.328799	0.376244	0.186463	0.076974	0.014930	0.014930	0.000332	0.000332	0.000332	0.000332	
0.000791	0.209486	0.357312	0.235573	0.113834	0.018182	0.026877	0.035573	0.000791	0.000791	0.000791	
0.001229	0.082310	0.312039	0.176904	0.244472	0.122850	0.014742	0.028256	0.014742	0.001229	0.001229	
0.002674	0.090909	0.149733	0.237968	0.120321	0.237968	0.061497	0.090909	0.002674	0.002674	0.002674	
0.002933	0.067449	0.228739	0.131965	0.228739	0.164223	0.035191	0.067449	0.067449	0.002933	0.002933	
0.004785	0.057416	0.162679	0.267943	0.110048	0.162679	0.057416	0.110048	0.057416	0.004785	0.004785	
0.004132	0.004132	0.276860	0.095041	0.095041	0.049587	0.140496	0.095041	0.140496	0.095041	0.004132	
0.003367	0.003367	0.077441	0.077441	0.151515	0.299663	0.077441	0.151515	0.077441	0.077441	0.003367	
0.004329	0.004329	0.051948	0.242424	0.051948	0.051948	0.194805	0.051948	0.099567	0.147186	0.099567	
0.005348	0.064171	0.064171	0.181818	0.005348	0.122995	0.181818	0.122995	0.005348	0.122995	0.122995	


Vector Pi :

0.002933	0.390029	0.228739	0.196481	0.002933	0.035191	0.035191	0.002933	0.035191	0.067449	0.002933	


Vector Phi :

0.001620	0.439610	0.179412	0.111579	0.055564	0.048888	0.028916	0.035774	0.041097	0.030470	0.027070	
