
Parameters: 11 states AND 11 symbols

Matrix A :

0.090909	0.090909	0.090909	0.090909	0.090909	0.090909	0.090909	0.090909	0.090909	0.090909	0.090909	
0.000390	0.820133	0.142021	0.013266	0.013266	0.008974	0.000390	0.000390	0.000390	0.000390	0.000390	
0.000602	0.225768	0.563516	0.166165	0.027092	0.007225	0.000602	0.000602	0.000602	0.000602	0.007225	
0.001045	0.058516	0.299896	0.426332	0.173459	0.035528	0.001045	0.001045	0.001045	0.001045	0.001045	
0.001715	0.020583	0.058319	0.265866	0.435678	0.114923	0.058319	0.001715	0.001715	0.039451	0.001715	
0.004132	0.049587	0.049587	0.185950	0.185950	0.049587	0.276860	0.140496	0.049587	0.004132	0.004132	
0.004785	0.004785	0.057416	0.057416	0.110048	0.215311	0.320574	0.162679	0.004785	0.057416	0.004785	
0.006993	0.006993	0.083916	0.083916	0.083916	0.006993	0.160839	0.391608	0.160839	0.006993	0.006993	
0.018182	0.018182	0.018182	0.018182	0.018182	0.018182	0.218182	0.018182	0.218182	0.218182	0.218182	
0.010101	0.010101	0.010101	0.010101	0.010101	0.454545	0.010101	0.121212	0.010101	0.010101	0.343434	
0.007576	0.007576	0.090909	0.007576	0.007576	0.007576	0.007576	0.007576	0.007576	0.340909	0.507576	


Matrix B :

0.090909	0.090909	0.090909	0.090909	0.090909	0.090909	0.090909	0.090909	0.090909	0.090909	0.090909	
0.000377	0.187099	0.311581	0.278386	0.141456	0.058469	0.012825	0.008676	0.000377	0.000377	0.000377	
0.000575	0.013234	0.171461	0.260069	0.247411	0.203107	0.051208	0.032221	0.019563	0.000575	0.000575	
0.000988	0.000988	0.044466	0.164032	0.164032	0.218379	0.207510	0.077075	0.055336	0.055336	0.011858	
0.001541	0.001541	0.018490	0.204931	0.154083	0.272727	0.137134	0.120185	0.052388	0.018490	0.018490	
0.003788	0.045455	0.087121	0.045455	0.170455	0.212121	0.045455	0.212121	0.045455	0.128788	0.003788	
0.004785	0.004785	0.110048	0.004785	0.110048	0.110048	0.478469	0.004785	0.004785	0.110048	0.057416	
0.006494	0.006494	0.006494	0.077922	0.077922	0.077922	0.149351	0.149351	0.292208	0.006494	0.149351	
0.018182	0.018182	0.018182	0.018182	0.018182	0.018182	0.418182	0.018182	0.418182	0.018182	0.018182	
0.009091	0.109091	0.009091	0.209091	0.109091	0.109091	0.009091	0.409091	0.009091	0.009091	0.009091	
0.007576	0.090909	0.007576	0.007576	0.340909	0.174242	0.090909	0.257576	0.007576	0.007576	0.007576	


Vector Pi :

0.002933	0.260997	0.196481	0.196481	0.196481	0.067449	0.002933	0.035191	0.002933	0.035191	0.002933	


Vector Phi :

0.001645	0.387047	0.251960	0.141144	0.086791	0.036109	0.031177	0.021345	0.008212	0.014795	0.019775	
