
Parameters: 11 states AND 11 symbols

Matrix A :

0.0454545	0.0454545	0.0454545	0.0454545	0.0454545	0.0454545	0.0454545	0.0454545	0.0454545	0.0454545	0.545455	
0.00027972	0.707972	0.267972	0.0187413	0.00335664	0.00027972	0.00027972	0.00027972	0.00027972	0.00027972	0.00027972	
0.0003367	0.311448	0.415152	0.244781	0.0188552	0.00774411	0.0003367	0.0003367	0.0003367	0.0003367	0.0003367	
0.000366569	0.0447214	0.246334	0.48827	0.177786	0.0326246	0.00439883	0.00439883	0.000366569	0.000366569	0.000366569	
0.000610128	0.000610128	0.0543014	0.309335	0.450275	0.14155	0.0341672	0.000610128	0.00732154	0.000610128	0.000610128	
0.000988142	0.000988142	0.0118577	0.0770751	0.294466	0.424901	0.174901	0.0118577	0.000988142	0.000988142	0.000988142	
0.00151515	0.00151515	0.00151515	0.00151515	0.0681818	0.301515	0.401515	0.201515	0.0181818	0.00151515	0.00151515	
0.0031348	0.0031348	0.0031348	0.0031348	0.0031348	0.106583	0.382445	0.278997	0.175549	0.0031348	0.0376176	
0.00649351	0.00649351	0.00649351	0.00649351	0.00649351	0.00649351	0.0779221	0.363636	0.363636	0.0779221	0.0779221	
0.012987	0.012987	0.012987	0.012987	0.012987	0.012987	0.155844	0.155844	0.155844	0.441558	0.012987	
0.272727	0.0227273	0.0227273	0.0227273	0.0227273	0.0227273	0.0227273	0.0227273	0.0227273	0.522727	0.0227273	


Matrix B :

0.0454545	0.0454545	0.0454545	0.0454545	0.0454545	0.0454545	0.0454545	0.545455	0.0454545	0.0454545	0.0454545	
0.000264271	0.375264	0.337474	0.224101	0.0467759	0.0147992	0.000264271	0.000264271	0.000264271	0.000264271	0.000264271	
0.00032352	0.0465869	0.534131	0.270786	0.12132	0.0216758	0.00388224	0.00032352	0.00032352	0.00032352	0.00032352	
0.00034965	0.00034965	0.115734	0.488811	0.234965	0.10035	0.0503497	0.00804196	0.00034965	0.00034965	0.00034965	
0.000582751	0.000582751	0.000582751	0.224942	0.385198	0.256993	0.0710956	0.0390443	0.00699301	0.0134033	0.000582751	
0.00090009	0.00090009	0.00090009	0.0207021	0.39694	0.278128	0.129613	0.060306	0.080108	0.0108011	0.0207021	
0.00149031	0.00149031	0.00149031	0.00149031	0.116244	0.296572	0.247392	0.247392	0.0834575	0.00149031	0.00149031	
0.0030303	0.0030303	0.0030303	0.0030303	0.0030303	0.269697	0.30303	0.269697	0.10303	0.0363636	0.0030303	
0.00649351	0.00649351	0.00649351	0.00649351	0.00649351	0.149351	0.292208	0.149351	0.292208	0.00649351	0.0779221	
0.012987	0.012987	0.012987	0.012987	0.012987	0.012987	0.155844	0.584416	0.155844	0.012987	0.012987	
0.0227273	0.0227273	0.0227273	0.0227273	0.0227273	0.0227273	0.0227273	0.522727	0.0227273	0.272727	0.0227273	


Vector Pi :

0.00149031	0.296572	0.181818	0.214605	0.116244	0.149031	0.0178838	0.0178838	0.00149031	0.00149031	0.00149031	


Vector Phi :

0.00165931	0.274036	0.225601	0.204837	0.123299	0.0761583	0.0496758	0.0240151	0.0115973	0.00580437	0.00331636	
