
Parameters: 11 states AND 11 symbols

Matrix A :

0.090909	0.090909	0.090909	0.090909	0.090909	0.090909	0.090909	0.090909	0.090909	0.090909	0.090909	
0.000489	0.694037	0.253177	0.043500	0.005865	0.000489	0.000489	0.000489	0.000489	0.000489	0.000489	
0.000598	0.309809	0.434809	0.217703	0.033493	0.000598	0.000598	0.000598	0.000598	0.000598	0.000598	
0.000819	0.072891	0.298116	0.415233	0.190008	0.018837	0.000819	0.000819	0.000819	0.000819	0.000819	
0.001136	0.013636	0.051136	0.263636	0.438636	0.188636	0.013636	0.026136	0.001136	0.001136	0.001136	
0.002217	0.002217	0.026608	0.026608	0.368071	0.441242	0.099778	0.026608	0.002217	0.002217	0.002217	
0.008264	0.008264	0.008264	0.099174	0.099174	0.371901	0.099174	0.190083	0.008264	0.099174	0.008264	
0.009091	0.009091	0.009091	0.009091	0.109091	0.109091	0.309091	0.209091	0.109091	0.109091	0.009091	
0.022727	0.022727	0.022727	0.022727	0.022727	0.022727	0.272727	0.272727	0.022727	0.022727	0.272727	
0.018182	0.018182	0.018182	0.018182	0.018182	0.018182	0.018182	0.218182	0.418182	0.018182	0.218182	
0.022727	0.022727	0.022727	0.022727	0.022727	0.022727	0.022727	0.022727	0.022727	0.522727	0.272727	


Matrix B :

0.090909	0.090909	0.090909	0.090909	0.090909	0.090909	0.090909	0.090909	0.090909	0.090909	0.090909	
0.000469	0.314902	0.268510	0.155108	0.108716	0.062324	0.046860	0.015933	0.021087	0.005623	0.000469	
0.000575	0.190449	0.367664	0.196778	0.114499	0.095512	0.006904	0.006904	0.013234	0.006904	0.000575	
0.000777	0.026418	0.411033	0.231546	0.111888	0.086247	0.026418	0.043512	0.043512	0.017871	0.000777	
0.001122	0.001122	0.272727	0.260382	0.149270	0.161616	0.050505	0.050505	0.013468	0.001122	0.038159	
0.002066	0.002066	0.047521	0.479339	0.252066	0.070248	0.070248	0.047521	0.024793	0.002066	0.002066	
0.008264	0.008264	0.008264	0.371901	0.190083	0.099174	0.008264	0.190083	0.099174	0.008264	0.008264	
0.009091	0.009091	0.009091	0.109091	0.309091	0.409091	0.109091	0.009091	0.009091	0.009091	0.009091	
0.022727	0.022727	0.022727	0.022727	0.522727	0.272727	0.022727	0.022727	0.022727	0.022727	0.022727	
0.018182	0.018182	0.018182	0.018182	0.418182	0.418182	0.018182	0.018182	0.018182	0.018182	0.018182	
0.022727	0.022727	0.022727	0.022727	0.272727	0.272727	0.272727	0.022727	0.022727	0.022727	0.022727	


Vector Pi :

0.003636	0.323636	0.243636	0.243636	0.043636	0.123636	0.003636	0.003636	0.003636	0.003636	0.003636	


Vector Phi :

0.001653	0.307438	0.251240	0.183471	0.132231	0.067769	0.018182	0.016529	0.006612	0.008264	0.006612	
