
Parameters: 11 states AND 11 symbols

Matrix A :

0.0909091	0.0909091	0.0909091	0.0909091	0.0909091	0.0909091	0.0909091	0.0909091	0.0909091	0.0909091	0.0909091	
0.00017584	0.891859	0.10269	0.00404431	0.00017584	0.00017584	0.00017584	0.00017584	0.00017584	0.00017584	0.00017584	
0.000321234	0.191134	0.671699	0.12753	0.0038548	0.0038548	0.000321234	0.000321234	0.000321234	0.000321234	0.000321234	
0.0004914	0.00589681	0.205897	0.670762	0.103194	0.0113022	0.0004914	0.0004914	0.0004914	0.0004914	0.0004914	
0.000865801	0.000865801	0.0103896	0.200866	0.658009	0.124675	0.000865801	0.000865801	0.000865801	0.000865801	0.000865801	
0.00197628	0.00197628	0.00197628	0.0237154	0.306324	0.458498	0.15415	0.0454545	0.00197628	0.00197628	0.00197628	
0.00413223	0.00413223	0.00413223	0.00413223	0.0495868	0.27686	0.458678	0.18595	0.00413223	0.00413223	0.00413223	
0.00454545	0.00454545	0.00454545	0.00454545	0.00454545	0.104545	0.204545	0.454545	0.154545	0.0545455	0.00454545	
0.012987	0.012987	0.012987	0.012987	0.012987	0.012987	0.012987	0.584416	0.012987	0.298701	0.012987	
0.00909091	0.00909091	0.00909091	0.00909091	0.00909091	0.00909091	0.00909091	0.00909091	0.309091	0.509091	0.109091	
0.0227273	0.0227273	0.0227273	0.0227273	0.0227273	0.0227273	0.0227273	0.0227273	0.0227273	0.272727	0.522727	


Matrix B :

0.0909091	0.0909091	0.0909091	0.0909091	0.0909091	0.0909091	0.0909091	0.0909091	0.0909091	0.0909091	0.0909091	
0.000166806	0.247873	0.330442	0.235029	0.112093	0.0423686	0.0148457	0.011176	0.00567139	0.000166806	0.000166806	
0.000305064	0.0439292	0.362721	0.298963	0.137889	0.0875534	0.0506406	0.0137279	0.00366077	0.000305064	0.000305064	
0.000473485	0.000473485	0.16714	0.339015	0.250473	0.120265	0.0681818	0.0317235	0.0213068	0.000473485	0.000473485	
0.000819001	0.000819001	0.108927	0.135954	0.406224	0.153972	0.0819001	0.0728911	0.036855	0.000819001	0.000819001	
0.00185529	0.00185529	0.0426716	0.328386	0.28757	0.185529	0.124304	0.00185529	0.00185529	0.0222635	0.00185529	
0.00413223	0.00413223	0.00413223	0.0950413	0.367769	0.231405	0.140496	0.0950413	0.0495868	0.00413223	0.00413223	
0.00454545	0.00454545	0.00454545	0.00454545	0.204545	0.254545	0.204545	0.154545	0.0545455	0.00454545	0.104545	
0.012987	0.012987	0.012987	0.012987	0.012987	0.155844	0.012987	0.584416	0.012987	0.012987	0.155844	
0.00826446	0.00826446	0.00826446	0.00826446	0.00826446	0.0991736	0.46281	0.0991736	0.280992	0.00826446	0.00826446	
0.0227273	0.0227273	0.0227273	0.0227273	0.0227273	0.0227273	0.0227273	0.772727	0.0227273	0.0227273	0.0227273	


Vector Pi :

0.00149031	0.460507	0.247392	0.116244	0.099851	0.0506706	0.00149031	0.00149031	0.00149031	0.0178838	0.00149031	


Vector Phi :

0.00083482	0.430521	0.235764	0.154225	0.0876103	0.0384017	0.0183779	0.0167134	0.00585064	0.00835892	0.00334253	
