
Parameters: 11 states AND 11 symbols

Matrix A :

0.090909	0.090909	0.090909	0.090909	0.090909	0.090909	0.090909	0.090909	0.090909	0.090909	0.090909	
0.000189	0.890002	0.075033	0.014742	0.004347	0.000189	0.002268	0.008505	0.000189	0.002268	0.002268	
0.001229	0.474201	0.325553	0.109337	0.001229	0.041769	0.028256	0.001229	0.001229	0.001229	0.014742	
0.004329	0.337662	0.290043	0.051948	0.242424	0.051948	0.004329	0.004329	0.004329	0.004329	0.004329	
0.010101	0.565657	0.232323	0.121212	0.010101	0.010101	0.010101	0.010101	0.010101	0.010101	0.010101	
0.011364	0.261364	0.261364	0.136364	0.136364	0.136364	0.011364	0.011364	0.011364	0.011364	0.011364	
0.022727	0.022727	0.522727	0.022727	0.022727	0.272727	0.022727	0.022727	0.022727	0.022727	0.022727	
0.018182	0.218182	0.218182	0.218182	0.018182	0.218182	0.018182	0.018182	0.018182	0.018182	0.018182	
0.090909	0.090909	0.090909	0.090909	0.090909	0.090909	0.090909	0.090909	0.090909	0.090909	0.090909	
0.045455	0.545455	0.045455	0.045455	0.045455	0.045455	0.045455	0.045455	0.045455	0.045455	0.045455	
0.030303	0.363636	0.030303	0.363636	0.030303	0.030303	0.030303	0.030303	0.030303	0.030303	0.030303	


Matrix B :

0.090909	0.090909	0.090909	0.090909	0.090909	0.090909	0.090909	0.090909	0.090909	0.090909	0.090909	
0.000179	0.163887	0.317734	0.242783	0.152053	0.069213	0.037655	0.008069	0.008069	0.000179	0.000179	
0.001212	0.014545	0.187879	0.294545	0.307879	0.094545	0.081212	0.001212	0.014545	0.001212	0.001212	
0.004132	0.004132	0.095041	0.231405	0.276860	0.231405	0.049587	0.004132	0.049587	0.004132	0.049587	
0.010101	0.010101	0.010101	0.232323	0.343434	0.232323	0.010101	0.121212	0.010101	0.010101	0.010101	
0.011364	0.136364	0.011364	0.011364	0.261364	0.386364	0.136364	0.011364	0.011364	0.011364	0.011364	
0.022727	0.022727	0.022727	0.272727	0.022727	0.272727	0.022727	0.272727	0.022727	0.022727	0.022727	
0.012987	0.012987	0.298701	0.012987	0.012987	0.012987	0.298701	0.298701	0.012987	0.012987	0.012987	
0.090909	0.090909	0.090909	0.090909	0.090909	0.090909	0.090909	0.090909	0.090909	0.090909	0.090909	
0.045455	0.045455	0.545455	0.045455	0.045455	0.045455	0.045455	0.045455	0.045455	0.045455	0.045455	
0.030303	0.030303	0.030303	0.363636	0.030303	0.030303	0.363636	0.030303	0.030303	0.030303	0.030303	


Vector Pi :

0.002933	0.841642	0.035191	0.035191	0.002933	0.002933	0.002933	0.067449	0.002933	0.002933	0.002933	


Vector Phi :

0.001642	0.789819	0.121511	0.034483	0.014778	0.013136	0.006568	0.008210	0.001642	0.003284	0.004926	
