
Parameters: 11 states AND 11 symbols

Matrix A :

0.090909	0.090909	0.090909	0.090909	0.090909	0.090909	0.090909	0.090909	0.090909	0.090909	0.090909	
0.000195	0.858564	0.071011	0.032384	0.010925	0.006633	0.006633	0.006633	0.002341	0.000195	0.004487	
0.001399	0.509091	0.324476	0.124476	0.016783	0.001399	0.001399	0.016783	0.001399	0.001399	0.001399	
0.002457	0.515971	0.083538	0.164619	0.083538	0.083538	0.029484	0.002457	0.002457	0.029484	0.002457	
0.008264	0.280992	0.280992	0.280992	0.008264	0.099174	0.008264	0.008264	0.008264	0.008264	0.008264	
0.007576	0.424242	0.174242	0.257576	0.007576	0.090909	0.007576	0.007576	0.007576	0.007576	0.007576	
0.018182	0.018182	0.218182	0.018182	0.218182	0.418182	0.018182	0.018182	0.018182	0.018182	0.018182	
0.018182	0.218182	0.218182	0.218182	0.018182	0.218182	0.018182	0.018182	0.018182	0.018182	0.018182	
0.045455	0.545455	0.045455	0.045455	0.045455	0.045455	0.045455	0.045455	0.045455	0.045455	0.045455	
0.045455	0.545455	0.045455	0.045455	0.045455	0.045455	0.045455	0.045455	0.045455	0.045455	0.045455	
0.030303	0.696970	0.030303	0.030303	0.030303	0.030303	0.030303	0.030303	0.030303	0.030303	0.030303	


Matrix B :

0.090909	0.090909	0.090909	0.090909	0.090909	0.090909	0.090909	0.090909	0.090909	0.090909	0.090909	
0.000186	0.198957	0.317809	0.264531	0.149776	0.032973	0.016580	0.006334	0.004285	0.004285	0.004285	
0.001337	0.030749	0.104278	0.368984	0.236631	0.163102	0.030749	0.060160	0.001337	0.001337	0.001337	
0.002273	0.027273	0.077273	0.252273	0.277273	0.227273	0.052273	0.077273	0.002273	0.002273	0.002273	
0.007576	0.007576	0.007576	0.174242	0.507576	0.257576	0.007576	0.007576	0.007576	0.007576	0.007576	
0.006993	0.006993	0.160839	0.468531	0.160839	0.083916	0.006993	0.083916	0.006993	0.006993	0.006993	
0.018182	0.018182	0.018182	0.018182	0.818182	0.018182	0.018182	0.018182	0.018182	0.018182	0.018182	
0.018182	0.018182	0.018182	0.218182	0.418182	0.018182	0.218182	0.018182	0.018182	0.018182	0.018182	
0.045455	0.045455	0.045455	0.045455	0.045455	0.545455	0.045455	0.045455	0.045455	0.045455	0.045455	
0.045455	0.045455	0.045455	0.045455	0.045455	0.045455	0.545455	0.045455	0.045455	0.045455	0.045455	
0.030303	0.030303	0.030303	0.030303	0.030303	0.363636	0.030303	0.363636	0.030303	0.030303	0.030303	


Vector Pi :

0.002933	0.712610	0.099707	0.099707	0.035191	0.035191	0.002933	0.002933	0.002933	0.002933	0.002933	


Vector Phi :

0.001642	0.765189	0.106732	0.060755	0.018062	0.019704	0.008210	0.008210	0.003284	0.003284	0.004926	
