
Parameters: 11 states AND 11 symbols

Matrix A :

0.090909	0.090909	0.090909	0.090909	0.090909	0.090909	0.090909	0.090909	0.090909	0.090909	0.090909	
0.000532	0.790005	0.187666	0.018075	0.000532	0.000532	0.000532	0.000532	0.000532	0.000532	0.000532	
0.000678	0.217096	0.635007	0.135007	0.008141	0.000678	0.000678	0.000678	0.000678	0.000678	0.000678	
0.001245	0.083437	0.206725	0.480697	0.165629	0.042341	0.014944	0.001245	0.001245	0.001245	0.001245	
0.002066	0.002066	0.047521	0.274793	0.502066	0.161157	0.002066	0.002066	0.002066	0.002066	0.002066	
0.003247	0.003247	0.003247	0.110390	0.217532	0.431818	0.181818	0.038961	0.003247	0.003247	0.003247	
0.004545	0.004545	0.004545	0.054545	0.054545	0.204545	0.354545	0.304545	0.004545	0.004545	0.004545	
0.005051	0.005051	0.005051	0.005051	0.005051	0.060606	0.282828	0.449495	0.116162	0.060606	0.005051	
0.012987	0.012987	0.012987	0.012987	0.012987	0.012987	0.155844	0.298701	0.298701	0.155844	0.012987	
0.018182	0.018182	0.018182	0.018182	0.018182	0.018182	0.018182	0.018182	0.418182	0.218182	0.218182	
0.022727	0.022727	0.022727	0.022727	0.022727	0.022727	0.022727	0.022727	0.022727	0.272727	0.522727	


Matrix B :

0.090909	0.090909	0.090909	0.090909	0.090909	0.090909	0.090909	0.090909	0.090909	0.090909	0.090909	
0.000517	0.472107	0.432335	0.074380	0.011880	0.006198	0.000517	0.000517	0.000517	0.000517	0.000517	
0.000645	0.014829	0.624758	0.319794	0.036106	0.000645	0.000645	0.000645	0.000645	0.000645	0.000645	
0.001181	0.001181	0.131051	0.572609	0.195986	0.066116	0.027155	0.001181	0.001181	0.001181	0.001181	
0.002066	0.002066	0.002066	0.183884	0.502066	0.252066	0.047521	0.002066	0.002066	0.002066	0.002066	
0.003135	0.003135	0.003135	0.003135	0.416928	0.382445	0.175549	0.003135	0.003135	0.003135	0.003135	
0.004132	0.004132	0.004132	0.004132	0.004132	0.231405	0.458678	0.231405	0.049587	0.004132	0.004132	
0.005051	0.005051	0.005051	0.005051	0.005051	0.005051	0.449495	0.338384	0.171717	0.005051	0.005051	
0.012987	0.012987	0.012987	0.012987	0.012987	0.012987	0.155844	0.584416	0.155844	0.012987	0.012987	
0.015152	0.015152	0.015152	0.015152	0.015152	0.015152	0.015152	0.181818	0.348485	0.348485	0.015152	
0.022727	0.022727	0.022727	0.022727	0.022727	0.022727	0.022727	0.022727	0.022727	0.022727	0.772727	


Vector Pi :

0.004329	0.242424	0.290043	0.194805	0.051948	0.051948	0.099567	0.004329	0.004329	0.051948	0.004329	


Vector Phi :

0.001937	0.344737	0.272139	0.142883	0.081508	0.053120	0.038300	0.034519	0.013482	0.009643	0.007732	
