
Parameters: 11 states AND 11 symbols

Matrix A :

0.090909	0.090909	0.090909	0.090909	0.090909	0.090909	0.090909	0.090909	0.090909	0.090909	0.090909	
0.000673	0.771044	0.156229	0.030303	0.022896	0.000673	0.008081	0.008081	0.000673	0.000673	0.000673	
0.000678	0.187246	0.620081	0.127544	0.023066	0.030529	0.000678	0.008141	0.000678	0.000678	0.000678	
0.001245	0.056040	0.316314	0.398506	0.124533	0.042341	0.028643	0.001245	0.014944	0.001245	0.014944	
0.002114	0.048626	0.025370	0.327696	0.257928	0.164905	0.095137	0.048626	0.002114	0.025370	0.002114	
0.001934	0.001934	0.023211	0.150870	0.214700	0.342360	0.087041	0.129594	0.044487	0.001934	0.001934	
0.003636	0.003636	0.123636	0.003636	0.163636	0.323636	0.083636	0.083636	0.163636	0.003636	0.043636	
0.003030	0.003030	0.003030	0.003030	0.036364	0.103030	0.236364	0.303030	0.269697	0.003030	0.036364	
0.002114	0.002114	0.002114	0.025370	0.002114	0.118393	0.095137	0.188161	0.281184	0.234672	0.048626	
0.002525	0.002525	0.002525	0.002525	0.030303	0.002525	0.002525	0.002525	0.252525	0.530303	0.169192	
0.002755	0.002755	0.002755	0.002755	0.002755	0.002755	0.002755	0.002755	0.184573	0.154270	0.639118	


Matrix B :

0.090909	0.090909	0.090909	0.090909	0.090909	0.090909	0.090909	0.090909	0.090909	0.090909	0.090909	
0.000640	0.366837	0.289373	0.169654	0.099232	0.021767	0.021767	0.014725	0.007682	0.000640	0.007682	
0.000636	0.189447	0.532104	0.154482	0.063573	0.028608	0.000636	0.007629	0.000636	0.021615	0.000636	
0.001181	0.053129	0.429752	0.312869	0.118064	0.053129	0.001181	0.001181	0.014168	0.014168	0.001181	
0.002066	0.092975	0.297521	0.479339	0.047521	0.024793	0.024793	0.024793	0.002066	0.002066	0.002066	
0.001855	0.063080	0.307978	0.491651	0.042672	0.042672	0.022263	0.022263	0.001855	0.001855	0.001855	
0.003497	0.041958	0.349650	0.388112	0.041958	0.003497	0.041958	0.080420	0.003497	0.003497	0.041958	
0.002933	0.002933	0.131965	0.357771	0.228739	0.228739	0.002933	0.035191	0.002933	0.002933	0.002933	
0.002020	0.002020	0.090909	0.513131	0.179798	0.068687	0.068687	0.068687	0.002020	0.002020	0.002020	
0.002392	0.002392	0.028708	0.291866	0.291866	0.212919	0.028708	0.107656	0.028708	0.002392	0.002392	
0.002674	0.002674	0.090909	0.237968	0.237968	0.179144	0.032086	0.061497	0.032086	0.090909	0.032086	


Vector Pi :

0.002933	0.196481	0.325513	0.131965	0.035191	0.067449	0.035191	0.035191	0.067449	0.067449	0.035191	


Vector Phi :

0.001664	0.229627	0.220316	0.121092	0.071509	0.078043	0.041600	0.049900	0.071506	0.059868	0.054875	
