
Parameters: 11 states AND 11 symbols

Matrix A :

0.045455	0.045455	0.045455	0.045455	0.045455	0.045455	0.045455	0.045455	0.045455	0.045455	0.545455	
0.000517	0.750517	0.182335	0.034607	0.000517	0.000517	0.011880	0.000517	0.006198	0.011880	0.000517	
0.000978	0.259042	0.452590	0.151515	0.033236	0.033236	0.022483	0.011730	0.022483	0.011730	0.000978	
0.001653	0.165289	0.256198	0.292562	0.092562	0.092562	0.019835	0.019835	0.019835	0.001653	0.038017	
0.002217	0.002217	0.075388	0.221729	0.392461	0.148559	0.002217	0.075388	0.026608	0.026608	0.026608	
0.002457	0.083538	0.002457	0.137592	0.272727	0.164619	0.083538	0.137592	0.029484	0.029484	0.056511	
0.003135	0.072100	0.003135	0.037618	0.072100	0.175549	0.278997	0.141066	0.037618	0.037618	0.141066	
0.002841	0.034091	0.002841	0.034091	0.096591	0.034091	0.127841	0.252841	0.221591	0.159091	0.034091	
0.002457	0.002457	0.029484	0.029484	0.002457	0.137592	0.110565	0.110565	0.326781	0.191646	0.056511	
0.002217	0.050998	0.002217	0.002217	0.026608	0.099778	0.075388	0.026608	0.172949	0.270510	0.270510	
0.019139	0.019139	0.001595	0.019139	0.001595	0.019139	0.019139	0.071770	0.054226	0.194577	0.580542	


Matrix B :

0.045455	0.045455	0.045455	0.045455	0.045455	0.545455	0.045455	0.045455	0.045455	0.045455	0.045455	
0.000494	0.315711	0.353755	0.207016	0.087451	0.022233	0.005929	0.005929	0.000494	0.000494	0.000494	
0.000918	0.061524	0.536272	0.243343	0.122130	0.011019	0.000918	0.011019	0.011019	0.000918	0.000918	
0.001595	0.159490	0.212121	0.352472	0.212121	0.019139	0.019139	0.001595	0.001595	0.019139	0.001595	
0.002114	0.048626	0.257928	0.188161	0.374207	0.095137	0.025370	0.002114	0.002114	0.002114	0.002114	
0.002457	0.002457	0.272727	0.299754	0.353808	0.056511	0.002457	0.002457	0.002457	0.002457	0.002457	
0.003030	0.003030	0.269697	0.403030	0.136364	0.169697	0.003030	0.003030	0.003030	0.003030	0.003030	
0.002457	0.002457	0.353808	0.164619	0.110565	0.272727	0.083538	0.002457	0.002457	0.002457	0.002457	
0.002457	0.002457	0.110565	0.326781	0.191646	0.164619	0.110565	0.083538	0.002457	0.002457	0.002457	
0.002217	0.002217	0.075388	0.270510	0.148559	0.343681	0.099778	0.026608	0.026608	0.002217	0.002217	
0.001443	0.001443	0.096681	0.207792	0.128427	0.144300	0.144300	0.128427	0.033189	0.080808	0.033189	


Vector Pi :

0.002933	0.293255	0.196481	0.067449	0.067449	0.002933	0.035191	0.164223	0.002933	0.002933	0.164223	


Vector Phi :

0.003460	0.284734	0.152078	0.091181	0.068737	0.062316	0.048915	0.054373	0.062903	0.070361	0.100943	
