
Parameters: 11 states AND 11 symbols

Matrix A :

0.090909	0.090909	0.090909	0.090909	0.090909	0.090909	0.090909	0.090909	0.090909	0.090909	0.090909	
0.000602	0.775436	0.172787	0.007225	0.027092	0.000602	0.000602	0.000602	0.000602	0.000602	0.013847	
0.000900	0.218722	0.476148	0.208821	0.010801	0.030603	0.000900	0.010801	0.010801	0.000900	0.030603	
0.001318	0.131752	0.247694	0.334651	0.131752	0.030303	0.044796	0.015810	0.015810	0.044796	0.001318	
0.002841	0.065341	0.034091	0.409091	0.284091	0.096591	0.065341	0.002841	0.002841	0.034091	0.002841	
0.003636	0.003636	0.123636	0.083636	0.083636	0.283636	0.283636	0.043636	0.043636	0.043636	0.003636	
0.003636	0.003636	0.003636	0.083636	0.083636	0.163636	0.363636	0.203636	0.083636	0.003636	0.003636	
0.002674	0.002674	0.002674	0.032086	0.061497	0.032086	0.061497	0.561497	0.120321	0.090909	0.032086	
0.002933	0.002933	0.002933	0.099707	0.035191	0.035191	0.002933	0.131965	0.357771	0.228739	0.099707	
0.002392	0.002392	0.107656	0.002392	0.002392	0.055024	0.028708	0.055024	0.186603	0.212919	0.344498	
0.000978	0.000978	0.011730	0.011730	0.011730	0.011730	0.000978	0.000978	0.043988	0.151515	0.753666	


Matrix B :

0.090909	0.090909	0.090909	0.090909	0.090909	0.090909	0.090909	0.090909	0.090909	0.090909	0.090909	
0.000568	0.213068	0.300568	0.263068	0.119318	0.069318	0.013068	0.019318	0.000568	0.000568	0.000568	
0.000858	0.095197	0.349914	0.265009	0.180103	0.038593	0.019726	0.038593	0.010292	0.000858	0.000858	
0.001299	0.029870	0.401299	0.301299	0.072727	0.044156	0.115584	0.015584	0.001299	0.015584	0.001299	
0.002525	0.030303	0.363636	0.419192	0.085859	0.058081	0.002525	0.030303	0.002525	0.002525	0.002525	
0.003497	0.118881	0.234266	0.580420	0.041958	0.003497	0.003497	0.003497	0.003497	0.003497	0.003497	
0.003636	0.003636	0.123636	0.443636	0.283636	0.083636	0.003636	0.003636	0.043636	0.003636	0.003636	
0.002525	0.002525	0.169192	0.558081	0.085859	0.058081	0.058081	0.030303	0.030303	0.002525	0.002525	
0.002597	0.059740	0.174026	0.174026	0.259740	0.231169	0.088312	0.002597	0.002597	0.002597	0.002597	
0.002392	0.002392	0.107656	0.291866	0.239234	0.133971	0.186603	0.028708	0.002392	0.002392	0.002392	
0.000937	0.000937	0.042174	0.083411	0.258669	0.258669	0.176195	0.073102	0.031865	0.042174	0.031865	


Vector Pi :

0.002933	0.293255	0.164223	0.067449	0.131965	0.035191	0.002933	0.067449	0.099707	0.002933	0.131965	


Vector Phi :

0.001678	0.247871	0.166156	0.112172	0.052963	0.041782	0.041667	0.057722	0.055013	0.064854	0.158122	
