
Parameters: 11 states AND 11 symbols

Matrix A :

0.0909091	0.0909091	0.0909091	0.0909091	0.0909091	0.0909091	0.0909091	0.0909091	0.0909091	0.0909091	0.0909091	
0.000193013	0.677475	0.237985	0.0660104	0.0129319	0.0044393	0.000193013	0.000193013	0.000193013	0.000193013	0.000193013	
0.000324675	0.393182	0.350325	0.182468	0.0574675	0.011039	0.0038961	0.000324675	0.000324675	0.000324675	0.000324675	
0.000494071	0.158103	0.266798	0.326581	0.168972	0.0439723	0.0222332	0.0113636	0.000494071	0.000494071	0.000494071	
0.000770416	0.102465	0.119414	0.212635	0.322804	0.0855162	0.127889	0.0261941	0.000770416	0.000770416	0.000770416	
0.00149031	0.0178838	0.0670641	0.165425	0.230999	0.280179	0.149031	0.0506706	0.00149031	0.0342772	0.00149031	
0.00197628	0.00197628	0.0237154	0.110672	0.15415	0.306324	0.132411	0.132411	0.0889328	0.0454545	0.00197628	
0.00378788	0.00378788	0.00378788	0.0454545	0.170455	0.170455	0.337121	0.0871212	0.128788	0.00378788	0.0454545	
0.00757576	0.00757576	0.00757576	0.00757576	0.0909091	0.174242	0.174242	0.257576	0.174242	0.00757576	0.0909091	
0.0151515	0.0151515	0.0151515	0.0151515	0.0151515	0.0151515	0.0151515	0.348485	0.181818	0.181818	0.181818	
0.0151515	0.0151515	0.0151515	0.0151515	0.0151515	0.0151515	0.0151515	0.348485	0.181818	0.0151515	0.348485	


Matrix B :

0.0909091	0.0909091	0.0909091	0.0909091	0.0909091	0.0909091	0.0909091	0.0909091	0.0909091	0.0909091	0.0909091	
0.000183655	0.351699	0.321396	0.155739	0.0910927	0.0466483	0.0183655	0.00624426	0.00422406	0.00220386	0.00220386	
0.000309215	0.115955	0.4765	0.221398	0.0921459	0.0649351	0.0241187	0.00371058	0.000309215	0.000309215	0.000309215	
0.000468604	0.000468604	0.294283	0.356139	0.242737	0.0623243	0.0365511	0.00562324	0.000468604	0.000468604	0.000468604	
0.000751315	0.000751315	0.149512	0.397446	0.174305	0.124718	0.108189	0.0338092	0.00901578	0.000751315	0.000751315	
0.00137741	0.00137741	0.0316804	0.22865	0.440771	0.12259	0.077135	0.0619835	0.0316804	0.00137741	0.00137741	
0.00193424	0.00193424	0.00193424	0.129594	0.384913	0.257253	0.108317	0.065764	0.0444874	0.00193424	0.00193424	
0.00363636	0.00363636	0.00363636	0.00363636	0.163636	0.403636	0.243636	0.0836364	0.00363636	0.0436364	0.0436364	
0.00649351	0.00649351	0.00649351	0.00649351	0.00649351	0.292208	0.577922	0.0779221	0.00649351	0.00649351	0.00649351	
0.0151515	0.0151515	0.0151515	0.0151515	0.0151515	0.181818	0.348485	0.181818	0.0151515	0.0151515	0.181818	
0.0151515	0.0151515	0.0151515	0.0151515	0.0151515	0.0151515	0.181818	0.0151515	0.681818	0.0151515	0.0151515	


Vector Pi :

0.00149031	0.378539	0.247392	0.165425	0.0506706	0.0834575	0.0178838	0.0178838	0.0342772	0.00149031	0.00149031	


Vector Phi :

0.000826264	0.390934	0.230715	0.152017	0.0974671	0.0503918	0.0379965	0.0198258	0.00991291	0.00495658	0.00495677	
