
Parameters: 11 states AND 11 symbols

Matrix A :

0.090909	0.090909	0.090909	0.090909	0.090909	0.090909	0.090909	0.090909	0.090909	0.090909	0.090909	
0.000376	0.814425	0.128475	0.041698	0.008640	0.004508	0.000376	0.000376	0.000376	0.000376	0.000376	
0.000640	0.233035	0.535851	0.155570	0.028809	0.028809	0.000640	0.000640	0.000640	0.007682	0.007682	
0.001122	0.087542	0.285073	0.359147	0.136925	0.062851	0.038159	0.025814	0.001122	0.001122	0.001122	
0.001976	0.067194	0.132411	0.306324	0.328063	0.132411	0.023715	0.001976	0.001976	0.001976	0.001976	
0.003135	0.037618	0.072100	0.106583	0.278997	0.106583	0.175549	0.175549	0.037618	0.003135	0.003135	
0.004545	0.004545	0.004545	0.104545	0.204545	0.154545	0.354545	0.104545	0.004545	0.054545	0.004545	
0.004545	0.054545	0.104545	0.004545	0.054545	0.154545	0.154545	0.304545	0.104545	0.054545	0.004545	
0.008264	0.008264	0.008264	0.008264	0.008264	0.280992	0.008264	0.371901	0.190083	0.099174	0.008264	
0.009091	0.009091	0.009091	0.009091	0.009091	0.009091	0.009091	0.009091	0.409091	0.509091	0.009091	
0.030303	0.030303	0.030303	0.030303	0.030303	0.030303	0.030303	0.030303	0.363636	0.030303	0.363636	


Matrix B :

0.090909	0.090909	0.090909	0.090909	0.090909	0.090909	0.090909	0.090909	0.090909	0.090909	0.090909	
0.000358	0.468862	0.394059	0.090909	0.027917	0.008232	0.000358	0.004295	0.000358	0.004295	0.000358	
0.000623	0.274595	0.418431	0.192403	0.041719	0.028020	0.014321	0.021171	0.000623	0.000623	0.007472	
0.001082	0.060606	0.465368	0.322511	0.096320	0.001082	0.036797	0.001082	0.001082	0.001082	0.012987	
0.001818	0.101818	0.261818	0.481818	0.121818	0.021818	0.001818	0.001818	0.001818	0.001818	0.001818	
0.002755	0.033058	0.123967	0.426997	0.123967	0.123967	0.063361	0.093664	0.002755	0.002755	0.002755	
0.004329	0.004329	0.242424	0.290043	0.051948	0.194805	0.051948	0.099567	0.051948	0.004329	0.004329	
0.004329	0.004329	0.051948	0.575758	0.051948	0.004329	0.099567	0.051948	0.051948	0.099567	0.004329	
0.008264	0.008264	0.008264	0.280992	0.099174	0.190083	0.190083	0.099174	0.099174	0.008264	0.008264	
0.008264	0.008264	0.008264	0.099174	0.371901	0.099174	0.099174	0.008264	0.008264	0.099174	0.190083	
0.030303	0.030303	0.030303	0.030303	0.030303	0.030303	0.363636	0.363636	0.030303	0.030303	0.030303	


Vector Pi :

0.002933	0.357771	0.164223	0.099707	0.131965	0.131965	0.035191	0.035191	0.002933	0.035191	0.002933	


Vector Phi :

0.001645	0.404770	0.231874	0.133244	0.075655	0.047663	0.032881	0.032871	0.018065	0.016416	0.004917	
