
Parameters: 11 states AND 11 symbols

Matrix A :

0.090909	0.090909	0.090909	0.090909	0.090909	0.090909	0.090909	0.090909	0.090909	0.090909	0.090909	
0.000413	0.745868	0.191322	0.027686	0.014050	0.000413	0.000413	0.004959	0.000413	0.000413	0.014050	
0.000627	0.255799	0.524765	0.110972	0.028213	0.042006	0.028213	0.007524	0.000627	0.000627	0.000627	
0.001653	0.128926	0.292562	0.292562	0.147107	0.074380	0.019835	0.038017	0.001653	0.001653	0.001653	
0.002066	0.161157	0.092975	0.115702	0.342975	0.070248	0.161157	0.047521	0.002066	0.002066	0.002066	
0.003135	0.072100	0.037618	0.244514	0.072100	0.175549	0.141066	0.175549	0.037618	0.037618	0.003135	
0.002392	0.002392	0.055024	0.028708	0.160287	0.212919	0.344498	0.107656	0.028708	0.028708	0.028708	
0.003636	0.003636	0.003636	0.123636	0.123636	0.043636	0.283636	0.203636	0.163636	0.043636	0.003636	
0.005682	0.005682	0.068182	0.005682	0.005682	0.068182	0.068182	0.193182	0.443182	0.130682	0.005682	
0.010101	0.010101	0.121212	0.010101	0.121212	0.010101	0.010101	0.010101	0.232323	0.232323	0.232323	
0.003953	0.090909	0.003953	0.003953	0.047431	0.003953	0.003953	0.047431	0.003953	0.090909	0.699605	


Matrix B :

0.090909	0.090909	0.090909	0.090909	0.090909	0.090909	0.090909	0.090909	0.090909	0.090909	0.090909	
0.000390	0.300819	0.369489	0.159188	0.099103	0.030433	0.034725	0.000390	0.004682	0.000390	0.000390	
0.000594	0.098633	0.327392	0.242424	0.170529	0.098633	0.026738	0.020202	0.013666	0.000594	0.000594	
0.001595	0.071770	0.247209	0.177033	0.229665	0.177033	0.071770	0.019139	0.001595	0.001595	0.001595	
0.001976	0.023715	0.197628	0.219368	0.023715	0.262846	0.132411	0.045455	0.045455	0.001976	0.045455	
0.003135	0.003135	0.072100	0.347962	0.175549	0.106583	0.210031	0.072100	0.003135	0.003135	0.003135	
0.002331	0.053613	0.104895	0.233100	0.207459	0.104895	0.156177	0.053613	0.002331	0.027972	0.053613	
0.003497	0.003497	0.041958	0.272727	0.234266	0.234266	0.080420	0.041958	0.003497	0.041958	0.041958	
0.005348	0.005348	0.064171	0.122995	0.122995	0.240642	0.240642	0.181818	0.005348	0.005348	0.005348	
0.009091	0.009091	0.209091	0.209091	0.309091	0.109091	0.109091	0.009091	0.009091	0.009091	0.009091	
0.003788	0.003788	0.045455	0.212121	0.253788	0.087121	0.128788	0.128788	0.128788	0.003788	0.003788	


Vector Pi :

0.002933	0.422287	0.293255	0.067449	0.067449	0.002933	0.035191	0.035191	0.035191	0.002933	0.035191	


Vector Phi :

0.001698	0.360652	0.235739	0.090446	0.073227	0.048004	0.063165	0.041807	0.027734	0.017528	0.040000	
