
Parameters: 11 states AND 11 symbols

Matrix A :

0.090909	0.090909	0.090909	0.090909	0.090909	0.090909	0.090909	0.090909	0.090909	0.090909	0.090909	
0.000380	0.841385	0.130087	0.008749	0.004564	0.008749	0.004564	0.000380	0.000380	0.000380	0.000380	
0.000673	0.222896	0.571044	0.156229	0.022896	0.008081	0.008081	0.000673	0.008081	0.000673	0.000673	
0.001443	0.064935	0.287157	0.350649	0.160173	0.049062	0.080808	0.001443	0.001443	0.001443	0.001443	
0.001976	0.023715	0.110672	0.306324	0.328063	0.132411	0.045455	0.045455	0.001976	0.001976	0.001976	
0.002841	0.034091	0.034091	0.034091	0.346591	0.315341	0.127841	0.034091	0.065341	0.002841	0.002841	
0.003788	0.003788	0.087121	0.045455	0.170455	0.128788	0.128788	0.212121	0.087121	0.045455	0.087121	
0.004132	0.004132	0.004132	0.004132	0.049587	0.140496	0.185950	0.458678	0.140496	0.004132	0.004132	
0.005051	0.005051	0.060606	0.060606	0.005051	0.116162	0.005051	0.116162	0.338384	0.282828	0.005051	
0.006494	0.006494	0.006494	0.006494	0.006494	0.077922	0.149351	0.077922	0.220779	0.363636	0.077922	
0.008264	0.008264	0.008264	0.008264	0.008264	0.008264	0.099174	0.008264	0.008264	0.190083	0.644628	


Matrix B :

0.090909	0.090909	0.090909	0.090909	0.090909	0.090909	0.090909	0.090909	0.090909	0.090909	0.090909	
0.000365	0.229281	0.301570	0.213217	0.096751	0.068638	0.052574	0.020445	0.004381	0.012413	0.000365	
0.000640	0.028809	0.275288	0.303457	0.106274	0.092190	0.085147	0.056978	0.028809	0.021767	0.000640	
0.001399	0.001399	0.247552	0.262937	0.124476	0.109091	0.093706	0.047552	0.062937	0.047552	0.001399	
0.001894	0.001894	0.126894	0.210227	0.314394	0.064394	0.189394	0.043561	0.043561	0.001894	0.001894	
0.002597	0.002597	0.002597	0.174026	0.288312	0.088312	0.088312	0.231169	0.059740	0.059740	0.002597	
0.003788	0.003788	0.045455	0.212121	0.170455	0.087121	0.170455	0.087121	0.128788	0.087121	0.003788	
0.003497	0.003497	0.003497	0.118881	0.157343	0.195804	0.157343	0.195804	0.041958	0.041958	0.080420	
0.004785	0.004785	0.004785	0.004785	0.373206	0.110048	0.004785	0.267943	0.162679	0.057416	0.004785	
0.006494	0.006494	0.077922	0.149351	0.006494	0.006494	0.292208	0.149351	0.149351	0.077922	0.077922	
0.007576	0.007576	0.090909	0.424242	0.007576	0.007576	0.257576	0.174242	0.007576	0.007576	0.007576	


Vector Pi :

0.002933	0.357771	0.196481	0.067449	0.067449	0.099707	0.002933	0.131965	0.035191	0.002933	0.035191	


Vector Phi :

0.001661	0.389407	0.226152	0.105075	0.076543	0.053162	0.039906	0.036583	0.029943	0.023281	0.018287	
