
Parameters: 11 states AND 11 symbols

Matrix A :

0.0909091	0.0909091	0.0909091	0.0909091	0.0909091	0.0909091	0.0909091	0.0909091	0.0909091	0.0909091	0.0909091	
0.000170242	0.850358	0.146238	0.0020429	0.000170242	0.000170242	0.000170242	0.000170242	0.000170242	0.000170242	0.000170242	
0.000221729	0.183149	0.72949	0.0831486	0.00266075	0.000221729	0.000221729	0.000221729	0.000221729	0.000221729	0.000221729	
0.000547645	0.0186199	0.187295	0.711391	0.0728368	0.000547645	0.00657174	0.000547645	0.000547645	0.000547645	0.000547645	
0.00206612	0.00206612	0.0247934	0.252066	0.592975	0.0929752	0.0247934	0.00206612	0.00206612	0.00206612	0.00206612	
0.00757576	0.00757576	0.00757576	0.174242	0.340909	0.174242	0.257576	0.00757576	0.00757576	0.00757576	0.00757576	
0.00699301	0.00699301	0.00699301	0.00699301	0.00699301	0.314685	0.391608	0.0839161	0.160839	0.00699301	0.00699301	
0.010101	0.010101	0.010101	0.010101	0.010101	0.121212	0.232323	0.565657	0.010101	0.010101	0.010101	
0.0227273	0.0227273	0.0227273	0.0227273	0.0227273	0.0227273	0.0227273	0.272727	0.0227273	0.522727	0.0227273	
0.0227273	0.0227273	0.0227273	0.0227273	0.0227273	0.0227273	0.0227273	0.272727	0.272727	0.0227273	0.272727	
0.030303	0.030303	0.030303	0.030303	0.030303	0.030303	0.030303	0.030303	0.030303	0.363636	0.363636	


Matrix B :

0.0909091	0.0909091	0.0909091	0.0909091	0.0909091	0.0909091	0.0909091	0.0909091	0.0909091	0.0909091	0.0909091	
0.000163212	0.323323	0.396932	0.190468	0.0450465	0.0324792	0.0109352	0.000163212	0.000163212	0.000163212	0.000163212	
0.000209468	0.0117302	0.401131	0.419564	0.117721	0.0485966	0.000209468	0.000209468	0.000209468	0.000209468	0.000209468	
0.000516529	0.000516529	0.0686983	0.44938	0.341426	0.125517	0.0118802	0.000516529	0.000516529	0.000516529	0.000516529	
0.0020202	0.0020202	0.0020202	0.113131	0.535354	0.246465	0.0909091	0.0020202	0.0020202	0.0020202	0.0020202	
0.00757576	0.00757576	0.00757576	0.00757576	0.840909	0.0909091	0.00757576	0.00757576	0.00757576	0.00757576	0.00757576	
0.00649351	0.00649351	0.00649351	0.00649351	0.220779	0.506494	0.220779	0.00649351	0.00649351	0.00649351	0.00649351	
0.00909091	0.00909091	0.00909091	0.00909091	0.00909091	0.209091	0.509091	0.109091	0.109091	0.00909091	0.00909091	
0.0227273	0.0227273	0.0227273	0.0227273	0.0227273	0.0227273	0.0227273	0.272727	0.0227273	0.522727	0.0227273	
0.0227273	0.0227273	0.0227273	0.0227273	0.0227273	0.0227273	0.0227273	0.0227273	0.272727	0.272727	0.272727	
0.030303	0.030303	0.030303	0.030303	0.030303	0.030303	0.030303	0.030303	0.030303	0.030303	0.69697	


Vector Pi :

0.00149031	0.394933	0.394933	0.149031	0.0178838	0.00149031	0.0178838	0.0178838	0.00149031	0.00149031	0.00149031	


Vector Phi :

0.000845537	0.439823	0.341553	0.14205	0.037521	0.010206	0.011052	0.00763007	0.00339298	0.00338839	0.00253899	
