
Parameters: 11 states AND 11 symbols

Matrix A :

0.0909091	0.0909091	0.0909091	0.0909091	0.0909091	0.0909091	0.0909091	0.0909091	0.0909091	0.0909091	0.0909091	
0.000184775	0.538803	0.31116	0.122136	0.02051	0.00424982	0.00221729	0.000184775	0.000184775	0.000184775	0.000184775	
0.000244379	0.422287	0.336266	0.15347	0.0701369	0.00562072	0.0109971	0.000244379	0.000244379	0.000244379	0.000244379	
0.0004914	0.276167	0.37887	0.184275	0.0923833	0.0599509	0.00589681	0.0004914	0.0004914	0.0004914	0.0004914	
0.00118064	0.182999	0.195986	0.260921	0.131051	0.105077	0.105077	0.0141677	0.00118064	0.00118064	0.00118064	
0.0026738	0.0614973	0.0909091	0.237968	0.237968	0.149733	0.149733	0.0320856	0.0320856	0.0026738	0.0026738	
0.00363636	0.0436364	0.123636	0.163636	0.163636	0.123636	0.0836364	0.203636	0.00363636	0.0436364	0.0436364	
0.00826446	0.0991736	0.0991736	0.0991736	0.0991736	0.280992	0.0991736	0.0991736	0.00826446	0.00826446	0.0991736	
0.0181818	0.0181818	0.218182	0.0181818	0.0181818	0.0181818	0.0181818	0.0181818	0.418182	0.218182	0.0181818	
0.030303	0.030303	0.030303	0.030303	0.030303	0.030303	0.69697	0.030303	0.030303	0.030303	0.030303	
0.0227273	0.0227273	0.0227273	0.0227273	0.0227273	0.0227273	0.0227273	0.272727	0.272727	0.0227273	0.272727	


Matrix B :

0.0909091	0.0909091	0.0909091	0.0909091	0.0909091	0.0909091	0.0909091	0.0909091	0.0909091	0.0909091	0.0909091	
0.00017449	0.497295	0.351422	0.113418	0.032804	0.00209388	0.00017449	0.00209388	0.00017449	0.00017449	0.00017449	
0.000233699	0.262444	0.470671	0.1699	0.0773545	0.0156579	0.000233699	0.00280439	0.000233699	0.000233699	0.000233699	
0.000471032	0.0471032	0.466792	0.311352	0.124823	0.0367405	0.00565238	0.00565238	0.000471032	0.000471032	0.000471032	
0.00112233	0.00112233	0.420875	0.334456	0.0875421	0.0998878	0.0258137	0.013468	0.00112233	0.013468	0.00112233	
0.00252525	0.00252525	0.141414	0.335859	0.308081	0.0580808	0.141414	0.00252525	0.00252525	0.00252525	0.00252525	
0.00363636	0.00363636	0.203636	0.203636	0.203636	0.203636	0.0836364	0.00363636	0.00363636	0.0436364	0.0436364	
0.00826446	0.00826446	0.0991736	0.371901	0.00826446	0.190083	0.00826446	0.00826446	0.00826446	0.00826446	0.280992	
0.0181818	0.0181818	0.0181818	0.218182	0.618182	0.0181818	0.0181818	0.0181818	0.0181818	0.0181818	0.0181818	
0.030303	0.030303	0.030303	0.69697	0.030303	0.030303	0.030303	0.030303	0.030303	0.030303	0.030303	
0.0227273	0.0227273	0.0227273	0.272727	0.522727	0.0227273	0.0227273	0.0227273	0.0227273	0.0227273	0.0227273	


Vector Pi :

0.00149031	0.4769	0.280179	0.132638	0.0670641	0.0178838	0.00149031	0.0178838	0.00149031	0.00149031	0.00149031	


Vector Phi :

0.000816444	0.407041	0.307786	0.153164	0.0637905	0.0288062	0.0206846	0.00816692	0.00409852	0.00246353	0.0031817	
