
Parameters: 11 states AND 11 symbols

Matrix A :

0.0909091	0.0909091	0.0909091	0.0909091	0.0909091	0.0909091	0.0909091	0.0909091	0.0909091	0.0909091	0.0909091	
0.000152277	0.822598	0.152581	0.0118776	0.0051774	0.00350236	0.00182732	0.000152277	0.000152277	0.000152277	0.00182732	
0.000284981	0.291821	0.555144	0.103733	0.0253634	0.0128242	0.000284981	0.00341978	0.00341978	0.000284981	0.00341978	
0.000826446	0.0644628	0.346281	0.391736	0.164463	0.0190083	0.000826446	0.000826446	0.000826446	0.00991736	0.000826446	
0.00149031	0.0178838	0.149031	0.329359	0.263785	0.181818	0.0178838	0.00149031	0.0178838	0.0178838	0.00149031	
0.00284091	0.00284091	0.0653409	0.0340909	0.284091	0.252841	0.127841	0.127841	0.0340909	0.0653409	0.00284091	
0.00606061	0.139394	0.00606061	0.0727273	0.139394	0.272727	0.0727273	0.0727273	0.206061	0.00606061	0.00606061	
0.00454545	0.00454545	0.00454545	0.104545	0.0545455	0.00454545	0.204545	0.454545	0.0545455	0.0545455	0.0545455	
0.00454545	0.00454545	0.0545455	0.104545	0.0545455	0.00454545	0.104545	0.154545	0.354545	0.104545	0.0545455	
0.00649351	0.0779221	0.00649351	0.00649351	0.0779221	0.00649351	0.00649351	0.0779221	0.220779	0.292208	0.220779	
0.00568182	0.00568182	0.0681818	0.00568182	0.0681818	0.00568182	0.0681818	0.00568182	0.130682	0.130682	0.505682	


Matrix B :

0.0909091	0.0909091	0.0909091	0.0909091	0.0909091	0.0909091	0.0909091	0.0909091	0.0909091	0.0909091	0.0909091	
0.0001443	0.166811	0.350938	0.252525	0.119192	0.0525253	0.0318903	0.0207792	0.0049062	0.0001443	0.0001443	
0.00027137	0.0122117	0.16445	0.242062	0.289824	0.173406	0.0510176	0.0599729	0.00624152	0.00027137	0.00027137	
0.000790514	0.00948617	0.0355731	0.218182	0.26166	0.305138	0.0790514	0.0616601	0.0181818	0.00948617	0.000790514	
0.00142045	0.0170455	0.142045	0.142045	0.18892	0.329545	0.12642	0.0482955	0.00142045	0.00142045	0.00142045	
0.0026738	0.0026738	0.0026738	0.149733	0.149733	0.355615	0.296791	0.0026738	0.0320856	0.0026738	0.0026738	
0.00606061	0.00606061	0.0727273	0.139394	0.206061	0.0727273	0.339394	0.139394	0.00606061	0.00606061	0.00606061	
0.004329	0.004329	0.004329	0.0995671	0.147186	0.242424	0.0995671	0.194805	0.0995671	0.0995671	0.004329	
0.00454545	0.00454545	0.00454545	0.0545455	0.204545	0.254545	0.404545	0.00454545	0.00454545	0.00454545	0.0545455	
0.00649351	0.00649351	0.0779221	0.363636	0.0779221	0.149351	0.0779221	0.0779221	0.0779221	0.0779221	0.00649351	
0.00568182	0.00568182	0.0681818	0.130682	0.130682	0.0681818	0.193182	0.0681818	0.130682	0.00568182	0.193182	


Vector Pi :

0.00149031	0.558867	0.247392	0.0834575	0.0506706	0.0342772	0.00149031	0.0178838	0.00149031	0.00149031	0.00149031	


Vector Phi :

0.000831722	0.493294	0.266171	0.0915936	0.0507701	0.0266254	0.0124746	0.0166439	0.0166413	0.0116484	0.0133055	
