
Parameters: 11 states AND 11 symbols

Matrix A :

0.0909091	0.0909091	0.0909091	0.0909091	0.0909091	0.0909091	0.0909091	0.0909091	0.0909091	0.0909091	0.0909091	
0.000109661	0.926527	0.0700735	0.00131593	0.00131593	0.000109661	0.000109661	0.000109661	0.000109661	0.000109661	0.000109661	
0.000395257	0.239526	0.643874	0.100395	0.00909091	0.000395257	0.00474308	0.000395257	0.000395257	0.000395257	0.000395257	
0.00119617	0.0538278	0.277512	0.553828	0.0933014	0.0143541	0.00119617	0.00119617	0.00119617	0.00119617	0.00119617	
0.00378788	0.00378788	0.0454545	0.253788	0.378788	0.212121	0.0454545	0.00378788	0.00378788	0.0454545	0.00378788	
0.004329	0.0519481	0.0519481	0.0995671	0.194805	0.4329	0.0995671	0.0519481	0.004329	0.004329	0.004329	
0.0113636	0.0113636	0.0113636	0.136364	0.0113636	0.261364	0.261364	0.136364	0.136364	0.0113636	0.0113636	
0.0151515	0.0151515	0.0151515	0.0151515	0.0151515	0.181818	0.181818	0.515152	0.0151515	0.0151515	0.0151515	
0.0227273	0.0227273	0.0227273	0.0227273	0.0227273	0.272727	0.0227273	0.0227273	0.522727	0.0227273	0.0227273	
0.030303	0.030303	0.030303	0.030303	0.030303	0.363636	0.030303	0.030303	0.030303	0.030303	0.363636	
0.030303	0.030303	0.030303	0.030303	0.030303	0.030303	0.030303	0.030303	0.030303	0.363636	0.363636	


Matrix B :

0.0909091	0.0909091	0.0909091	0.0909091	0.0909091	0.0909091	0.0909091	0.0909091	0.0909091	0.0909091	0.0909091	
0.000104855	0.674845	0.261927	0.0381671	0.0150991	0.00587187	0.00356506	0.000104855	0.000104855	0.000104855	0.000104855	
0.000369549	0.256467	0.577605	0.134516	0.0166297	0.0125647	0.000369549	0.000369549	0.000369549	0.000369549	0.000369549	
0.00115075	0.127733	0.532796	0.241657	0.0517837	0.0264672	0.00115075	0.013809	0.00115075	0.00115075	0.00115075	
0.00363636	0.163636	0.323636	0.283636	0.123636	0.00363636	0.00363636	0.0836364	0.00363636	0.00363636	0.00363636	
0.004329	0.004329	0.528139	0.0995671	0.004329	0.147186	0.0519481	0.0995671	0.0519481	0.004329	0.004329	
0.0113636	0.0113636	0.636364	0.0113636	0.0113636	0.0113636	0.0113636	0.261364	0.0113636	0.0113636	0.0113636	
0.012987	0.012987	0.155844	0.155844	0.012987	0.012987	0.012987	0.012987	0.012987	0.298701	0.298701	
0.0227273	0.0227273	0.772727	0.0227273	0.0227273	0.0227273	0.0227273	0.0227273	0.0227273	0.0227273	0.0227273	
0.0227273	0.0227273	0.272727	0.522727	0.0227273	0.0227273	0.0227273	0.0227273	0.0227273	0.0227273	0.0227273	
0.030303	0.030303	0.69697	0.030303	0.030303	0.030303	0.030303	0.030303	0.030303	0.030303	0.030303	


Vector Pi :

0.00149031	0.624441	0.263785	0.0506706	0.0178838	0.00149031	0.00149031	0.0178838	0.00149031	0.0178838	0.00149031	


Vector Phi :

0.000829879	0.687966	0.190871	0.0630707	0.0199171	0.0174275	0.00663904	0.00497929	0.00331952	0.00248964	0.00248964	
