
Parameters: 11 states AND 11 symbols

Matrix A :

0.0909091	0.0909091	0.0909091	0.0909091	0.0909091	0.0909091	0.0909091	0.0909091	0.0909091	0.0909091	0.0909091	
0.000165289	0.743802	0.209256	0.0383471	0.00743802	0.000165289	0.000165289	0.000165289	0.000165289	0.000165289	0.000165289	
0.000285878	0.361921	0.390223	0.195254	0.0348771	0.00343053	0.00971984	0.000285878	0.00343053	0.000285878	0.000285878	
0.000510725	0.118488	0.343207	0.320735	0.152196	0.0566905	0.000510725	0.0061287	0.000510725	0.000510725	0.000510725	
0.00126263	0.0429293	0.195707	0.306818	0.237374	0.0984848	0.0707071	0.0151515	0.00126263	0.0290404	0.00126263	
0.0026738	0.0026738	0.0614973	0.208556	0.208556	0.26738	0.120321	0.0909091	0.0026738	0.0320856	0.0026738	
0.00378788	0.00378788	0.00378788	0.212121	0.170455	0.170455	0.170455	0.170455	0.0454545	0.0454545	0.00378788	
0.00606061	0.0727273	0.0727273	0.00606061	0.0727273	0.0727273	0.406061	0.139394	0.00606061	0.139394	0.00606061	
0.0227273	0.0227273	0.0227273	0.272727	0.0227273	0.0227273	0.0227273	0.272727	0.0227273	0.0227273	0.272727	
0.00826446	0.00826446	0.00826446	0.190083	0.00826446	0.0991736	0.0991736	0.190083	0.0991736	0.280992	0.00826446	
0.0454545	0.0454545	0.0454545	0.0454545	0.0454545	0.0454545	0.0454545	0.0454545	0.0454545	0.545455	0.0454545	


Matrix B :

0.0909091	0.0909091	0.0909091	0.0909091	0.0909091	0.0909091	0.0909091	0.0909091	0.0909091	0.0909091	0.0909091	
0.000157282	0.460365	0.368669	0.135105	0.0278389	0.0070777	0.000157282	0.000157282	0.000157282	0.000157282	0.000157282	
0.000275482	0.0972452	0.651791	0.194215	0.0366391	0.0123967	0.00633609	0.000275482	0.000275482	0.000275482	0.000275482	
0.000473485	0.000473485	0.302557	0.547348	0.120265	0.0213068	0.000473485	0.00568182	0.000473485	0.000473485	0.000473485	
0.00118064	0.00118064	0.00118064	0.390791	0.546635	0.0401417	0.0141677	0.00118064	0.00118064	0.00118064	0.00118064	
0.0026738	0.0026738	0.0026738	0.149733	0.44385	0.26738	0.120321	0.0026738	0.0026738	0.0026738	0.0026738	
0.00378788	0.00378788	0.00378788	0.00378788	0.0454545	0.795455	0.128788	0.00378788	0.00378788	0.00378788	0.00378788	
0.00568182	0.00568182	0.00568182	0.00568182	0.00568182	0.255682	0.443182	0.255682	0.00568182	0.00568182	0.00568182	
0.0227273	0.0227273	0.0227273	0.0227273	0.0227273	0.0227273	0.272727	0.522727	0.0227273	0.0227273	0.0227273	
0.0991736	0.00826446	0.00826446	0.00826446	0.00826446	0.00826446	0.00826446	0.280992	0.46281	0.0991736	0.00826446	
0.0454545	0.0454545	0.0454545	0.0454545	0.0454545	0.0454545	0.0454545	0.0454545	0.0454545	0.545455	0.0454545	


Vector Pi :

0.00149031	0.460507	0.198212	0.230999	0.0834575	0.00149031	0.00149031	0.0178838	0.00149031	0.00149031	0.00149031	


Vector Phi :

0.00082713	0.454921	0.263027	0.147229	0.0595533	0.0281224	0.0198511	0.0124069	0.00330852	0.00909843	0.00165426	
