
Parameters: 11 states AND 11 symbols

Matrix A :

0.090909	0.090909	0.090909	0.090909	0.090909	0.090909	0.090909	0.090909	0.090909	0.090909	0.090909	
0.000441	0.612092	0.301412	0.073257	0.010150	0.000441	0.000441	0.000441	0.000441	0.000441	0.000441	
0.000517	0.358471	0.420971	0.176653	0.034607	0.000517	0.006198	0.000517	0.000517	0.000517	0.000517	
0.000745	0.115499	0.287630	0.394188	0.140089	0.049925	0.008942	0.000745	0.000745	0.000745	0.000745	
0.001541	0.035439	0.052388	0.391371	0.323575	0.137134	0.052388	0.001541	0.001541	0.001541	0.001541	
0.003636	0.003636	0.043636	0.163636	0.443636	0.163636	0.083636	0.043636	0.003636	0.043636	0.003636	
0.008264	0.008264	0.008264	0.008264	0.190083	0.462810	0.008264	0.190083	0.099174	0.008264	0.008264	
0.009091	0.009091	0.009091	0.009091	0.009091	0.009091	0.209091	0.409091	0.109091	0.209091	0.009091	
0.015152	0.015152	0.015152	0.015152	0.181818	0.181818	0.181818	0.181818	0.015152	0.015152	0.181818	
0.018182	0.018182	0.018182	0.018182	0.018182	0.018182	0.018182	0.218182	0.218182	0.018182	0.418182	
0.010101	0.010101	0.010101	0.010101	0.010101	0.010101	0.010101	0.010101	0.232323	0.121212	0.565657	


Matrix B :

0.090909	0.090909	0.090909	0.090909	0.090909	0.090909	0.090909	0.090909	0.090909	0.090909	0.090909	
0.005027	0.295350	0.267700	0.166318	0.161709	0.060327	0.028069	0.009636	0.000419	0.000419	0.005027	
0.000500	0.220280	0.324675	0.170829	0.088412	0.099401	0.044456	0.038961	0.005994	0.000500	0.005994	
0.000716	0.268432	0.213314	0.181818	0.110952	0.110952	0.079456	0.016464	0.016464	0.000716	0.000716	
0.001541	0.103236	0.357473	0.137134	0.120185	0.103236	0.137134	0.035439	0.001541	0.001541	0.001541	
0.003497	0.041958	0.311189	0.311189	0.195804	0.041958	0.041958	0.041958	0.003497	0.003497	0.003497	
0.007576	0.007576	0.424242	0.257576	0.007576	0.174242	0.007576	0.090909	0.007576	0.007576	0.007576	
0.008264	0.008264	0.280992	0.190083	0.190083	0.008264	0.008264	0.280992	0.008264	0.008264	0.008264	
0.015152	0.015152	0.015152	0.181818	0.015152	0.515152	0.015152	0.181818	0.015152	0.015152	0.015152	
0.018182	0.018182	0.218182	0.018182	0.018182	0.018182	0.218182	0.418182	0.018182	0.018182	0.018182	
0.010101	0.010101	0.010101	0.010101	0.010101	0.121212	0.121212	0.676768	0.010101	0.010101	0.010101	


Vector Pi :

0.003497	0.426573	0.234266	0.195804	0.003497	0.041958	0.041958	0.041958	0.003497	0.003497	0.003497	


Vector Phi :

0.001587	0.326984	0.279365	0.193651	0.093651	0.039683	0.017460	0.015873	0.009524	0.007937	0.014286	
