
Parameters: 11 states AND 11 symbols

Matrix A :

0.0909091	0.0909091	0.0909091	0.0909091	0.0909091	0.0909091	0.0909091	0.0909091	0.0909091	0.0909091	0.0909091	
0.000340483	0.708206	0.217569	0.0377937	0.0153218	0.00783112	0.000340483	0.0040858	0.000340483	0.00783112	0.000340483	
0.000375657	0.231781	0.529301	0.161533	0.0375657	0.0127724	0.0127724	0.000375657	0.00864012	0.00450789	0.000375657	
0.0004914	0.0599509	0.211302	0.514005	0.141032	0.0437346	0.0167076	0.00589681	0.00589681	0.0004914	0.0004914	
0.000668449	0.0153743	0.0962567	0.184492	0.485963	0.169786	0.0153743	0.0153743	0.00802139	0.000668449	0.00802139	
0.000909091	0.0209091	0.0209091	0.100909	0.180909	0.390909	0.170909	0.0709091	0.0309091	0.000909091	0.0109091	
0.00146628	0.0337243	0.0337243	0.0337243	0.0821114	0.324047	0.243402	0.146628	0.0498534	0.0337243	0.0175953	
0.00185529	0.0426716	0.00185529	0.0222635	0.0834879	0.0834879	0.28757	0.144712	0.246753	0.0630798	0.0222635	
0.0013369	0.0160428	0.0013369	0.0307487	0.0307487	0.0013369	0.0601604	0.266043	0.442513	0.118984	0.0307487	
0.00189394	0.00189394	0.00189394	0.00189394	0.00189394	0.00189394	0.0435606	0.0435606	0.231061	0.397727	0.272727	
0.0021645	0.0021645	0.0021645	0.0021645	0.025974	0.0021645	0.025974	0.025974	0.0974026	0.287879	0.525974	


Matrix B :

0.0909091	0.0909091	0.0909091	0.0909091	0.0909091	0.0909091	0.0909091	0.0909091	0.0909091	0.0909091	0.0909091	
0.000325839	0.226132	0.322906	0.269143	0.118605	0.0540893	0.0074943	0.000325839	0.000325839	0.000325839	0.000325839	
0.00034965	0.104196	0.315734	0.381119	0.154196	0.0426573	0.00034965	0.00034965	0.00034965	0.00034965	0.00034965	
0.000473485	0.0369318	0.219223	0.318182	0.240057	0.13589	0.0473485	0.000473485	0.000473485	0.000473485	0.000473485	
0.000640205	0.021767	0.0921895	0.254161	0.254161	0.275288	0.078105	0.021767	0.000640205	0.000640205	0.000640205	
0.000882613	0.0105914	0.117387	0.165931	0.263019	0.292145	0.107679	0.0397176	0.000882613	0.000882613	0.000882613	
0.00137741	0.00137741	0.183196	0.258953	0.198347	0.183196	0.168044	0.00137741	0.00137741	0.00137741	0.00137741	
0.00171527	0.00171527	0.0205832	0.22813	0.284734	0.303602	0.152659	0.00171527	0.00171527	0.00171527	0.00171527	
0.00124533	0.00124533	0.0286426	0.165629	0.316314	0.206725	0.15193	0.0560399	0.0560399	0.014944	0.00124533	
0.00185529	0.0222635	0.0426716	0.0630798	0.226345	0.267161	0.205937	0.0834879	0.0630798	0.0222635	0.00185529	
0.0021645	0.0497835	0.0974026	0.121212	0.168831	0.21645	0.145022	0.0735931	0.025974	0.025974	0.0735931	


Vector Pi :

0.00149031	0.214605	0.280179	0.116244	0.099851	0.0506706	0.0670641	0.0670641	0.0834575	0.0178838	0.00149031	


Vector Phi :

0.000833869	0.220601	0.202746	0.154478	0.113505	0.0834483	0.0517427	0.040874	0.0567303	0.0400166	0.0350239	
