
Parameters: 11 states AND 11 symbols

Matrix A :

0.090909	0.090909	0.090909	0.090909	0.090909	0.090909	0.090909	0.090909	0.090909	0.090909	0.090909	
0.000491	0.519410	0.297789	0.124816	0.016708	0.011302	0.011302	0.005897	0.000491	0.005897	0.005897	
0.000694	0.321305	0.298404	0.244969	0.107564	0.015961	0.000694	0.008328	0.000694	0.000694	0.000694	
0.000999	0.341658	0.209790	0.231768	0.143856	0.033966	0.011988	0.022977	0.000999	0.000999	0.000999	
0.001818	0.201818	0.221818	0.241818	0.161818	0.101818	0.041818	0.021818	0.001818	0.001818	0.001818	
0.004785	0.162679	0.267943	0.004785	0.215311	0.162679	0.110048	0.057416	0.004785	0.004785	0.004785	
0.009091	0.109091	0.009091	0.109091	0.409091	0.009091	0.109091	0.009091	0.009091	0.109091	0.109091	
0.011364	0.011364	0.136364	0.011364	0.261364	0.136364	0.011364	0.136364	0.261364	0.011364	0.011364	
0.018182	0.018182	0.018182	0.018182	0.018182	0.418182	0.018182	0.018182	0.218182	0.218182	0.018182	
0.018182	0.218182	0.018182	0.018182	0.218182	0.018182	0.218182	0.018182	0.218182	0.018182	0.018182	
0.022727	0.272727	0.022727	0.022727	0.022727	0.022727	0.022727	0.022727	0.022727	0.272727	0.272727	


Matrix B :

0.090909	0.090909	0.090909	0.090909	0.090909	0.090909	0.090909	0.090909	0.090909	0.090909	0.090909	
0.000471	0.264720	0.187000	0.181818	0.140367	0.088554	0.062647	0.047103	0.016015	0.010834	0.000471	
0.000668	0.125668	0.280080	0.235963	0.184492	0.074198	0.037433	0.037433	0.008021	0.015374	0.000668	
0.000957	0.095694	0.327273	0.222010	0.127273	0.116746	0.032536	0.011483	0.032536	0.022010	0.011483	
0.001715	0.001715	0.190395	0.246998	0.246998	0.114923	0.077187	0.096055	0.020583	0.001715	0.001715	
0.004785	0.004785	0.057416	0.425837	0.215311	0.057416	0.057416	0.004785	0.110048	0.004785	0.057416	
0.009091	0.009091	0.109091	0.309091	0.309091	0.109091	0.009091	0.109091	0.009091	0.009091	0.009091	
0.011364	0.011364	0.011364	0.136364	0.636364	0.011364	0.011364	0.136364	0.011364	0.011364	0.011364	
0.018182	0.018182	0.018182	0.018182	0.218182	0.018182	0.618182	0.018182	0.018182	0.018182	0.018182	
0.018182	0.018182	0.018182	0.018182	0.218182	0.418182	0.218182	0.018182	0.018182	0.018182	0.018182	
0.022727	0.022727	0.022727	0.022727	0.522727	0.022727	0.022727	0.272727	0.022727	0.022727	0.022727	


Vector Pi :

0.004329	0.337662	0.242424	0.242424	0.147186	0.004329	0.004329	0.004329	0.004329	0.004329	0.004329	


Vector Phi :

0.001961	0.365963	0.257609	0.176592	0.097878	0.037215	0.019619	0.015661	0.009803	0.009829	0.007869	
