
Parameters: 11 states AND 11 symbols

Matrix A :

0.0909091	0.0909091	0.0909091	0.0909091	0.0909091	0.0909091	0.0909091	0.0909091	0.0909091	0.0909091	0.0909091	
7.99552e-05	0.977213	0.0194291	7.99552e-05	0.000959463	7.99552e-05	7.99552e-05	7.99552e-05	0.000959463	7.99552e-05	0.000959463	
0.00185529	0.38961	0.471243	0.0426716	0.0426716	0.0426716	0.00185529	0.00185529	0.00185529	0.00185529	0.00185529	
0.0181818	0.618182	0.0181818	0.218182	0.0181818	0.0181818	0.0181818	0.0181818	0.0181818	0.0181818	0.0181818	
0.0227273	0.272727	0.272727	0.0227273	0.0227273	0.0227273	0.0227273	0.0227273	0.0227273	0.272727	0.0227273	
0.0227273	0.0227273	0.272727	0.272727	0.0227273	0.272727	0.0227273	0.0227273	0.0227273	0.0227273	0.0227273	
0.0454545	0.545455	0.0454545	0.0454545	0.0454545	0.0454545	0.0454545	0.0454545	0.0454545	0.0454545	0.0454545	
0.0909091	0.0909091	0.0909091	0.0909091	0.0909091	0.0909091	0.0909091	0.0909091	0.0909091	0.0909091	0.0909091	
0.0454545	0.0454545	0.0454545	0.0454545	0.0454545	0.0454545	0.545455	0.0454545	0.0454545	0.0454545	0.0454545	
0.0454545	0.545455	0.0454545	0.0454545	0.0454545	0.0454545	0.0454545	0.0454545	0.0454545	0.0454545	0.0454545	
0.0454545	0.545455	0.0454545	0.0454545	0.0454545	0.0454545	0.0454545	0.0454545	0.0454545	0.0454545	0.0454545	


Matrix B :

0.0909091	0.0909091	0.0909091	0.0909091	0.0909091	0.0909091	0.0909091	0.0909091	0.0909091	0.0909091	0.0909091	
7.62021e-05	0.183647	0.376438	0.217176	0.124971	0.0419874	0.0277376	0.0109731	0.00426732	0.00845843	0.00426732	
0.00174825	0.00174825	0.0594406	0.00174825	0.213287	0.309441	0.232517	0.117133	0.0594406	0.00174825	0.00174825	
0.0181818	0.0181818	0.0181818	0.218182	0.0181818	0.218182	0.218182	0.0181818	0.218182	0.0181818	0.0181818	
0.0227273	0.0227273	0.272727	0.0227273	0.0227273	0.0227273	0.0227273	0.0227273	0.272727	0.272727	0.0227273	
0.0181818	0.0181818	0.0181818	0.0181818	0.218182	0.0181818	0.0181818	0.218182	0.418182	0.0181818	0.0181818	
0.0454545	0.0454545	0.0454545	0.0454545	0.545455	0.0454545	0.0454545	0.0454545	0.0454545	0.0454545	0.0454545	
0.0909091	0.0909091	0.0909091	0.0909091	0.0909091	0.0909091	0.0909091	0.0909091	0.0909091	0.0909091	0.0909091	
0.0454545	0.0454545	0.0454545	0.545455	0.0454545	0.0454545	0.0454545	0.0454545	0.0454545	0.0454545	0.0454545	
0.0454545	0.0454545	0.0454545	0.0454545	0.0454545	0.0454545	0.0454545	0.0454545	0.545455	0.0454545	0.0454545	
0.0454545	0.0454545	0.0454545	0.0454545	0.545455	0.0454545	0.0454545	0.0454545	0.0454545	0.0454545	0.0454545	


Vector Pi :

0.00149031	0.90313	0.0670641	0.00149031	0.00149031	0.0178838	0.00149031	0.00149031	0.00149031	0.00149031	0.00149031	


Vector Phi :

0.000810267	0.942505	0.0389241	0.00399834	0.00322795	0.00319867	0.00162987	0.000810267	0.00163921	0.00161725	0.00163921	
