
Parameters: 11 states AND 11 symbols

Matrix A :

0.0909091	0.0909091	0.0909091	0.0909091	0.0909091	0.0909091	0.0909091	0.0909091	0.0909091	0.0909091	0.0909091	
0.000120569	0.91524	0.0717386	0.00409935	0.00542561	0.00277309	0.000120569	0.000120569	0.000120569	0.000120569	0.000120569	
0.000420875	0.236532	0.616162	0.116162	0.00968013	0.00968013	0.000420875	0.000420875	0.00505051	0.00505051	0.000420875	
0.00108225	0.0725108	0.239177	0.512987	0.0844156	0.0606061	0.0248918	0.00108225	0.00108225	0.00108225	0.00108225	
0.0026738	0.0320856	0.149733	0.208556	0.296791	0.120321	0.0909091	0.0320856	0.0026738	0.0614973	0.0026738	
0.0031348	0.106583	0.0721003	0.175549	0.175549	0.0721003	0.175549	0.175549	0.0376176	0.0031348	0.0031348	
0.00395257	0.00395257	0.0474308	0.00395257	0.177866	0.3083	0.177866	0.134387	0.0909091	0.0474308	0.00395257	
0.00413223	0.0495868	0.00413223	0.00413223	0.0495868	0.0950413	0.27686	0.367769	0.0950413	0.0495868	0.00413223	
0.00606061	0.00606061	0.00606061	0.0727273	0.00606061	0.206061	0.139394	0.139394	0.139394	0.206061	0.0727273	
0.00757576	0.00757576	0.00757576	0.00757576	0.00757576	0.00757576	0.00757576	0.174242	0.257576	0.00757576	0.507576	
0.00606061	0.0727273	0.00606061	0.00606061	0.00606061	0.00606061	0.00606061	0.00606061	0.206061	0.206061	0.472727	


Matrix B :

0.0909091	0.0909091	0.0909091	0.0909091	0.0909091	0.0909091	0.0909091	0.0909091	0.0909091	0.0909091	0.0909091	
0.000115075	0.243153	0.30771	0.234292	0.105178	0.0520138	0.0393556	0.0165708	0.000115075	0.0013809	0.000115075	
0.000396983	0.0134974	0.18817	0.371576	0.253672	0.113934	0.0484319	0.00913061	0.000396983	0.000396983	0.000396983	
0.0010101	0.0232323	0.112121	0.289899	0.245455	0.167677	0.123232	0.0232323	0.0121212	0.0010101	0.0010101	
0.0025974	0.0025974	0.0311688	0.116883	0.231169	0.145455	0.288312	0.145455	0.0025974	0.0311688	0.0025974	
0.0030303	0.0030303	0.069697	0.136364	0.136364	0.20303	0.30303	0.0363636	0.0363636	0.0363636	0.0363636	
0.00395257	0.00395257	0.0474308	0.00395257	0.134387	0.134387	0.395257	0.177866	0.0474308	0.0474308	0.00395257	
0.00395257	0.00395257	0.00395257	0.00395257	0.134387	0.264822	0.3083	0.221344	0.0474308	0.00395257	0.00395257	
0.00568182	0.00568182	0.00568182	0.00568182	0.255682	0.318182	0.0681818	0.193182	0.00568182	0.0681818	0.0681818	
0.00699301	0.00699301	0.00699301	0.00699301	0.160839	0.160839	0.237762	0.314685	0.00699301	0.00699301	0.0839161	
0.00606061	0.00606061	0.00606061	0.00606061	0.206061	0.0727273	0.206061	0.206061	0.139394	0.139394	0.00606061	


Vector Pi :

0.00149031	0.591654	0.214605	0.0834575	0.0178838	0.0342772	0.00149031	0.0178838	0.0178838	0.0178838	0.00149031	


Vector Phi :

0.000819283	0.626615	0.179871	0.0710255	0.0279703	0.0229877	0.0186601	0.0177624	0.0122161	0.00981154	0.0122615	
