
Parameters: 11 states AND 11 symbols

Matrix A :

0.0909091	0.0909091	0.0909091	0.0909091	0.0909091	0.0909091	0.0909091	0.0909091	0.0909091	0.0909091	0.0909091	
0.000103306	0.935331	0.0626033	0.00123967	0.000103306	0.000103306	0.000103306	0.000103306	0.000103306	0.000103306	0.000103306	
0.000402253	0.243765	0.63757	0.111022	0.000402253	0.000402253	0.000402253	0.00482703	0.000402253	0.000402253	0.000402253	
0.0013369	0.0013369	0.368984	0.501337	0.118984	0.0013369	0.0013369	0.0013369	0.0013369	0.0013369	0.0013369	
0.00534759	0.00534759	0.0641711	0.417112	0.417112	0.0641711	0.00534759	0.00534759	0.00534759	0.00534759	0.00534759	
0.030303	0.030303	0.030303	0.030303	0.363636	0.363636	0.030303	0.030303	0.030303	0.030303	0.030303	
0.0909091	0.0909091	0.0909091	0.0909091	0.0909091	0.0909091	0.0909091	0.0909091	0.0909091	0.0909091	0.0909091	
0.0454545	0.0454545	0.0454545	0.0454545	0.0454545	0.0454545	0.0454545	0.0454545	0.545455	0.0454545	0.0454545	
0.0454545	0.0454545	0.0454545	0.0454545	0.0454545	0.0454545	0.0454545	0.0454545	0.0454545	0.0454545	0.545455	
0.0454545	0.545455	0.0454545	0.0454545	0.0454545	0.0454545	0.0454545	0.0454545	0.0454545	0.0454545	0.0454545	
0.030303	0.030303	0.030303	0.030303	0.030303	0.030303	0.030303	0.030303	0.030303	0.363636	0.363636	


Matrix B :

0.0909091	0.0909091	0.0909091	0.0909091	0.0909091	0.0909091	0.0909091	0.0909091	0.0909091	0.0909091	0.0909091	
9.83865e-05	0.270661	0.332349	0.207891	0.102912	0.0423062	0.0314837	0.0109209	0.00118064	9.83865e-05	9.83865e-05	
0.000381971	0.000381971	0.386937	0.26929	0.176853	0.0802139	0.0550038	0.012987	0.00458365	0.00458365	0.00878533	
0.0012987	0.0012987	0.0727273	0.501299	0.22987	0.12987	0.0584416	0.0012987	0.0012987	0.0012987	0.0012987	
0.00478469	0.00478469	0.00478469	0.0574163	0.583732	0.215311	0.0574163	0.0574163	0.00478469	0.00478469	0.00478469	
0.030303	0.030303	0.030303	0.69697	0.030303	0.030303	0.030303	0.030303	0.030303	0.030303	0.030303	
0.0909091	0.0909091	0.0909091	0.0909091	0.0909091	0.0909091	0.0909091	0.0909091	0.0909091	0.0909091	0.0909091	
0.0454545	0.0454545	0.0454545	0.0454545	0.0454545	0.0454545	0.545455	0.0454545	0.0454545	0.0454545	0.0454545	
0.0454545	0.0454545	0.0454545	0.0454545	0.0454545	0.0454545	0.545455	0.0454545	0.0454545	0.0454545	0.0454545	
0.0454545	0.0454545	0.0454545	0.0454545	0.0454545	0.545455	0.0454545	0.0454545	0.0454545	0.0454545	0.0454545	
0.030303	0.030303	0.030303	0.030303	0.030303	0.030303	0.69697	0.030303	0.030303	0.030303	0.030303	


Vector Pi :

0.00149031	0.722802	0.198212	0.0342772	0.0342772	0.00149031	0.00149031	0.00149031	0.00149031	0.00149031	0.00149031	


Vector Phi :

0.000829876	0.73029	0.187552	0.0564315	0.0141079	0.00248963	0.000829876	0.00165975	0.00165975	0.00165975	0.00248963	
