
Parameters: 11 states AND 11 symbols

Matrix A :

0.0909091	0.0909091	0.0909091	0.0909091	0.0909091	0.0909091	0.0909091	0.0909091	0.0909091	0.0909091	0.0909091	
0.00011279	0.857433	0.129145	0.00631626	0.00507557	0.00135349	0.00011279	0.00011279	0.00011279	0.00011279	0.00011279	
0.000362188	0.422673	0.446577	0.0880116	0.0242666	0.0123144	0.000362188	0.000362188	0.000362188	0.000362188	0.00434625	
0.0012285	0.0823096	0.35258	0.379607	0.149877	0.0282555	0.0012285	0.0012285	0.0012285	0.0012285	0.0012285	
0.00206612	0.0247934	0.161157	0.297521	0.274793	0.115702	0.0929752	0.0247934	0.00206612	0.00206612	0.00206612	
0.00478469	0.0574163	0.0574163	0.215311	0.320574	0.267943	0.00478469	0.00478469	0.0574163	0.00478469	0.00478469	
0.012987	0.012987	0.012987	0.155844	0.298701	0.298701	0.155844	0.012987	0.012987	0.012987	0.012987	
0.0454545	0.0454545	0.0454545	0.0454545	0.0454545	0.0454545	0.545455	0.0454545	0.0454545	0.0454545	0.0454545	
0.0454545	0.0454545	0.0454545	0.0454545	0.545455	0.0454545	0.0454545	0.0454545	0.0454545	0.0454545	0.0454545	
0.0909091	0.0909091	0.0909091	0.0909091	0.0909091	0.0909091	0.0909091	0.0909091	0.0909091	0.0909091	0.0909091	
0.0454545	0.0454545	0.0454545	0.0454545	0.545455	0.0454545	0.0454545	0.0454545	0.0454545	0.0454545	0.0454545	


Matrix B :

0.0909091	0.0909091	0.0909091	0.0909091	0.0909091	0.0909091	0.0909091	0.0909091	0.0909091	0.0909091	0.0909091	
0.000107968	0.641438	0.301771	0.0464263	0.00960916	0.000107968	0.000107968	0.000107968	0.000107968	0.000107968	0.000107968	
0.000337952	0.111862	0.624873	0.212234	0.0486651	0.000337952	0.000337952	0.000337952	0.000337952	0.000337952	0.000337952	
0.00118064	0.00118064	0.247934	0.663518	0.0791027	0.00118064	0.00118064	0.00118064	0.00118064	0.00118064	0.00118064	
0.00197628	0.00197628	0.00197628	0.328063	0.501976	0.110672	0.0454545	0.00197628	0.00197628	0.00197628	0.00197628	
0.00478469	0.00478469	0.00478469	0.0574163	0.478469	0.425837	0.00478469	0.00478469	0.00478469	0.00478469	0.00478469	
0.0113636	0.0113636	0.0113636	0.0113636	0.0113636	0.136364	0.511364	0.136364	0.136364	0.0113636	0.0113636	
0.0454545	0.0454545	0.0454545	0.0454545	0.0454545	0.0454545	0.0454545	0.545455	0.0454545	0.0454545	0.0454545	
0.0454545	0.0454545	0.0454545	0.0454545	0.0454545	0.0454545	0.545455	0.0454545	0.0454545	0.0454545	0.0454545	
0.0909091	0.0909091	0.0909091	0.0909091	0.0909091	0.0909091	0.0909091	0.0909091	0.0909091	0.0909091	0.0909091	
0.0454545	0.0454545	0.0454545	0.0454545	0.0454545	0.0454545	0.0454545	0.0454545	0.0454545	0.0454545	0.545455	


Vector Pi :

0.00149031	0.591654	0.296572	0.0506706	0.0342772	0.00149031	0.0178838	0.00149031	0.00149031	0.00149031	0.00149031	


Vector Phi :

0.00082713	0.666667	0.20761	0.0612076	0.0363937	0.0157155	0.00578991	0.00165426	0.00165426	0.00082713	0.00165426	
