
Parameters: 11 states AND 11 symbols

Matrix A :

0.0909091	0.0909091	0.0909091	0.0909091	0.0909091	0.0909091	0.0909091	0.0909091	0.0909091	0.0909091	0.0909091	
0.00020202	0.646869	0.302424	0.0424242	0.00686869	0.00020202	0.00020202	0.00020202	0.00020202	0.00020202	0.00020202	
0.00026738	0.364973	0.347326	0.235561	0.0414439	0.00909091	0.00026738	0.00026738	0.00026738	0.00026738	0.00026738	
0.000418936	0.124843	0.323	0.350649	0.161709	0.0280687	0.00963553	0.000418936	0.000418936	0.000418936	0.000418936	
0.000927644	0.0621521	0.143785	0.276438	0.317254	0.184601	0.0111317	0.000927644	0.000927644	0.000927644	0.000927644	
0.0015949	0.0191388	0.0366826	0.229665	0.229665	0.317384	0.0893142	0.0717703	0.0015949	0.0015949	0.0015949	
0.00505051	0.00505051	0.00505051	0.00505051	0.00505051	0.393939	0.338384	0.171717	0.00505051	0.0606061	0.00505051	
0.00826446	0.00826446	0.00826446	0.00826446	0.0991736	0.190083	0.190083	0.0991736	0.280992	0.0991736	0.00826446	
0.0151515	0.0151515	0.0151515	0.0151515	0.0151515	0.348485	0.0151515	0.0151515	0.181818	0.348485	0.0151515	
0.012987	0.012987	0.012987	0.012987	0.012987	0.012987	0.155844	0.298701	0.155844	0.012987	0.298701	
0.0227273	0.0227273	0.0227273	0.0227273	0.0227273	0.0227273	0.0227273	0.0227273	0.0227273	0.522727	0.272727	


Matrix B :

0.0909091	0.0909091	0.0909091	0.0909091	0.0909091	0.0909091	0.0909091	0.0909091	0.0909091	0.0909091	0.0909091	
0.000191388	0.34756	0.309665	0.14756	0.0759809	0.0570335	0.0401914	0.0191388	0.000191388	0.00229665	0.000191388	
0.000255363	0.129469	0.452503	0.241828	0.092952	0.0423902	0.0339632	0.00587334	0.000255363	0.000255363	0.000255363	
0.000400481	0.000400481	0.308771	0.321986	0.154586	0.0973168	0.0841009	0.0224269	0.00921105	0.000400481	0.000400481	
0.000891266	0.000891266	0.0597148	0.530303	0.19697	0.0891266	0.0499109	0.0204991	0.0204991	0.0204991	0.0106952	
0.00151515	0.00151515	0.00151515	0.301515	0.301515	0.168182	0.118182	0.0348485	0.0348485	0.0181818	0.0181818	
0.00478469	0.00478469	0.00478469	0.00478469	0.583732	0.0574163	0.110048	0.0574163	0.110048	0.00478469	0.0574163	
0.00826446	0.00826446	0.00826446	0.00826446	0.0991736	0.280992	0.0991736	0.280992	0.0991736	0.0991736	0.00826446	
0.0151515	0.0151515	0.0151515	0.0151515	0.0151515	0.348485	0.515152	0.0151515	0.0151515	0.0151515	0.0151515	
0.0113636	0.0113636	0.0113636	0.0113636	0.0113636	0.0113636	0.511364	0.136364	0.261364	0.0113636	0.0113636	
0.0227273	0.0227273	0.0227273	0.0227273	0.0227273	0.0227273	0.0227273	0.0227273	0.522727	0.272727	0.0227273	


Vector Pi :

0.00149031	0.411326	0.247392	0.181818	0.0670641	0.0506706	0.0178838	0.00149031	0.00149031	0.0178838	0.00149031	


Vector Phi :

0.000825436	0.372776	0.282179	0.178447	0.0808252	0.0470105	0.0148396	0.00907237	0.00494962	0.00577473	0.00330048	
