
Parameters: 11 states AND 11 symbols

Matrix A :

0.0454545	0.0454545	0.0454545	0.0454545	0.0454545	0.0454545	0.0454545	0.0454545	0.0454545	0.0454545	0.545455	
0.00016469	0.786397	0.192194	0.0200922	0.00016469	0.00016469	0.00016469	0.00016469	0.00016469	0.00016469	0.00016469	
0.000261233	0.293365	0.48302	0.195664	0.0261233	0.000261233	0.000261233	0.000261233	0.000261233	0.000261233	0.000261233	
0.000441306	0.0635481	0.311121	0.471315	0.146072	0.00529568	0.000441306	0.000441306	0.000441306	0.000441306	0.000441306	
0.00131752	0.030303	0.11726	0.378129	0.334651	0.102767	0.030303	0.00131752	0.00131752	0.00131752	0.00131752	
0.00909091	0.00909091	0.109091	0.309091	0.409091	0.00909091	0.00909091	0.109091	0.00909091	0.00909091	0.00909091	
0.012987	0.012987	0.155844	0.012987	0.155844	0.012987	0.298701	0.155844	0.155844	0.012987	0.012987	
0.272727	0.0227273	0.0227273	0.0227273	0.0227273	0.272727	0.272727	0.0227273	0.0227273	0.0227273	0.0227273	
0.0181818	0.0181818	0.0181818	0.0181818	0.0181818	0.0181818	0.0181818	0.218182	0.218182	0.418182	0.0181818	
0.0227273	0.0227273	0.0227273	0.0227273	0.0227273	0.0227273	0.272727	0.0227273	0.522727	0.0227273	0.0227273	
0.0454545	0.0454545	0.0454545	0.0454545	0.0454545	0.0454545	0.0454545	0.0454545	0.0454545	0.545455	0.0454545	


Matrix B :

0.0454545	0.0454545	0.0454545	0.0454545	0.0454545	0.0454545	0.0454545	0.0454545	0.0454545	0.0454545	0.545455	
0.00015674	0.424295	0.322571	0.139812	0.0880878	0.0173981	0.00705329	0.00015674	0.00015674	0.00015674	0.00015674	
0.0002457	0.135381	0.511057	0.202948	0.0651106	0.0407862	0.0272727	0.0110565	0.00565111	0.0002457	0.0002457	
0.000430849	0.000430849	0.43171	0.284791	0.123654	0.0762602	0.0193882	0.0241275	0.0336062	0.00517019	0.000430849	
0.00126263	0.00126263	0.0707071	0.459596	0.140152	0.0707071	0.0707071	0.112374	0.0290404	0.0151515	0.0290404	
0.00826446	0.00826446	0.00826446	0.371901	0.46281	0.0991736	0.00826446	0.00826446	0.00826446	0.00826446	0.00826446	
0.012987	0.012987	0.012987	0.012987	0.727273	0.012987	0.012987	0.012987	0.155844	0.012987	0.012987	
0.0181818	0.0181818	0.0181818	0.0181818	0.418182	0.218182	0.0181818	0.0181818	0.0181818	0.218182	0.0181818	
0.0181818	0.0181818	0.0181818	0.0181818	0.0181818	0.418182	0.418182	0.0181818	0.0181818	0.0181818	0.0181818	
0.0227273	0.0227273	0.0227273	0.0227273	0.0227273	0.272727	0.522727	0.0227273	0.0227273	0.0227273	0.0227273	
0.0454545	0.0454545	0.0454545	0.0454545	0.0454545	0.0454545	0.0454545	0.0454545	0.545455	0.0454545	0.0454545	


Vector Pi :

0.00149031	0.460507	0.345753	0.0834575	0.0670641	0.0178838	0.00149031	0.0178838	0.00149031	0.00149031	0.00149031	


Vector Phi :

0.00163003	0.457905	0.289131	0.169743	0.0555951	0.0080941	0.00567998	0.00325261	0.00407451	0.00326262	0.00163189	
