
Parameters: 11 states AND 11 symbols

Matrix A :

0.0909091	0.0909091	0.0909091	0.0909091	0.0909091	0.0909091	0.0909091	0.0909091	0.0909091	0.0909091	0.0909091	
0.000180734	0.870956	0.121453	0.00614495	0.000180734	0.000180734	0.000180734	0.000180734	0.000180734	0.000180734	0.000180734	
0.000275482	0.185124	0.703306	0.106336	0.00330579	0.000275482	0.000275482	0.000275482	0.000275482	0.000275482	0.000275482	
0.000510725	0.0173647	0.185904	0.663432	0.11287	0.0117467	0.0061287	0.000510725	0.000510725	0.000510725	0.000510725	
0.00119617	0.00119617	0.0406699	0.251196	0.54067	0.159091	0.00119617	0.00119617	0.00119617	0.00119617	0.00119617	
0.002331	0.002331	0.002331	0.0536131	0.2331	0.412587	0.2331	0.0536131	0.002331	0.002331	0.002331	
0.003367	0.003367	0.003367	0.003367	0.114478	0.299663	0.3367	0.188552	0.040404	0.003367	0.003367	
0.00378788	0.00378788	0.00378788	0.00378788	0.0454545	0.00378788	0.253788	0.545455	0.0871212	0.0454545	0.00378788	
0.012987	0.012987	0.012987	0.012987	0.012987	0.012987	0.155844	0.298701	0.155844	0.155844	0.155844	
0.012987	0.012987	0.012987	0.012987	0.012987	0.012987	0.012987	0.155844	0.298701	0.298701	0.155844	
0.0113636	0.0113636	0.0113636	0.0113636	0.0113636	0.0113636	0.0113636	0.0113636	0.0113636	0.261364	0.636364	


Matrix B :

0.0909091	0.0909091	0.0909091	0.0909091	0.0909091	0.0909091	0.0909091	0.0909091	0.0909091	0.0909091	0.0909091	
0.000171851	0.474652	0.380134	0.117374	0.0209658	0.00584293	0.000171851	0.000171851	0.000171851	0.000171851	0.000171851	
0.00025974	0.0716883	0.483117	0.274545	0.0745455	0.065974	0.0174026	0.0116883	0.00025974	0.00025974	0.00025974	
0.000494071	0.0113636	0.250494	0.364625	0.245059	0.10919	0.0167984	0.000494071	0.000494071	0.000494071	0.000494071	
0.0011655	0.0011655	0.0780886	0.36014	0.270396	0.219114	0.039627	0.0268065	0.0011655	0.0011655	0.0011655	
0.00221729	0.00221729	0.00221729	0.148559	0.441242	0.343681	0.0266075	0.00221729	0.0266075	0.00221729	0.00221729	
0.0031348	0.0031348	0.0031348	0.0376176	0.141066	0.658307	0.106583	0.0031348	0.0031348	0.0376176	0.0031348	
0.00363636	0.00363636	0.00363636	0.00363636	0.00363636	0.443636	0.443636	0.0836364	0.00363636	0.00363636	0.00363636	
0.0113636	0.0113636	0.0113636	0.0113636	0.0113636	0.0113636	0.511364	0.136364	0.0113636	0.0113636	0.261364	
0.012987	0.012987	0.012987	0.012987	0.012987	0.012987	0.155844	0.727273	0.012987	0.012987	0.012987	
0.0113636	0.0113636	0.0113636	0.0113636	0.0113636	0.0113636	0.0113636	0.136364	0.386364	0.136364	0.261364	


Vector Pi :

0.00149031	0.42772	0.329359	0.099851	0.0342772	0.0342772	0.0342772	0.0178838	0.0178838	0.00149031	0.00149031	


Vector Phi :

0.000834261	0.41901	0.274949	0.148361	0.0633771	0.0325344	0.0225323	0.0200345	0.00584372	0.00584443	0.00667984	
