
Parameters: 11 states AND 11 symbols

Matrix A :

0.0454545	0.0454545	0.0454545	0.0454545	0.0454545	0.0454545	0.0454545	0.0454545	0.0454545	0.0454545	0.545455	
0.000203832	0.758051	0.226661	0.0136567	0.000203832	0.000203832	0.000203832	0.000203832	0.000203832	0.000203832	0.000203832	
0.000260485	0.289659	0.538942	0.146392	0.0231831	0.000260485	0.000260485	0.000260485	0.000260485	0.000260485	0.000260485	
0.000468604	0.0313964	0.247891	0.521087	0.170572	0.0262418	0.000468604	0.000468604	0.000468604	0.000468604	0.000468604	
0.000783699	0.000783699	0.0869906	0.293887	0.431818	0.147335	0.0352665	0.000783699	0.000783699	0.000783699	0.000783699	
0.00165289	0.00165289	0.00165289	0.0198347	0.383471	0.438017	0.128926	0.0198347	0.00165289	0.00165289	0.00165289	
0.00378788	0.00378788	0.00378788	0.00378788	0.170455	0.295455	0.337121	0.170455	0.00378788	0.00378788	0.00378788	
0.00909091	0.00909091	0.00909091	0.00909091	0.00909091	0.00909091	0.409091	0.309091	0.209091	0.00909091	0.00909091	
0.0181818	0.0181818	0.0181818	0.0181818	0.0181818	0.218182	0.0181818	0.218182	0.218182	0.0181818	0.218182	
0.0909091	0.0909091	0.0909091	0.0909091	0.0909091	0.0909091	0.0909091	0.0909091	0.0909091	0.0909091	0.0909091	
0.363636	0.030303	0.030303	0.030303	0.030303	0.030303	0.030303	0.030303	0.363636	0.030303	0.030303	


Matrix B :

0.0454545	0.0454545	0.0454545	0.0454545	0.0454545	0.0454545	0.0454545	0.0454545	0.0454545	0.0454545	0.545455	
0.000193424	0.542747	0.351257	0.0916828	0.0129594	0.000193424	0.000193424	0.000193424	0.000193424	0.000193424	0.000193424	
0.0002457	0.00565111	0.651597	0.300246	0.0299754	0.0110565	0.0002457	0.0002457	0.0002457	0.0002457	0.0002457	
0.000447828	0.000447828	0.0349306	0.660546	0.261532	0.0349306	0.00537394	0.000447828	0.000447828	0.000447828	0.000447828	
0.000757576	0.000757576	0.000757576	0.0674242	0.525758	0.309091	0.0840909	0.000757576	0.00909091	0.000757576	0.000757576	
0.00165289	0.00165289	0.00165289	0.00165289	0.128926	0.438017	0.365289	0.0561983	0.00165289	0.00165289	0.00165289	
0.0034965	0.0034965	0.0034965	0.0034965	0.0034965	0.195804	0.541958	0.157343	0.041958	0.041958	0.0034965	
0.00909091	0.00909091	0.00909091	0.00909091	0.00909091	0.00909091	0.00909091	0.309091	0.109091	0.509091	0.00909091	
0.0181818	0.0181818	0.0181818	0.0181818	0.0181818	0.0181818	0.0181818	0.0181818	0.218182	0.218182	0.418182	
0.0909091	0.0909091	0.0909091	0.0909091	0.0909091	0.0909091	0.0909091	0.0909091	0.0909091	0.0909091	0.0909091	
0.030303	0.030303	0.030303	0.030303	0.030303	0.030303	0.030303	0.030303	0.030303	0.030303	0.69697	


Vector Pi :

0.00149031	0.394933	0.362146	0.149031	0.0506706	0.00149031	0.0342772	0.00149031	0.00149031	0.00149031	0.00149031	


Vector Phi :

0.00167906	0.367696	0.287484	0.161738	0.0985732	0.0465144	0.0203031	0.00844348	0.00420969	0.000838926	0.0025204	
