
Parameters: 11 states AND 11 symbols

Matrix A :

0.0909091	0.0909091	0.0909091	0.0909091	0.0909091	0.0909091	0.0909091	0.0909091	0.0909091	0.0909091	0.0909091	
0.000292312	0.643379	0.296112	0.0549547	0.000292312	0.00350775	0.000292312	0.000292312	0.000292312	0.000292312	0.000292312	
0.000290444	0.278246	0.489108	0.185594	0.0386291	0.00668022	0.000290444	0.000290444	0.000290444	0.000290444	0.000290444	
0.0003885	0.0644911	0.235431	0.500389	0.158508	0.03885	0.0003885	0.0003885	0.0003885	0.0003885	0.0003885	
0.000622665	0.0554172	0.0828144	0.22665	0.452677	0.165006	0.0143213	0.000622665	0.000622665	0.000622665	0.000622665	
0.000999001	0.000999001	0.011988	0.0669331	0.264735	0.440559	0.165834	0.044955	0.000999001	0.000999001	0.000999001	
0.002331	0.002331	0.002331	0.027972	0.104895	0.2331	0.310023	0.284382	0.027972	0.002331	0.002331	
0.002457	0.002457	0.002457	0.002457	0.0565111	0.137592	0.218673	0.326781	0.191646	0.0565111	0.002457	
0.00413223	0.00413223	0.00413223	0.00413223	0.00413223	0.00413223	0.0495868	0.367769	0.504132	0.0495868	0.00413223	
0.012987	0.012987	0.012987	0.012987	0.012987	0.012987	0.012987	0.155844	0.155844	0.441558	0.155844	
0.0227273	0.0227273	0.0227273	0.0227273	0.0227273	0.0227273	0.0227273	0.0227273	0.272727	0.0227273	0.522727	


Matrix B :

0.0909091	0.0909091	0.0909091	0.0909091	0.0909091	0.0909091	0.0909091	0.0909091	0.0909091	0.0909091	0.0909091	
0.000281452	0.40895	0.356319	0.151984	0.062201	0.00956938	0.00956938	0.000281452	0.000281452	0.000281452	0.000281452	
0.000272183	0.173925	0.50626	0.209853	0.0691345	0.0182363	0.0152422	0.00626021	0.000272183	0.000272183	0.000272183	
0.000368053	0.000368053	0.445712	0.332352	0.13802	0.0449025	0.0327567	0.000368053	0.000368053	0.00441664	0.000368053	
0.000598086	0.000598086	0.0729665	0.480861	0.217703	0.158493	0.0532297	0.00717703	0.00717703	0.000598086	0.000598086	
0.000988142	0.000988142	0.000988142	0.337945	0.305336	0.174901	0.109684	0.0444664	0.000988142	0.0227273	0.000988142	
0.0021645	0.0021645	0.0021645	0.025974	0.406926	0.287879	0.121212	0.0735931	0.025974	0.025974	0.025974	
0.002331	0.002331	0.002331	0.002331	0.335664	0.438228	0.104895	0.002331	0.027972	0.027972	0.0536131	
0.00395257	0.00395257	0.00395257	0.00395257	0.0474308	0.743083	0.177866	0.00395257	0.00395257	0.00395257	0.00395257	
0.0113636	0.0113636	0.0113636	0.0113636	0.0113636	0.136364	0.386364	0.136364	0.261364	0.0113636	0.0113636	
0.0227273	0.0227273	0.0227273	0.0227273	0.0227273	0.0227273	0.272727	0.522727	0.0227273	0.0227273	0.0227273	


Vector Pi :

0.00149031	0.198212	0.329359	0.230999	0.099851	0.0178838	0.0506706	0.0342772	0.0178838	0.0178838	0.00149031	


Vector Phi :

0.00082827	0.258906	0.261182	0.192914	0.120735	0.0752572	0.0322587	0.0306095	0.0182038	0.00579301	0.00331169	
