
Parameters: 11 states AND 11 symbols

Matrix A :

0.0454545	0.0454545	0.0454545	0.0454545	0.545455	0.0454545	0.0454545	0.0454545	0.0454545	0.0454545	0.0454545	
8.52006e-05	0.956974	0.0394479	0.00195961	8.52006e-05	0.00102241	8.52006e-05	8.52006e-05	8.52006e-05	8.52006e-05	8.52006e-05	
0.0109091	0.400909	0.490909	0.0709091	0.000909091	0.0209091	0.000909091	0.000909091	0.000909091	0.000909091	0.000909091	
0.004329	0.147186	0.194805	0.385281	0.194805	0.0519481	0.004329	0.004329	0.004329	0.004329	0.004329	
0.012987	0.155844	0.441558	0.298701	0.012987	0.012987	0.012987	0.012987	0.012987	0.012987	0.012987	
0.0151515	0.0151515	0.181818	0.181818	0.181818	0.181818	0.181818	0.0151515	0.0151515	0.0151515	0.0151515	
0.0454545	0.545455	0.0454545	0.0454545	0.0454545	0.0454545	0.0454545	0.0454545	0.0454545	0.0454545	0.0454545	
0.0909091	0.0909091	0.0909091	0.0909091	0.0909091	0.0909091	0.0909091	0.0909091	0.0909091	0.0909091	0.0909091	
0.0909091	0.0909091	0.0909091	0.0909091	0.0909091	0.0909091	0.0909091	0.0909091	0.0909091	0.0909091	0.0909091	
0.0909091	0.0909091	0.0909091	0.0909091	0.0909091	0.0909091	0.0909091	0.0909091	0.0909091	0.0909091	0.0909091	
0.0909091	0.0909091	0.0909091	0.0909091	0.0909091	0.0909091	0.0909091	0.0909091	0.0909091	0.0909091	0.0909091	


Matrix B :

0.0454545	0.0454545	0.0454545	0.0454545	0.0454545	0.545455	0.0454545	0.0454545	0.0454545	0.0454545	0.0454545	
8.0952e-05	0.360722	0.360722	0.158585	0.0953615	0.015219	0.00364284	0.0018619	0.0018619	0.000971424	0.000971424	
0.000882613	0.000882613	0.136805	0.321271	0.195057	0.127096	0.117387	0.059135	0.0105914	0.0105914	0.0203001	
0.00413223	0.00413223	0.140496	0.140496	0.18595	0.367769	0.0495868	0.00413223	0.0495868	0.00413223	0.0495868	
0.012987	0.012987	0.012987	0.298701	0.155844	0.012987	0.012987	0.298701	0.012987	0.155844	0.012987	
0.0151515	0.0151515	0.0151515	0.0151515	0.181818	0.181818	0.0151515	0.0151515	0.348485	0.181818	0.0151515	
0.0454545	0.0454545	0.0454545	0.0454545	0.545455	0.0454545	0.0454545	0.0454545	0.0454545	0.0454545	0.0454545	
0.0909091	0.0909091	0.0909091	0.0909091	0.0909091	0.0909091	0.0909091	0.0909091	0.0909091	0.0909091	0.0909091	
0.0909091	0.0909091	0.0909091	0.0909091	0.0909091	0.0909091	0.0909091	0.0909091	0.0909091	0.0909091	0.0909091	
0.0909091	0.0909091	0.0909091	0.0909091	0.0909091	0.0909091	0.0909091	0.0909091	0.0909091	0.0909091	0.0909091	
0.0909091	0.0909091	0.0909091	0.0909091	0.0909091	0.0909091	0.0909091	0.0909091	0.0909091	0.0909091	0.0909091	


Vector Pi :

0.00149031	0.919523	0.0506706	0.0178838	0.00149031	0.00149031	0.00149031	0.00149031	0.00149031	0.00149031	0.00149031	


Vector Phi :

0.00165426	0.882548	0.082713	0.0173697	0.00578991	0.00496278	0.00165426	0.00082713	0.00082713	0.00082713	0.00082713	
