
Parameters: 11 states AND 11 symbols

Matrix A :

0.090909	0.090909	0.090909	0.090909	0.090909	0.090909	0.090909	0.090909	0.090909	0.090909	0.090909	
0.000587	0.729619	0.161877	0.058651	0.019941	0.007038	0.000587	0.000587	0.007038	0.000587	0.013490	
0.000819	0.280098	0.424242	0.180999	0.054873	0.036855	0.009828	0.000819	0.000819	0.009828	0.000819	
0.001057	0.059197	0.233615	0.349894	0.221987	0.059197	0.024313	0.012685	0.012685	0.024313	0.001057	
0.001515	0.051515	0.168182	0.251515	0.268182	0.084848	0.068182	0.068182	0.018182	0.001515	0.018182	
0.002392	0.002392	0.081340	0.133971	0.212919	0.212919	0.186603	0.055024	0.081340	0.028708	0.002392	
0.003030	0.003030	0.069697	0.103030	0.069697	0.203030	0.236364	0.236364	0.036364	0.036364	0.003030	
0.002841	0.002841	0.002841	0.065341	0.127841	0.127841	0.127841	0.159091	0.284091	0.096591	0.002841	
0.002674	0.002674	0.002674	0.002674	0.002674	0.090909	0.120321	0.237968	0.326203	0.208556	0.002674	
0.002755	0.002755	0.063361	0.033058	0.033058	0.033058	0.033058	0.123967	0.154270	0.336088	0.184573	
0.003636	0.083636	0.043636	0.003636	0.003636	0.003636	0.003636	0.003636	0.043636	0.243636	0.563636	


Matrix B :

0.090909	0.090909	0.090909	0.090909	0.090909	0.090909	0.090909	0.090909	0.090909	0.090909	0.090909	
0.000568	0.656818	0.263068	0.056818	0.006818	0.006818	0.006818	0.000568	0.000568	0.000568	0.000568	
0.000791	0.322530	0.496443	0.139921	0.009486	0.026877	0.000791	0.000791	0.000791	0.000791	0.000791	
0.000999	0.132867	0.638362	0.198801	0.000999	0.022977	0.000999	0.000999	0.000999	0.000999	0.000999	
0.001490	0.034277	0.558867	0.296572	0.099851	0.001490	0.001490	0.001490	0.001490	0.001490	0.001490	
0.002331	0.053613	0.284382	0.438228	0.207459	0.002331	0.002331	0.002331	0.002331	0.002331	0.002331	
0.002674	0.032086	0.385027	0.267380	0.208556	0.061497	0.032086	0.002674	0.002674	0.002674	0.002674	
0.002525	0.002525	0.419192	0.363636	0.196970	0.002525	0.002525	0.002525	0.002525	0.002525	0.002525	
0.002597	0.059740	0.259740	0.231169	0.174026	0.174026	0.088312	0.002597	0.002597	0.002597	0.002597	
0.002597	0.002597	0.374026	0.231169	0.259740	0.116883	0.002597	0.002597	0.002597	0.002597	0.002597	
0.003247	0.003247	0.074675	0.324675	0.110390	0.181818	0.110390	0.003247	0.074675	0.038961	0.074675	


Vector Pi :

0.002933	0.164223	0.131965	0.164223	0.035191	0.035191	0.099707	0.131965	0.035191	0.067449	0.131965	


Vector Phi :

0.001647	0.255700	0.183900	0.143076	0.099982	0.063647	0.052083	0.053508	0.056156	0.053263	0.037038	
