
Parameters: 11 states AND 11 symbols

Matrix A :

0.0909091	0.0909091	0.0909091	0.0909091	0.0909091	0.0909091	0.0909091	0.0909091	0.0909091	0.0909091	0.0909091	
0.000178603	0.841043	0.141632	0.0158957	0.000178603	0.000178603	0.000178603	0.000178603	0.000178603	0.000178603	0.000178603	
0.000284091	0.231534	0.628409	0.128409	0.00965909	0.000284091	0.000284091	0.000284091	0.000284091	0.000284091	0.000284091	
0.000488759	0.0219941	0.226295	0.597263	0.129521	0.0219941	0.000488759	0.000488759	0.000488759	0.000488759	0.000488759	
0.0010101	0.0121212	0.0343434	0.267677	0.567677	0.112121	0.0010101	0.0010101	0.0010101	0.0010101	0.0010101	
0.0021645	0.025974	0.0021645	0.0497835	0.24026	0.430736	0.24026	0.0021645	0.0021645	0.0021645	0.0021645	
0.00413223	0.00413223	0.00413223	0.00413223	0.0495868	0.231405	0.458678	0.140496	0.0950413	0.00413223	0.00413223	
0.0113636	0.0113636	0.0113636	0.0113636	0.0113636	0.511364	0.136364	0.0113636	0.261364	0.0113636	0.0113636	
0.00909091	0.00909091	0.00909091	0.00909091	0.00909091	0.00909091	0.00909091	0.409091	0.209091	0.209091	0.109091	
0.0151515	0.0151515	0.0151515	0.0151515	0.0151515	0.0151515	0.0151515	0.0151515	0.515152	0.348485	0.0151515	
0.0151515	0.0151515	0.0151515	0.0151515	0.0151515	0.0151515	0.0151515	0.0151515	0.0151515	0.181818	0.681818	


Matrix B :

0.0909091	0.0909091	0.0909091	0.0909091	0.0909091	0.0909091	0.0909091	0.0909091	0.0909091	0.0909091	0.0909091	
0.000170561	0.369777	0.35852	0.105236	0.116493	0.0283132	0.0170561	0.00204673	0.000170561	0.00204673	0.000170561	
0.00026976	0.00323712	0.475047	0.297006	0.124899	0.0388454	0.0507149	0.00323712	0.00323712	0.00323712	0.00026976	
0.000463822	0.000463822	0.025974	0.439239	0.311688	0.102505	0.0769944	0.0157699	0.00556586	0.0157699	0.00556586	
0.000956938	0.000956938	0.000956938	0.0114833	0.316746	0.495694	0.127273	0.0325359	0.000956938	0.0114833	0.000956938	
0.00211416	0.00211416	0.00211416	0.00211416	0.0718816	0.327696	0.281184	0.234672	0.0486258	0.00211416	0.02537	
0.00395257	0.00395257	0.00395257	0.00395257	0.0474308	0.0909091	0.177866	0.177866	0.395257	0.0909091	0.00395257	
0.010101	0.010101	0.010101	0.010101	0.010101	0.010101	0.010101	0.454545	0.121212	0.121212	0.232323	
0.00826446	0.00826446	0.00826446	0.00826446	0.00826446	0.0991736	0.00826446	0.0991736	0.280992	0.371901	0.0991736	
0.0151515	0.0151515	0.0151515	0.0151515	0.0151515	0.0151515	0.0151515	0.0151515	0.681818	0.0151515	0.181818	
0.0151515	0.0151515	0.0151515	0.0151515	0.0151515	0.0151515	0.348485	0.181818	0.181818	0.181818	0.0151515	


Vector Pi :

0.00149031	0.394933	0.296572	0.149031	0.0834575	0.0178838	0.0178838	0.0178838	0.0178838	0.00149031	0.00149031	


Vector Phi :

0.000839002	0.422171	0.265005	0.15706	0.0758169	0.0353747	0.0185216	0.00672721	0.00840607	0.00504024	0.00503912	
