
Parameters: 11 states AND 11 symbols

Matrix A :

0.045455	0.045455	0.045455	0.045455	0.045455	0.545455	0.045455	0.045455	0.045455	0.045455	0.045455	
0.000213	0.803030	0.136364	0.028382	0.016645	0.007256	0.007256	0.000213	0.000213	0.000213	0.000213	
0.010195	0.552251	0.281223	0.075616	0.038233	0.000850	0.000850	0.028887	0.000850	0.000850	0.010195	
0.003030	0.436364	0.236364	0.069697	0.103030	0.036364	0.036364	0.036364	0.036364	0.003030	0.003030	
0.005348	0.417112	0.122995	0.064171	0.122995	0.005348	0.064171	0.005348	0.122995	0.064171	0.005348	
0.015152	0.181818	0.348485	0.015152	0.181818	0.015152	0.181818	0.015152	0.015152	0.015152	0.015152	
0.011364	0.011364	0.511364	0.386364	0.011364	0.011364	0.011364	0.011364	0.011364	0.011364	0.011364	
0.018182	0.218182	0.418182	0.218182	0.018182	0.018182	0.018182	0.018182	0.018182	0.018182	0.018182	
0.022727	0.272727	0.272727	0.272727	0.022727	0.022727	0.022727	0.022727	0.022727	0.022727	0.022727	
0.045455	0.045455	0.045455	0.545455	0.045455	0.045455	0.045455	0.045455	0.045455	0.045455	0.045455	
0.045455	0.045455	0.045455	0.045455	0.045455	0.045455	0.545455	0.045455	0.045455	0.045455	0.045455	


Matrix B :

0.030303	0.030303	0.030303	0.030303	0.030303	0.696970	0.030303	0.030303	0.030303	0.030303	0.030303	
0.000204	0.033836	0.103343	0.210966	0.177334	0.195271	0.132491	0.065226	0.056258	0.024868	0.000204	
0.000819	0.000819	0.018837	0.108927	0.180999	0.199017	0.199017	0.108927	0.108927	0.063882	0.009828	
0.002933	0.002933	0.002933	0.035191	0.099707	0.196481	0.164223	0.228739	0.067449	0.131965	0.067449	
0.004329	0.004329	0.004329	0.051948	0.147186	0.147186	0.194805	0.194805	0.099567	0.004329	0.147186	
0.015152	0.015152	0.181818	0.015152	0.181818	0.181818	0.015152	0.015152	0.181818	0.181818	0.015152	
0.011364	0.011364	0.011364	0.011364	0.136364	0.136364	0.386364	0.011364	0.261364	0.011364	0.011364	
0.018182	0.018182	0.018182	0.018182	0.218182	0.018182	0.218182	0.218182	0.018182	0.018182	0.218182	
0.022727	0.022727	0.022727	0.022727	0.272727	0.272727	0.022727	0.022727	0.022727	0.272727	0.022727	
0.045455	0.045455	0.045455	0.045455	0.545455	0.045455	0.045455	0.045455	0.045455	0.045455	0.045455	
0.045455	0.045455	0.045455	0.045455	0.045455	0.045455	0.045455	0.045455	0.545455	0.045455	0.045455	


Vector Pi :

0.035191	0.680352	0.131965	0.035191	0.099707	0.002933	0.002933	0.002933	0.002933	0.002933	0.002933	


Vector Phi :

0.003313	0.696564	0.175807	0.049541	0.029795	0.009883	0.013283	0.008251	0.006827	0.003423	0.003313	
