
Parameters: 11 states AND 11 symbols

Matrix A :

0.090909	0.090909	0.090909	0.090909	0.090909	0.090909	0.090909	0.090909	0.090909	0.090909	0.090909	
0.000332	0.522230	0.241208	0.128069	0.036828	0.033179	0.011281	0.014930	0.000332	0.007631	0.003981	
0.000583	0.494172	0.289044	0.064685	0.013403	0.045455	0.032634	0.019814	0.013403	0.013403	0.013403	
0.001245	0.302615	0.357410	0.138232	0.028643	0.056040	0.014944	0.042341	0.001245	0.042341	0.014944	
0.003367	0.336700	0.188552	0.151515	0.151515	0.114478	0.003367	0.003367	0.040404	0.003367	0.003367	
0.003135	0.244514	0.175549	0.175549	0.175549	0.072100	0.037618	0.037618	0.037618	0.037618	0.003135	
0.006494	0.363636	0.220779	0.149351	0.077922	0.077922	0.006494	0.077922	0.006494	0.006494	0.006494	
0.006061	0.406061	0.139394	0.206061	0.072727	0.006061	0.006061	0.139394	0.006061	0.006061	0.006061	
0.018182	0.218182	0.018182	0.218182	0.218182	0.018182	0.218182	0.018182	0.018182	0.018182	0.018182	
0.010101	0.121212	0.343434	0.232323	0.010101	0.010101	0.121212	0.010101	0.010101	0.010101	0.121212	
0.015152	0.348485	0.015152	0.015152	0.015152	0.348485	0.181818	0.015152	0.015152	0.015152	0.015152	


Matrix B :

0.090909	0.090909	0.090909	0.090909	0.090909	0.090909	0.090909	0.090909	0.090909	0.090909	0.090909	
0.000312	0.130897	0.292409	0.240862	0.158388	0.099969	0.044986	0.017495	0.007185	0.007185	0.000312	
0.000561	0.012907	0.093154	0.210438	0.265993	0.265993	0.099327	0.019080	0.019080	0.012907	0.000561	
0.001181	0.001181	0.092090	0.105077	0.260921	0.260921	0.170012	0.053129	0.014168	0.027155	0.014168	
0.003367	0.003367	0.040404	0.114478	0.336700	0.114478	0.262626	0.077441	0.040404	0.003367	0.003367	
0.003135	0.037618	0.003135	0.141066	0.313480	0.175549	0.141066	0.072100	0.106583	0.003135	0.003135	
0.006494	0.006494	0.006494	0.006494	0.292208	0.363636	0.149351	0.149351	0.006494	0.006494	0.006494	
0.005682	0.005682	0.005682	0.068182	0.255682	0.193182	0.193182	0.193182	0.068182	0.005682	0.005682	
0.015152	0.015152	0.015152	0.015152	0.015152	0.348485	0.348485	0.181818	0.015152	0.015152	0.015152	
0.009091	0.009091	0.009091	0.009091	0.209091	0.109091	0.409091	0.209091	0.009091	0.009091	0.009091	
0.015152	0.015152	0.015152	0.015152	0.348485	0.015152	0.515152	0.015152	0.015152	0.015152	0.015152	


Vector Pi :

0.002933	0.551320	0.196481	0.131965	0.002933	0.002933	0.002933	0.035191	0.035191	0.035191	0.002933	


Vector Phi :

0.001642	0.449918	0.256158	0.119869	0.044335	0.047619	0.022989	0.024631	0.008210	0.014778	0.009852	
