
Parameters: 11 states AND 11 symbols

Matrix A :

0.0909091	0.0909091	0.0909091	0.0909091	0.0909091	0.0909091	0.0909091	0.0909091	0.0909091	0.0909091	0.0909091	
0.000186672	0.835916	0.152137	0.00634684	0.00429345	0.000186672	0.000186672	0.000186672	0.000186672	0.000186672	0.000186672	
0.00025974	0.22026	0.645974	0.117403	0.0145455	0.00025974	0.00025974	0.00025974	0.00025974	0.00025974	0.00025974	
0.000519481	0.0176623	0.251948	0.583377	0.131948	0.0119481	0.000519481	0.000519481	0.000519481	0.000519481	0.000519481	
0.000841751	0.000841751	0.0286195	0.223064	0.621212	0.102694	0.0193603	0.000841751	0.000841751	0.000841751	0.000841751	
0.00275482	0.00275482	0.0330579	0.0633609	0.305785	0.396694	0.184573	0.00275482	0.00275482	0.00275482	0.00275482	
0.00478469	0.00478469	0.00478469	0.110048	0.00478469	0.215311	0.425837	0.110048	0.110048	0.00478469	0.00478469	
0.0227273	0.0227273	0.0227273	0.0227273	0.0227273	0.272727	0.0227273	0.0227273	0.272727	0.272727	0.0227273	
0.0113636	0.0113636	0.0113636	0.0113636	0.0113636	0.136364	0.136364	0.136364	0.136364	0.386364	0.0113636	
0.0113636	0.0113636	0.0113636	0.0113636	0.0113636	0.0113636	0.136364	0.0113636	0.386364	0.136364	0.261364	
0.012987	0.012987	0.012987	0.012987	0.012987	0.012987	0.012987	0.012987	0.012987	0.298701	0.584416	


Matrix B :

0.0909091	0.0909091	0.0909091	0.0909091	0.0909091	0.0909091	0.0909091	0.0909091	0.0909091	0.0909091	0.0909091	
0.000178955	0.582856	0.313171	0.0651396	0.019864	0.00214746	0.000178955	0.00214746	0.00411596	0.00608447	0.00411596	
0.000244379	0.320137	0.446481	0.131965	0.0647605	0.0190616	0.00562072	0.00293255	0.00562072	0.000244379	0.00293255	
0.000494071	0.0494071	0.60919	0.130929	0.130929	0.0385375	0.0222332	0.0167984	0.000494071	0.000494071	0.000494071	
0.000804505	0.000804505	0.531778	0.29284	0.071601	0.0804505	0.0185036	0.000804505	0.000804505	0.000804505	0.000804505	
0.0026738	0.0026738	0.326203	0.502674	0.120321	0.0320856	0.0026738	0.0026738	0.0026738	0.0026738	0.0026738	
0.00454545	0.00454545	0.00454545	0.754545	0.154545	0.0545455	0.00454545	0.00454545	0.00454545	0.00454545	0.00454545	
0.0227273	0.0227273	0.0227273	0.522727	0.272727	0.0227273	0.0227273	0.0227273	0.0227273	0.0227273	0.0227273	
0.010101	0.010101	0.010101	0.232323	0.454545	0.232323	0.010101	0.010101	0.010101	0.010101	0.010101	
0.0113636	0.0113636	0.0113636	0.0113636	0.386364	0.511364	0.0113636	0.0113636	0.0113636	0.0113636	0.0113636	
0.012987	0.012987	0.012987	0.012987	0.155844	0.298701	0.441558	0.012987	0.012987	0.012987	0.012987	


Vector Pi :

0.00149031	0.329359	0.378539	0.149031	0.0834575	0.0178838	0.0178838	0.00149031	0.0178838	0.00149031	0.00149031	


Vector Phi :

0.000831266	0.408637	0.290033	0.145208	0.0896701	0.0274031	0.0157807	0.00332331	0.0066472	0.00664809	0.0058178	
