
Parameters: 11 states AND 11 symbols

Matrix A :

0.090909	0.090909	0.090909	0.090909	0.090909	0.090909	0.090909	0.090909	0.090909	0.090909	0.090909	
0.000419	0.806871	0.147884	0.018852	0.009636	0.005027	0.000419	0.005027	0.000419	0.000419	0.005027	
0.000928	0.307050	0.358071	0.184601	0.062152	0.031540	0.031540	0.021336	0.000928	0.000928	0.000928	
0.001245	0.097136	0.343711	0.288917	0.124533	0.069738	0.056040	0.014944	0.001245	0.001245	0.001245	
0.002331	0.053613	0.027972	0.361305	0.181818	0.156177	0.130536	0.002331	0.079254	0.002331	0.002331	
0.003030	0.036364	0.069697	0.103030	0.269697	0.136364	0.169697	0.103030	0.036364	0.036364	0.036364	
0.002392	0.002392	0.028708	0.133971	0.081340	0.160287	0.265550	0.107656	0.133971	0.081340	0.002392	
0.003636	0.003636	0.003636	0.203636	0.083636	0.043636	0.203636	0.163636	0.123636	0.163636	0.003636	
0.002933	0.002933	0.002933	0.067449	0.035191	0.067449	0.067449	0.228739	0.357771	0.164223	0.002933	
0.002597	0.002597	0.031169	0.002597	0.002597	0.002597	0.059740	0.059740	0.202597	0.488312	0.145455	
0.005051	0.060606	0.005051	0.005051	0.005051	0.060606	0.060606	0.005051	0.005051	0.227273	0.560606	


Matrix B :

0.090909	0.090909	0.090909	0.090909	0.090909	0.090909	0.090909	0.090909	0.090909	0.090909	0.090909	
0.000399	0.417065	0.342504	0.175837	0.044258	0.009171	0.009171	0.000399	0.000399	0.000399	0.000399	
0.000874	0.097028	0.395105	0.298951	0.125874	0.048951	0.020105	0.010490	0.000874	0.000874	0.000874	
0.001196	0.014354	0.303828	0.290670	0.159091	0.159091	0.014354	0.053828	0.001196	0.001196	0.001196	
0.002165	0.049784	0.192641	0.240260	0.216450	0.240260	0.002165	0.049784	0.002165	0.002165	0.002165	
0.003030	0.003030	0.069697	0.203030	0.436364	0.169697	0.036364	0.036364	0.003030	0.036364	0.003030	
0.002331	0.027972	0.156177	0.181818	0.181818	0.207459	0.027972	0.181818	0.027972	0.002331	0.002331	
0.003367	0.003367	0.077441	0.262626	0.151515	0.114478	0.151515	0.077441	0.040404	0.077441	0.040404	
0.002755	0.002755	0.002755	0.063361	0.275482	0.275482	0.275482	0.002755	0.002755	0.063361	0.033058	
0.002457	0.029484	0.056511	0.326781	0.218673	0.110565	0.083538	0.083538	0.029484	0.029484	0.029484	
0.005051	0.005051	0.338384	0.282828	0.171717	0.171717	0.005051	0.005051	0.005051	0.005051	0.005051	


Vector Pi :

0.002933	0.357771	0.196481	0.099707	0.099707	0.002933	0.035191	0.067449	0.067449	0.067449	0.002933	


Vector Phi :

0.001653	0.358678	0.161983	0.120661	0.064463	0.049587	0.062810	0.041322	0.051240	0.057851	0.029752	
