
Parameters: 11 states AND 11 symbols

Matrix A :

0.090909	0.090909	0.090909	0.090909	0.090909	0.090909	0.090909	0.090909	0.090909	0.090909	0.090909	
0.000201	0.945013	0.020068	0.004616	0.000201	0.002408	0.000201	0.000201	0.004616	0.006823	0.015653	
0.003636	0.323636	0.323636	0.043636	0.043636	0.083636	0.003636	0.083636	0.003636	0.003636	0.083636	
0.009091	0.409091	0.109091	0.109091	0.309091	0.009091	0.009091	0.009091	0.009091	0.009091	0.009091	
0.018182	0.018182	0.418182	0.018182	0.018182	0.218182	0.218182	0.018182	0.018182	0.018182	0.018182	
0.010101	0.232323	0.121212	0.121212	0.010101	0.010101	0.121212	0.010101	0.010101	0.232323	0.121212	
0.022727	0.272727	0.022727	0.022727	0.022727	0.272727	0.022727	0.022727	0.272727	0.022727	0.022727	
0.022727	0.022727	0.272727	0.022727	0.022727	0.022727	0.022727	0.022727	0.022727	0.522727	0.022727	
0.015152	0.015152	0.015152	0.348485	0.015152	0.015152	0.015152	0.181818	0.015152	0.181818	0.181818	
0.005051	0.116162	0.005051	0.060606	0.005051	0.116162	0.005051	0.005051	0.116162	0.227273	0.338384	
0.001299	0.101299	0.029870	0.015584	0.001299	0.015584	0.015584	0.001299	0.001299	0.072727	0.744156	


Matrix B :

0.090909	0.090909	0.090909	0.090909	0.090909	0.090909	0.090909	0.090909	0.090909	0.090909	0.090909	
0.000192	0.274453	0.211162	0.130993	0.105677	0.097238	0.097238	0.027618	0.019179	0.023399	0.012850	
0.003636	0.163636	0.283636	0.163636	0.083636	0.123636	0.043636	0.043636	0.083636	0.003636	0.003636	
0.009091	0.109091	0.109091	0.309091	0.209091	0.109091	0.109091	0.009091	0.009091	0.009091	0.009091	
0.018182	0.218182	0.218182	0.418182	0.018182	0.018182	0.018182	0.018182	0.018182	0.018182	0.018182	
0.010101	0.232323	0.121212	0.121212	0.121212	0.121212	0.121212	0.121212	0.010101	0.010101	0.010101	
0.022727	0.272727	0.272727	0.022727	0.022727	0.272727	0.022727	0.022727	0.022727	0.022727	0.022727	
0.018182	0.018182	0.218182	0.418182	0.018182	0.018182	0.018182	0.218182	0.018182	0.018182	0.018182	
0.012987	0.012987	0.298701	0.298701	0.012987	0.155844	0.012987	0.012987	0.155844	0.012987	0.012987	
0.004545	0.004545	0.054545	0.254545	0.054545	0.304545	0.204545	0.004545	0.004545	0.054545	0.054545	
0.001212	0.001212	0.014545	0.054545	0.161212	0.254545	0.187879	0.214545	0.067879	0.014545	0.027879	


Vector Pi :

0.002933	0.680352	0.002933	0.002933	0.002933	0.002933	0.002933	0.035191	0.035191	0.067449	0.164223	


Vector Phi :

0.001653	0.748760	0.041322	0.016529	0.008264	0.014876	0.006612	0.006612	0.009917	0.029752	0.115702	
