
Parameters: 11 states AND 11 symbols

Matrix A :

0.090909	0.090909	0.090909	0.090909	0.090909	0.090909	0.090909	0.090909	0.090909	0.090909	0.090909	
0.000181	0.904753	0.061811	0.014097	0.006145	0.000181	0.002169	0.002169	0.002169	0.002169	0.004157	
0.001541	0.543914	0.255778	0.120185	0.001541	0.035439	0.001541	0.018490	0.018490	0.001541	0.001541	
0.004785	0.267943	0.478469	0.110048	0.004785	0.057416	0.004785	0.057416	0.004785	0.004785	0.004785	
0.012987	0.155844	0.298701	0.155844	0.298701	0.012987	0.012987	0.012987	0.012987	0.012987	0.012987	
0.022727	0.272727	0.022727	0.022727	0.272727	0.022727	0.022727	0.022727	0.272727	0.022727	0.022727	
0.045455	0.045455	0.545455	0.045455	0.045455	0.045455	0.045455	0.045455	0.045455	0.045455	0.045455	
0.022727	0.522727	0.022727	0.022727	0.022727	0.022727	0.022727	0.022727	0.022727	0.022727	0.272727	
0.022727	0.522727	0.022727	0.272727	0.022727	0.022727	0.022727	0.022727	0.022727	0.022727	0.022727	
0.045455	0.545455	0.045455	0.045455	0.045455	0.045455	0.045455	0.045455	0.045455	0.045455	0.045455	
0.022727	0.772727	0.022727	0.022727	0.022727	0.022727	0.022727	0.022727	0.022727	0.022727	0.022727	


Matrix B :

0.090909	0.090909	0.090909	0.090909	0.090909	0.090909	0.090909	0.090909	0.090909	0.090909	0.090909	
0.000172	0.278055	0.370682	0.206221	0.066334	0.054992	0.009624	0.005843	0.005843	0.000172	0.002062	
0.001490	0.099851	0.198212	0.345753	0.165425	0.099851	0.067064	0.017884	0.001490	0.001490	0.001490	
0.004545	0.004545	0.054545	0.504545	0.054545	0.254545	0.054545	0.054545	0.004545	0.004545	0.004545	
0.012987	0.012987	0.441558	0.155844	0.298701	0.012987	0.012987	0.012987	0.012987	0.012987	0.012987	
0.022727	0.022727	0.272727	0.022727	0.272727	0.272727	0.022727	0.022727	0.022727	0.022727	0.022727	
0.045455	0.045455	0.045455	0.545455	0.045455	0.045455	0.045455	0.045455	0.045455	0.045455	0.045455	
0.018182	0.018182	0.218182	0.218182	0.018182	0.418182	0.018182	0.018182	0.018182	0.018182	0.018182	
0.022727	0.022727	0.272727	0.272727	0.022727	0.022727	0.022727	0.022727	0.022727	0.272727	0.022727	
0.045455	0.045455	0.045455	0.045455	0.045455	0.545455	0.045455	0.045455	0.045455	0.045455	0.045455	
0.022727	0.022727	0.522727	0.272727	0.022727	0.022727	0.022727	0.022727	0.022727	0.022727	0.022727	


Vector Pi :

0.002933	0.841642	0.067449	0.035191	0.002933	0.002933	0.002933	0.035191	0.002933	0.002933	0.002933	


Vector Phi :

0.001642	0.825944	0.096880	0.031199	0.011494	0.006568	0.003284	0.006568	0.006568	0.003284	0.006568	
