
Parameters: 11 states AND 11 symbols

Matrix A :

0.090909	0.090909	0.090909	0.090909	0.090909	0.090909	0.090909	0.090909	0.090909	0.090909	0.090909	
0.000191	0.874404	0.054698	0.019059	0.012769	0.006480	0.004383	0.008576	0.004383	0.008576	0.006480	
0.001855	0.450835	0.144712	0.165121	0.103896	0.001855	0.042672	0.063080	0.001855	0.022263	0.001855	
0.003247	0.610390	0.074675	0.038961	0.038961	0.146104	0.003247	0.038961	0.038961	0.003247	0.003247	
0.005051	0.393939	0.116162	0.282828	0.171717	0.005051	0.005051	0.005051	0.005051	0.005051	0.005051	
0.011364	0.136364	0.511364	0.136364	0.136364	0.011364	0.011364	0.011364	0.011364	0.011364	0.011364	
0.018182	0.218182	0.218182	0.418182	0.018182	0.018182	0.018182	0.018182	0.018182	0.018182	0.018182	
0.010101	0.343434	0.343434	0.121212	0.121212	0.010101	0.010101	0.010101	0.010101	0.010101	0.010101	
0.022727	0.272727	0.522727	0.022727	0.022727	0.022727	0.022727	0.022727	0.022727	0.022727	0.022727	
0.015152	0.515152	0.181818	0.181818	0.015152	0.015152	0.015152	0.015152	0.015152	0.015152	0.015152	
0.022727	0.772727	0.022727	0.022727	0.022727	0.022727	0.022727	0.022727	0.022727	0.022727	0.022727	


Matrix B :

0.090909	0.090909	0.090909	0.090909	0.090909	0.090909	0.090909	0.090909	0.090909	0.090909	0.090909	
0.000182	0.368920	0.318819	0.164511	0.074330	0.028238	0.016214	0.016214	0.000182	0.008198	0.004190	
0.001748	0.078671	0.328671	0.232517	0.174825	0.059441	0.078671	0.001748	0.001748	0.020979	0.020979	
0.002933	0.099707	0.325513	0.196481	0.164223	0.035191	0.099707	0.002933	0.067449	0.002933	0.002933	
0.005051	0.005051	0.338384	0.282828	0.060606	0.116162	0.060606	0.005051	0.005051	0.116162	0.005051	
0.010101	0.010101	0.010101	0.232323	0.121212	0.232323	0.343434	0.010101	0.010101	0.010101	0.010101	
0.018182	0.018182	0.018182	0.018182	0.218182	0.018182	0.218182	0.418182	0.018182	0.018182	0.018182	
0.009091	0.109091	0.109091	0.009091	0.409091	0.209091	0.009091	0.109091	0.009091	0.009091	0.009091	
0.022727	0.272727	0.022727	0.272727	0.022727	0.272727	0.022727	0.022727	0.022727	0.022727	0.022727	
0.015152	0.181818	0.015152	0.515152	0.015152	0.181818	0.015152	0.015152	0.015152	0.015152	0.015152	
0.022727	0.022727	0.022727	0.272727	0.022727	0.022727	0.272727	0.022727	0.022727	0.022727	0.272727	


Vector Pi :

0.002933	0.744868	0.099707	0.067449	0.002933	0.035191	0.002933	0.035191	0.002933	0.002933	0.002933	


Vector Phi :

0.001655	0.780699	0.080692	0.047764	0.029685	0.013388	0.008222	0.014848	0.006634	0.009848	0.006565	
