
Parameters: 11 states AND 11 symbols

Matrix A :

0.0909091	0.0909091	0.0909091	0.0909091	0.0909091	0.0909091	0.0909091	0.0909091	0.0909091	0.0909091	0.0909091	
0.000135685	0.870285	0.119539	0.00610583	0.00162822	0.00162822	0.000135685	0.000135685	0.000135685	0.000135685	0.000135685	
0.000290444	0.259076	0.629683	0.0961371	0.00987511	0.000290444	0.00348533	0.000290444	0.000290444	0.000290444	0.000290444	
0.000849618	0.0382328	0.281223	0.524214	0.122345	0.000849618	0.0195412	0.0101954	0.000849618	0.000849618	0.000849618	
0.00206612	0.0247934	0.0475207	0.274793	0.433884	0.13843	0.0702479	0.00206612	0.00206612	0.00206612	0.00206612	
0.00505051	0.00505051	0.171717	0.171717	0.171717	0.171717	0.227273	0.00505051	0.0606061	0.00505051	0.00505051	
0.00534759	0.00534759	0.00534759	0.0641711	0.181818	0.240642	0.0641711	0.240642	0.122995	0.0641711	0.00534759	
0.00699301	0.00699301	0.00699301	0.00699301	0.00699301	0.160839	0.314685	0.391608	0.00699301	0.00699301	0.0839161	
0.0151515	0.0151515	0.0151515	0.0151515	0.0151515	0.0151515	0.348485	0.0151515	0.0151515	0.181818	0.348485	
0.0151515	0.0151515	0.0151515	0.0151515	0.0151515	0.181818	0.0151515	0.348485	0.0151515	0.0151515	0.348485	
0.00909091	0.00909091	0.00909091	0.00909091	0.00909091	0.00909091	0.00909091	0.00909091	0.209091	0.309091	0.409091	


Matrix B :

0.0909091	0.0909091	0.0909091	0.0909091	0.0909091	0.0909091	0.0909091	0.0909091	0.0909091	0.0909091	0.0909091	
0.000129316	0.277512	0.26471	0.190741	0.106815	0.0797879	0.0385361	0.0186215	0.017199	0.00297427	0.00297427	
0.000278862	0.00948132	0.25488	0.294757	0.165923	0.110708	0.0524261	0.0401562	0.0432236	0.0186838	0.00948132	
0.000790514	0.000790514	0.192095	0.279051	0.174704	0.148617	0.0964427	0.0703557	0.00948617	0.0268775	0.000790514	
0.00193424	0.00193424	0.065764	0.235977	0.2147	0.172147	0.172147	0.0232108	0.0444874	0.0444874	0.0232108	
0.00478469	0.00478469	0.0574163	0.0574163	0.0574163	0.00478469	0.0574163	0.583732	0.00478469	0.162679	0.00478469	
0.00505051	0.00505051	0.00505051	0.116162	0.116162	0.0606061	0.116162	0.171717	0.338384	0.0606061	0.00505051	
0.00699301	0.00699301	0.00699301	0.00699301	0.160839	0.314685	0.160839	0.314685	0.00699301	0.00699301	0.00699301	
0.0151515	0.0151515	0.0151515	0.0151515	0.0151515	0.181818	0.0151515	0.348485	0.181818	0.0151515	0.181818	
0.0151515	0.0151515	0.0151515	0.0151515	0.0151515	0.348485	0.181818	0.348485	0.0151515	0.0151515	0.0151515	
0.00826446	0.00826446	0.00826446	0.00826446	0.00826446	0.280992	0.190083	0.190083	0.190083	0.0991736	0.00826446	


Vector Pi :

0.00149031	0.542474	0.214605	0.132638	0.0670641	0.0178838	0.00149031	0.00149031	0.00149031	0.00149031	0.0178838	


Vector Phi :

0.000854498	0.554753	0.259167	0.088415	0.035494	0.0153175	0.0153315	0.0114371	0.00525445	0.00525	0.0087263	
