
Parameters: 11 states AND 11 symbols

Matrix A :

0.0909091	0.0909091	0.0909091	0.0909091	0.0909091	0.0909091	0.0909091	0.0909091	0.0909091	0.0909091	0.0909091	
0.00017618	0.829634	0.130021	0.019556	0.0098661	0.00017618	0.00405215	0.00211416	0.00211416	0.00211416	0.00017618	
0.000371058	0.282004	0.514657	0.163636	0.0166976	0.012616	0.000371058	0.000371058	0.00445269	0.00445269	0.000371058	
0.000678426	0.0753053	0.291723	0.321574	0.179783	0.082768	0.0156038	0.00814111	0.0156038	0.000678426	0.00814111	
0.0011655	0.0780886	0.0780886	0.296037	0.296037	0.155012	0.0652681	0.013986	0.0011655	0.0011655	0.013986	
0.00135685	0.00135685	0.046133	0.195387	0.180461	0.255088	0.240163	0.046133	0.0162822	0.00135685	0.0162822	
0.00151515	0.00151515	0.00151515	0.0181818	0.118182	0.268182	0.384848	0.118182	0.0181818	0.0348485	0.0348485	
0.00239234	0.0287081	0.0550239	0.0287081	0.0287081	0.133971	0.239234	0.26555	0.186603	0.0287081	0.00239234	
0.00378788	0.00378788	0.00378788	0.0454545	0.00378788	0.00378788	0.0454545	0.420455	0.253788	0.212121	0.00378788	
0.003367	0.040404	0.040404	0.003367	0.040404	0.0774411	0.003367	0.151515	0.151515	0.447811	0.040404	
0.00606061	0.00606061	0.00606061	0.0727273	0.00606061	0.00606061	0.0727273	0.00606061	0.00606061	0.272727	0.539394	


Matrix B :

0.0909091	0.0909091	0.0909091	0.0909091	0.0909091	0.0909091	0.0909091	0.0909091	0.0909091	0.0909091	0.0909091	
0.00016742	0.305876	0.361125	0.221162	0.0811987	0.0222669	0.00569228	0.00200904	0.00016742	0.00016742	0.00016742	
0.000351	0.0621271	0.409617	0.255177	0.170235	0.0621271	0.031239	0.004212	0.004212	0.000351	0.000351	
0.000644745	0.0361057	0.305609	0.270148	0.185042	0.0715667	0.11412	0.0148291	0.000644745	0.000644745	0.000644745	
0.0011655	0.013986	0.219114	0.257576	0.257576	0.0909091	0.10373	0.039627	0.013986	0.0011655	0.0011655	
0.0012285	0.014742	0.244472	0.257985	0.109337	0.149877	0.12285	0.0552826	0.0282555	0.014742	0.0012285	
0.00142045	0.00142045	0.0951705	0.235795	0.18892	0.22017	0.0795455	0.0795455	0.0639205	0.0326705	0.00142045	
0.00239234	0.00239234	0.133971	0.291866	0.186603	0.0550239	0.160287	0.0813397	0.0813397	0.00239234	0.00239234	
0.00363636	0.00363636	0.0436364	0.283636	0.123636	0.203636	0.203636	0.00363636	0.0436364	0.0836364	0.00363636	
0.003367	0.040404	0.0774411	0.114478	0.262626	0.040404	0.0774411	0.151515	0.114478	0.040404	0.0774411	
0.00606061	0.00606061	0.139394	0.406061	0.206061	0.00606061	0.0727273	0.00606061	0.139394	0.00606061	0.00606061	


Vector Pi :

0.00149031	0.444113	0.230999	0.116244	0.00149031	0.116244	0.0670641	0.00149031	0.0178838	0.00149031	0.00149031	


Vector Phi :

0.000829876	0.428216	0.203319	0.111203	0.0647303	0.0556017	0.0497925	0.0315353	0.019917	0.0224066	0.0124481	
