
Parameters: 11 states AND 11 symbols

Matrix A :

0.0454545	0.0454545	0.0454545	0.0454545	0.0454545	0.0454545	0.0454545	0.0454545	0.0454545	0.545455	0.0454545	
0.000211909	0.750795	0.207671	0.0375079	0.00254291	0.000211909	0.000211909	0.000211909	0.000211909	0.000211909	0.000211909	
0.0002886	0.295527	0.501876	0.171717	0.0193362	0.00663781	0.0034632	0.0002886	0.0002886	0.0002886	0.0002886	
0.000443459	0.0443459	0.273614	0.468736	0.146785	0.0443459	0.0101996	0.0101996	0.000443459	0.000443459	0.000443459	
0.000826446	0.0190083	0.0826446	0.309917	0.455372	0.0826446	0.046281	0.000826446	0.000826446	0.000826446	0.000826446	
0.00178253	0.0409982	0.0409982	0.0802139	0.2959	0.393939	0.0802139	0.0409982	0.0213904	0.00178253	0.00178253	
0.00324675	0.00324675	0.00324675	0.00324675	0.181818	0.217532	0.217532	0.217532	0.11039	0.038961	0.00324675	
0.0031348	0.0031348	0.0031348	0.0376176	0.0376176	0.106583	0.244514	0.31348	0.210031	0.0376176	0.0031348	
0.00478469	0.00478469	0.00478469	0.00478469	0.00478469	0.00478469	0.110048	0.478469	0.215311	0.162679	0.00478469	
0.121212	0.010101	0.010101	0.010101	0.010101	0.121212	0.010101	0.010101	0.454545	0.121212	0.121212	
0.030303	0.030303	0.030303	0.030303	0.030303	0.030303	0.030303	0.030303	0.030303	0.363636	0.363636	


Matrix B :

0.0454545	0.0454545	0.0454545	0.0454545	0.0454545	0.0454545	0.0454545	0.545455	0.0454545	0.0454545	0.0454545	
0.00020024	0.376852	0.282139	0.187425	0.081698	0.0420505	0.0244293	0.00460553	0.00020024	0.00020024	0.00020024	
0.000277162	0.085643	0.481984	0.228936	0.085643	0.0429601	0.0490576	0.0094235	0.0094235	0.00637472	0.000277162	
0.00041511	0.00041511	0.215027	0.447904	0.164799	0.0917393	0.0323786	0.01868	0.00954753	0.00498132	0.0141137	
0.000790514	0.000790514	0.000790514	0.400791	0.366008	0.12253	0.087747	0.000790514	0.000790514	0.000790514	0.0181818	
0.00178253	0.00178253	0.00178253	0.00178253	0.491979	0.178253	0.178253	0.0606061	0.0802139	0.00178253	0.00178253	
0.00324675	0.00324675	0.00324675	0.00324675	0.11039	0.324675	0.253247	0.181818	0.11039	0.00324675	0.00324675	
0.0030303	0.0030303	0.0030303	0.0030303	0.069697	0.436364	0.169697	0.10303	0.136364	0.069697	0.0030303	
0.00478469	0.00478469	0.00478469	0.00478469	0.00478469	0.0574163	0.425837	0.162679	0.0574163	0.162679	0.110048	
0.00826446	0.00826446	0.00826446	0.00826446	0.00826446	0.00826446	0.0991736	0.46281	0.280992	0.00826446	0.0991736	
0.030303	0.030303	0.030303	0.030303	0.030303	0.030303	0.030303	0.030303	0.69697	0.030303	0.030303	


Vector Pi :

0.00149031	0.411326	0.214605	0.214605	0.099851	0.00149031	0.00149031	0.0178838	0.00149031	0.0342772	0.00149031	


Vector Phi :

0.00166066	0.358073	0.262973	0.171726	0.0902421	0.0423083	0.0232062	0.0240805	0.0157686	0.00747024	0.00249098	
