
Parameters: 11 states AND 11 symbols

Matrix A :

0.0909091	0.0909091	0.0909091	0.0909091	0.0909091	0.0909091	0.0909091	0.0909091	0.0909091	0.0909091	0.0909091	
0.000230734	0.774342	0.208353	0.010383	0.00530688	0.000230734	0.000230734	0.000230734	0.000230734	0.000230734	0.000230734	
0.000324675	0.268182	0.496753	0.196753	0.036039	0.000324675	0.000324675	0.000324675	0.000324675	0.000324675	0.000324675	
0.000445633	0.0543672	0.270053	0.480838	0.181818	0.0102496	0.000445633	0.000445633	0.000445633	0.000445633	0.000445633	
0.000622665	0.0143213	0.0280199	0.260897	0.493773	0.165006	0.0280199	0.000622665	0.00747198	0.000622665	0.000622665	
0.00119617	0.00119617	0.00119617	0.0933014	0.238038	0.448565	0.198565	0.00119617	0.0143541	0.00119617	0.00119617	
0.00211416	0.00211416	0.00211416	0.02537	0.118393	0.30444	0.327696	0.141649	0.0718816	0.00211416	0.00211416	
0.00505051	0.00505051	0.00505051	0.00505051	0.00505051	0.116162	0.449495	0.338384	0.00505051	0.0606061	0.00505051	
0.00699301	0.00699301	0.00699301	0.00699301	0.00699301	0.00699301	0.0839161	0.160839	0.314685	0.391608	0.00699301	
0.00606061	0.00606061	0.00606061	0.00606061	0.00606061	0.00606061	0.00606061	0.206061	0.206061	0.272727	0.272727	
0.00909091	0.00909091	0.00909091	0.00909091	0.00909091	0.00909091	0.00909091	0.00909091	0.00909091	0.409091	0.509091	


Matrix B :

0.0909091	0.0909091	0.0909091	0.0909091	0.0909091	0.0909091	0.0909091	0.0909091	0.0909091	0.0909091	0.0909091	
0.000219587	0.396355	0.389108	0.108915	0.0775143	0.0243742	0.00263505	0.000219587	0.000219587	0.000219587	0.000219587	
0.000309215	0.12616	0.622758	0.15337	0.0649351	0.0309215	0.000309215	0.000309215	0.000309215	0.000309215	0.000309215	
0.000430849	0.000430849	0.398535	0.417492	0.104696	0.0620422	0.0146489	0.000430849	0.000430849	0.000430849	0.000430849	
0.000575374	0.000575374	0.0575374	0.582854	0.228423	0.089183	0.0385501	0.000575374	0.000575374	0.000575374	0.000575374	
0.00112233	0.00112233	0.00112233	0.309764	0.507295	0.14927	0.013468	0.013468	0.00112233	0.00112233	0.00112233	
0.00211416	0.00211416	0.00211416	0.0951374	0.397463	0.281184	0.141649	0.0486258	0.02537	0.00211416	0.00211416	
0.00478469	0.00478469	0.00478469	0.0574163	0.320574	0.267943	0.162679	0.0574163	0.00478469	0.110048	0.00478469	
0.00699301	0.00699301	0.00699301	0.00699301	0.237762	0.314685	0.237762	0.00699301	0.00699301	0.160839	0.00699301	
0.00606061	0.00606061	0.00606061	0.00606061	0.272727	0.272727	0.272727	0.00606061	0.00606061	0.00606061	0.139394	
0.00826446	0.00826446	0.00826446	0.00826446	0.00826446	0.371901	0.46281	0.0991736	0.00826446	0.00826446	0.00826446	


Vector Pi :

0.00149031	0.329359	0.214605	0.116244	0.214605	0.0834575	0.00149031	0.0178838	0.00149031	0.00149031	0.0178838	


Vector Phi :

0.000825946	0.330845	0.235676	0.1696	0.119445	0.0623028	0.0352725	0.0147868	0.0106775	0.0123368	0.00823167	
