
Parameters: 11 states AND 11 symbols

Matrix A :

0.0909091	0.0909091	0.0909091	0.0909091	0.0909091	0.0909091	0.0909091	0.0909091	0.0909091	0.0909091	0.0909091	
0.000157828	0.856061	0.139047	0.00363005	0.000157828	0.000157828	0.000157828	0.000157828	0.000157828	0.000157828	0.000157828	
0.000295159	0.256789	0.581464	0.143152	0.0132822	0.000295159	0.00354191	0.000295159	0.000295159	0.000295159	0.000295159	
0.000602047	0.0204696	0.278748	0.517158	0.166165	0.0138471	0.000602047	0.000602047	0.000602047	0.000602047	0.000602047	
0.00090009	0.00090009	0.050405	0.258326	0.575158	0.080108	0.0306031	0.00090009	0.00090009	0.00090009	0.00090009	
0.0031348	0.0031348	0.0376176	0.0031348	0.382445	0.382445	0.141066	0.0376176	0.0031348	0.0031348	0.0031348	
0.00505051	0.00505051	0.00505051	0.00505051	0.116162	0.338384	0.393939	0.00505051	0.116162	0.00505051	0.00505051	
0.0227273	0.0227273	0.0227273	0.0227273	0.0227273	0.272727	0.272727	0.272727	0.0227273	0.0227273	0.0227273	
0.0227273	0.0227273	0.0227273	0.0227273	0.0227273	0.0227273	0.272727	0.0227273	0.0227273	0.0227273	0.522727	
0.0454545	0.0454545	0.0454545	0.0454545	0.0454545	0.0454545	0.0454545	0.545455	0.0454545	0.0454545	0.0454545	
0.0151515	0.0151515	0.0151515	0.0151515	0.0151515	0.0151515	0.0151515	0.0151515	0.181818	0.181818	0.515152	


Matrix B :

0.0909091	0.0909091	0.0909091	0.0909091	0.0909091	0.0909091	0.0909091	0.0909091	0.0909091	0.0909091	0.0909091	
0.000149522	0.18436	0.264952	0.195873	0.15311	0.0840311	0.0725179	0.0248206	0.0133074	0.00672847	0.000149522	
0.000284981	0.00968937	0.238529	0.254203	0.169564	0.131946	0.100598	0.0441721	0.0441721	0.00341978	0.00341978	
0.000571755	0.000571755	0.0194397	0.28988	0.239565	0.170383	0.157804	0.0571755	0.0383076	0.025729	0.000571755	
0.000849618	0.000849618	0.000849618	0.122345	0.187766	0.393373	0.131691	0.0849618	0.028887	0.0195412	0.028887	
0.00293255	0.00293255	0.00293255	0.00293255	0.228739	0.325513	0.131965	0.0351906	0.196481	0.0351906	0.0351906	
0.00478469	0.00478469	0.00478469	0.00478469	0.0574163	0.425837	0.267943	0.162679	0.00478469	0.00478469	0.0574163	
0.0227273	0.0227273	0.0227273	0.0227273	0.0227273	0.0227273	0.0227273	0.272727	0.0227273	0.0227273	0.522727	
0.0227273	0.0227273	0.0227273	0.0227273	0.0227273	0.0227273	0.0227273	0.522727	0.272727	0.0227273	0.0227273	
0.0454545	0.0454545	0.0454545	0.0454545	0.0454545	0.0454545	0.0454545	0.0454545	0.545455	0.0454545	0.0454545	
0.0151515	0.0151515	0.0151515	0.0151515	0.0151515	0.0151515	0.0151515	0.0151515	0.0151515	0.515152	0.348485	


Vector Pi :

0.00149031	0.52608	0.181818	0.132638	0.099851	0.0342772	0.0178838	0.00149031	0.00149031	0.00149031	0.00149031	


Vector Phi :

0.00083334	0.479999	0.256667	0.125834	0.0841671	0.0241669	0.0150001	0.00333337	0.00333337	0.00166668	0.00500006	
