
Parameters: 11 states AND 11 symbols

Matrix A :

0.0909091	0.0909091	0.0909091	0.0909091	0.0909091	0.0909091	0.0909091	0.0909091	0.0909091	0.0909091	0.0909091	
8.30979e-05	0.960778	0.0329899	0.00373941	0.000997175	8.30979e-05	0.000997175	8.30979e-05	8.30979e-05	8.30979e-05	8.30979e-05	
0.00113636	0.463636	0.426136	0.0386364	0.00113636	0.0136364	0.0261364	0.00113636	0.0136364	0.00113636	0.0136364	
0.00757576	0.0909091	0.424242	0.174242	0.0909091	0.0909091	0.00757576	0.00757576	0.0909091	0.00757576	0.00757576	
0.0151515	0.515152	0.181818	0.0151515	0.181818	0.0151515	0.0151515	0.0151515	0.0151515	0.0151515	0.0151515	
0.030303	0.030303	0.363636	0.030303	0.030303	0.030303	0.030303	0.363636	0.030303	0.030303	0.030303	
0.0227273	0.0227273	0.0227273	0.0227273	0.522727	0.0227273	0.0227273	0.272727	0.0227273	0.0227273	0.0227273	
0.030303	0.363636	0.363636	0.030303	0.030303	0.030303	0.030303	0.030303	0.030303	0.030303	0.030303	
0.030303	0.030303	0.363636	0.363636	0.030303	0.030303	0.030303	0.030303	0.030303	0.030303	0.030303	
0.0909091	0.0909091	0.0909091	0.0909091	0.0909091	0.0909091	0.0909091	0.0909091	0.0909091	0.0909091	0.0909091	
0.0454545	0.0454545	0.0454545	0.545455	0.0454545	0.0454545	0.0454545	0.0454545	0.0454545	0.0454545	0.0454545	


Matrix B :

0.0909091	0.0909091	0.0909091	0.0909091	0.0909091	0.0909091	0.0909091	0.0909091	0.0909091	0.0909091	0.0909091	
7.91202e-05	0.307303	0.376058	0.208086	0.0749268	0.0227075	0.00791202	0.000949442	0.000949442	0.000949442	7.91202e-05	
0.00109529	0.0492881	0.266156	0.266156	0.193866	0.157722	0.0372399	0.0131435	0.0131435	0.00109529	0.00109529	
0.00699301	0.0839161	0.0839161	0.314685	0.314685	0.00699301	0.0839161	0.0839161	0.00699301	0.00699301	0.00699301	
0.0151515	0.0151515	0.181818	0.181818	0.181818	0.181818	0.0151515	0.0151515	0.181818	0.0151515	0.0151515	
0.030303	0.030303	0.363636	0.030303	0.030303	0.363636	0.030303	0.030303	0.030303	0.030303	0.030303	
0.0227273	0.0227273	0.0227273	0.272727	0.272727	0.0227273	0.0227273	0.0227273	0.0227273	0.0227273	0.272727	
0.0227273	0.0227273	0.0227273	0.0227273	0.522727	0.272727	0.0227273	0.0227273	0.0227273	0.0227273	0.0227273	
0.030303	0.030303	0.363636	0.030303	0.363636	0.030303	0.030303	0.030303	0.030303	0.030303	0.030303	
0.0909091	0.0909091	0.0909091	0.0909091	0.0909091	0.0909091	0.0909091	0.0909091	0.0909091	0.0909091	0.0909091	
0.0454545	0.0454545	0.545455	0.0454545	0.0454545	0.0454545	0.0454545	0.0454545	0.0454545	0.0454545	0.0454545	


Vector Pi :

0.00149031	0.90313	0.0506706	0.0178838	0.00149031	0.00149031	0.00149031	0.0178838	0.00149031	0.00149031	0.00149031	


Vector Phi :

0.00082713	0.90488	0.0661704	0.00992556	0.00496278	0.00248139	0.00330852	0.00248139	0.00248139	0.00082713	0.00165426	
