
Parameters: 11 states AND 11 symbols

Matrix A :

0.0909091	0.0909091	0.0909091	0.0909091	0.0909091	0.0909091	0.0909091	0.0909091	0.0909091	0.0909091	0.0909091	
0.000141163	0.70511	0.239272	0.0436194	0.0110107	0.000141163	0.000141163	0.000141163	0.000141163	0.000141163	0.000141163	
0.000253229	0.445936	0.379083	0.12003	0.0336794	0.0141808	0.00303874	0.00303874	0.000253229	0.000253229	0.000253229	
0.000739098	0.220251	0.456024	0.220251	0.0413895	0.0495196	0.00886918	0.000739098	0.000739098	0.000739098	0.000739098	
0.00221729	0.075388	0.197339	0.27051	0.24612	0.0997783	0.075388	0.00221729	0.00221729	0.0266075	0.00221729	
0.00454545	0.00454545	0.154545	0.454545	0.154545	0.104545	0.0545455	0.0545455	0.00454545	0.00454545	0.00454545	
0.00826446	0.00826446	0.00826446	0.280992	0.280992	0.0991736	0.280992	0.00826446	0.00826446	0.00826446	0.00826446	
0.030303	0.030303	0.030303	0.030303	0.030303	0.363636	0.030303	0.030303	0.030303	0.363636	0.030303	
0.0454545	0.0454545	0.0454545	0.545455	0.0454545	0.0454545	0.0454545	0.0454545	0.0454545	0.0454545	0.0454545	
0.030303	0.030303	0.030303	0.030303	0.030303	0.030303	0.030303	0.030303	0.363636	0.030303	0.363636	
0.0454545	0.0454545	0.0454545	0.0454545	0.0454545	0.0454545	0.545455	0.0454545	0.0454545	0.0454545	0.0454545	


Matrix B :

0.0909091	0.0909091	0.0909091	0.0909091	0.0909091	0.0909091	0.0909091	0.0909091	0.0909091	0.0909091	0.0909091	
0.000134084	0.566506	0.362966	0.0561813	0.0104586	0.00160901	0.00160901	0.000134084	0.000134084	0.000134084	0.000134084	
0.000241779	0.117263	0.713008	0.157157	0.0108801	0.000241779	0.000241779	0.000241779	0.000241779	0.000241779	0.000241779	
0.00071582	0.00071582	0.473157	0.441661	0.0637079	0.00071582	0.0164639	0.00071582	0.00071582	0.00071582	0.00071582	
0.00211416	0.00211416	0.00211416	0.490486	0.420719	0.0718816	0.00211416	0.00211416	0.00211416	0.00211416	0.00211416	
0.00454545	0.00454545	0.00454545	0.254545	0.654545	0.0545455	0.00454545	0.00454545	0.00454545	0.00454545	0.00454545	
0.00699301	0.00699301	0.00699301	0.00699301	0.545455	0.0839161	0.314685	0.00699301	0.00699301	0.00699301	0.00699301	
0.0227273	0.0227273	0.0227273	0.0227273	0.0227273	0.772727	0.0227273	0.0227273	0.0227273	0.0227273	0.0227273	
0.0454545	0.0454545	0.0454545	0.0454545	0.0454545	0.545455	0.0454545	0.0454545	0.0454545	0.0454545	0.0454545	
0.030303	0.030303	0.030303	0.030303	0.030303	0.030303	0.363636	0.030303	0.030303	0.363636	0.030303	
0.0454545	0.0454545	0.0454545	0.0454545	0.0454545	0.0454545	0.0454545	0.0454545	0.0454545	0.0454545	0.545455	


Vector Pi :

0.00149031	0.542474	0.296572	0.0670641	0.0342772	0.00149031	0.0342772	0.0178838	0.00149031	0.00149031	0.00149031	


Vector Phi :

0.000825957	0.533886	0.29596	0.101612	0.0338663	0.0165108	0.00908309	0.0024759	0.00165171	0.00247726	0.00165171	
