
Parameters: 11 states AND 11 symbols

Matrix A :

0.0909091	0.0909091	0.0909091	0.0909091	0.0909091	0.0909091	0.0909091	0.0909091	0.0909091	0.0909091	0.0909091	
0.000196773	0.842188	0.149547	0.00669028	0.000196773	0.000196773	0.000196773	0.000196773	0.000196773	0.000196773	0.000196773	
0.000292312	0.215726	0.646595	0.12891	0.00672318	0.000292312	0.000292312	0.000292312	0.000292312	0.000292312	0.000292312	
0.000522466	0.0292581	0.22466	0.563741	0.149948	0.023511	0.00626959	0.000522466	0.000522466	0.000522466	0.000522466	
0.000967118	0.0116054	0.000967118	0.288201	0.469052	0.181818	0.032882	0.0116054	0.000967118	0.000967118	0.000967118	
0.00126263	0.00126263	0.00126263	0.0707071	0.237374	0.556818	0.112374	0.0151515	0.00126263	0.00126263	0.00126263	
0.0030303	0.0030303	0.0363636	0.0030303	0.10303	0.236364	0.336364	0.169697	0.10303	0.0030303	0.0030303	
0.00454545	0.00454545	0.00454545	0.00454545	0.00454545	0.104545	0.254545	0.354545	0.204545	0.0545455	0.00454545	
0.00568182	0.00568182	0.00568182	0.00568182	0.00568182	0.0681818	0.130682	0.255682	0.318182	0.00568182	0.193182	
0.010101	0.010101	0.010101	0.010101	0.010101	0.010101	0.010101	0.121212	0.343434	0.343434	0.121212	
0.00826446	0.00826446	0.00826446	0.00826446	0.00826446	0.00826446	0.00826446	0.00826446	0.00826446	0.371901	0.553719	


Matrix B :

0.0909091	0.0909091	0.0909091	0.0909091	0.0909091	0.0909091	0.0909091	0.0909091	0.0909091	0.0909091	0.0909091	
0.000187441	0.231115	0.270291	0.196064	0.115651	0.0805998	0.0434864	0.0455483	0.0166823	0.000187441	0.000187441	
0.000278009	0.00945232	0.214345	0.403948	0.171532	0.119544	0.058382	0.0186266	0.00333611	0.000278009	0.000278009	
0.000488759	0.000488759	0.0757576	0.237048	0.30694	0.215543	0.108016	0.0434995	0.0112414	0.000488759	0.000488759	
0.000927644	0.000927644	0.000927644	0.0723562	0.276438	0.25603	0.194805	0.133581	0.0519481	0.0111317	0.000927644	
0.00124533	0.00124533	0.014944	0.0286426	0.124533	0.288917	0.275218	0.138232	0.124533	0.00124533	0.00124533	
0.00284091	0.00284091	0.00284091	0.0340909	0.127841	0.315341	0.159091	0.0653409	0.0965909	0.127841	0.0653409	
0.00454545	0.00454545	0.00454545	0.00454545	0.104545	0.304545	0.0545455	0.154545	0.0545455	0.204545	0.104545	
0.00568182	0.00568182	0.00568182	0.00568182	0.130682	0.193182	0.0681818	0.0681818	0.255682	0.130682	0.130682	
0.00909091	0.00909091	0.00909091	0.00909091	0.00909091	0.209091	0.00909091	0.00909091	0.409091	0.209091	0.109091	
0.0909091	0.00757576	0.00757576	0.00757576	0.00757576	0.340909	0.00757576	0.00757576	0.00757576	0.174242	0.340909	


Vector Pi :

0.00149031	0.362146	0.263785	0.198212	0.0834575	0.0178838	0.0342772	0.00149031	0.00149031	0.0178838	0.0178838	


Vector Phi :

0.000817448	0.391955	0.260884	0.143269	0.0752886	0.058094	0.0242561	0.016195	0.0129785	0.00731941	0.00894265	
