
Parameters: 11 states AND 11 symbols

Matrix A :

0.090909	0.090909	0.090909	0.090909	0.090909	0.090909	0.090909	0.090909	0.090909	0.090909	0.090909	
0.000812	0.741883	0.241883	0.009740	0.000812	0.000812	0.000812	0.000812	0.000812	0.000812	0.000812	
0.000957	0.253589	0.432536	0.264115	0.032536	0.011483	0.000957	0.000957	0.000957	0.000957	0.000957	
0.000834	0.037531	0.202669	0.523770	0.230192	0.000834	0.000834	0.000834	0.000834	0.000834	0.000834	
0.000891	0.000891	0.030303	0.236185	0.510695	0.196970	0.020499	0.000891	0.000891	0.000891	0.000891	
0.002020	0.002020	0.002020	0.002020	0.424242	0.424242	0.113131	0.024242	0.002020	0.002020	0.002020	
0.006993	0.006993	0.006993	0.083916	0.083916	0.314685	0.237762	0.083916	0.160839	0.006993	0.006993	
0.015152	0.015152	0.015152	0.015152	0.181818	0.015152	0.348485	0.181818	0.015152	0.181818	0.015152	
0.018182	0.018182	0.018182	0.018182	0.018182	0.018182	0.218182	0.218182	0.018182	0.418182	0.018182	
0.018182	0.018182	0.018182	0.018182	0.018182	0.018182	0.018182	0.218182	0.418182	0.018182	0.218182	
0.012987	0.012987	0.012987	0.012987	0.012987	0.012987	0.012987	0.012987	0.012987	0.155844	0.727273	


Matrix B :

0.090909	0.090909	0.090909	0.090909	0.090909	0.090909	0.090909	0.090909	0.090909	0.090909	0.090909	
0.000777	0.282828	0.411033	0.222999	0.052059	0.026418	0.000777	0.000777	0.000777	0.000777	0.000777	
0.000928	0.011132	0.235622	0.511132	0.164193	0.072356	0.000928	0.000928	0.000928	0.000928	0.000928	
0.000812	0.000812	0.036526	0.250812	0.474026	0.206169	0.027597	0.000812	0.000812	0.000812	0.000812	
0.000866	0.000866	0.000866	0.000866	0.219913	0.429437	0.324675	0.019913	0.000866	0.000866	0.000866	
0.001934	0.001934	0.001934	0.001934	0.044487	0.150870	0.576402	0.172147	0.044487	0.001934	0.001934	
0.005682	0.005682	0.005682	0.005682	0.005682	0.068182	0.380682	0.193182	0.318182	0.005682	0.005682	
0.015152	0.015152	0.015152	0.015152	0.015152	0.015152	0.181818	0.348485	0.348485	0.015152	0.015152	
0.018182	0.018182	0.018182	0.018182	0.018182	0.018182	0.018182	0.018182	0.018182	0.618182	0.218182	
0.018182	0.018182	0.018182	0.018182	0.018182	0.018182	0.018182	0.018182	0.018182	0.418182	0.418182	
0.011364	0.011364	0.011364	0.011364	0.011364	0.011364	0.011364	0.011364	0.011364	0.386364	0.511364	


Vector Pi :

0.004329	0.242424	0.194805	0.147186	0.147186	0.099567	0.099567	0.004329	0.004329	0.004329	0.051948	


Vector Phi :

0.002091	0.218117	0.183807	0.216645	0.206735	0.093058	0.029916	0.012981	0.011006	0.010780	0.014865	
