
Parameters: 11 states AND 11 symbols

Matrix A :

0.0909091	0.0909091	0.0909091	0.0909091	0.0909091	0.0909091	0.0909091	0.0909091	0.0909091	0.0909091	0.0909091	
9.07276e-05	0.941208	0.0549809	0.00208674	0.00108873	9.07276e-05	9.07276e-05	9.07276e-05	9.07276e-05	9.07276e-05	9.07276e-05	
0.000673401	0.400673	0.43771	0.111785	0.00808081	0.00808081	0.0154882	0.00808081	0.00808081	0.000673401	0.000673401	
0.00284091	0.0965909	0.409091	0.190341	0.221591	0.0340909	0.00284091	0.0340909	0.00284091	0.00284091	0.00284091	
0.00757576	0.0909091	0.174242	0.257576	0.0909091	0.174242	0.0909091	0.00757576	0.0909091	0.00757576	0.00757576	
0.0181818	0.0181818	0.218182	0.418182	0.0181818	0.0181818	0.0181818	0.0181818	0.0181818	0.0181818	0.218182	
0.010101	0.010101	0.343434	0.121212	0.121212	0.010101	0.121212	0.010101	0.121212	0.121212	0.010101	
0.030303	0.030303	0.030303	0.030303	0.030303	0.030303	0.363636	0.030303	0.030303	0.030303	0.363636	
0.0181818	0.0181818	0.0181818	0.418182	0.0181818	0.0181818	0.418182	0.0181818	0.0181818	0.0181818	0.0181818	
0.0454545	0.0454545	0.0454545	0.0454545	0.0454545	0.0454545	0.545455	0.0454545	0.0454545	0.0454545	0.0454545	
0.030303	0.030303	0.363636	0.030303	0.030303	0.030303	0.030303	0.030303	0.363636	0.030303	0.030303	


Matrix B :

0.0909091	0.0909091	0.0909091	0.0909091	0.0909091	0.0909091	0.0909091	0.0909091	0.0909091	0.0909091	0.0909091	
0.00103995	0.317532	0.411907	0.188838	0.0563307	0.0191524	0.00199324	0.00294653	8.66626e-05	8.66626e-05	8.66626e-05	
0.000618429	0.0210266	0.12987	0.35436	0.265925	0.12987	0.0822511	0.0142239	0.000618429	0.000618429	0.000618429	
0.00275482	0.00275482	0.00275482	0.245179	0.275482	0.0936639	0.245179	0.0936639	0.00275482	0.0330579	0.00275482	
0.00757576	0.00757576	0.00757576	0.257576	0.340909	0.0909091	0.00757576	0.00757576	0.257576	0.00757576	0.00757576	
0.0181818	0.0181818	0.0181818	0.0181818	0.0181818	0.418182	0.0181818	0.218182	0.0181818	0.0181818	0.218182	
0.010101	0.121212	0.121212	0.343434	0.232323	0.121212	0.010101	0.010101	0.010101	0.010101	0.010101	
0.030303	0.030303	0.030303	0.363636	0.030303	0.030303	0.363636	0.030303	0.030303	0.030303	0.030303	
0.0181818	0.0181818	0.218182	0.218182	0.0181818	0.218182	0.0181818	0.218182	0.0181818	0.0181818	0.0181818	
0.0454545	0.0454545	0.0454545	0.0454545	0.545455	0.0454545	0.0454545	0.0454545	0.0454545	0.0454545	0.0454545	
0.030303	0.030303	0.030303	0.363636	0.030303	0.030303	0.030303	0.030303	0.363636	0.030303	0.030303	


Vector Pi :

0.00149031	0.771982	0.198212	0.0178838	0.00149031	0.00149031	0.00149031	0.00149031	0.00149031	0.00149031	0.00149031	


Vector Phi :

0.00082713	0.828784	0.111663	0.0264682	0.00992556	0.00413565	0.00744417	0.00248139	0.00413565	0.00165426	0.00248139	
