
Parameters: 11 states AND 11 symbols

Matrix A :

0.090909	0.090909	0.090909	0.090909	0.090909	0.090909	0.090909	0.090909	0.090909	0.090909	0.090909	
0.000289	0.578066	0.263781	0.089177	0.019336	0.016162	0.022511	0.000289	0.006638	0.000289	0.003463	
0.000606	0.580606	0.187273	0.120606	0.033939	0.027273	0.013939	0.007273	0.013939	0.013939	0.000606	
0.001212	0.281212	0.334545	0.214545	0.094545	0.027879	0.014545	0.001212	0.014545	0.014545	0.001212	
0.003953	0.395257	0.264822	0.221344	0.003953	0.047431	0.003953	0.003953	0.003953	0.047431	0.003953	
0.005682	0.318182	0.130682	0.193182	0.068182	0.193182	0.068182	0.005682	0.005682	0.005682	0.005682	
0.007576	0.257576	0.257576	0.257576	0.174242	0.007576	0.007576	0.007576	0.007576	0.007576	0.007576	
0.030303	0.696970	0.030303	0.030303	0.030303	0.030303	0.030303	0.030303	0.030303	0.030303	0.030303	
0.015152	0.348485	0.015152	0.181818	0.181818	0.015152	0.015152	0.181818	0.015152	0.015152	0.015152	
0.015152	0.681818	0.015152	0.015152	0.015152	0.015152	0.015152	0.015152	0.015152	0.181818	0.015152	
0.045455	0.045455	0.545455	0.045455	0.045455	0.045455	0.045455	0.045455	0.045455	0.045455	0.045455	


Matrix B :

0.090909	0.090909	0.090909	0.090909	0.090909	0.090909	0.090909	0.090909	0.090909	0.090909	0.090909	
0.000275	0.109036	0.290305	0.217797	0.169459	0.133205	0.054655	0.018402	0.006317	0.000275	0.000275	
0.000568	0.000568	0.050568	0.200568	0.269318	0.306818	0.081818	0.081818	0.006818	0.000568	0.000568	
0.001166	0.001166	0.052448	0.116550	0.180653	0.180653	0.219114	0.155012	0.039627	0.039627	0.013986	
0.003953	0.003953	0.003953	0.221344	0.221344	0.221344	0.221344	0.047431	0.047431	0.003953	0.003953	
0.005348	0.005348	0.005348	0.005348	0.181818	0.181818	0.240642	0.181818	0.122995	0.005348	0.064171	
0.007576	0.007576	0.007576	0.090909	0.007576	0.424242	0.174242	0.174242	0.007576	0.090909	0.007576	
0.030303	0.030303	0.030303	0.030303	0.030303	0.030303	0.030303	0.363636	0.363636	0.030303	0.030303	
0.015152	0.015152	0.015152	0.181818	0.348485	0.015152	0.181818	0.181818	0.015152	0.015152	0.015152	
0.015152	0.015152	0.015152	0.015152	0.181818	0.348485	0.181818	0.015152	0.015152	0.181818	0.015152	
0.045455	0.045455	0.045455	0.045455	0.045455	0.045455	0.045455	0.545455	0.045455	0.045455	0.045455	


Vector Pi :

0.002933	0.486804	0.357771	0.099707	0.002933	0.035191	0.002933	0.002933	0.002933	0.002933	0.002933	


Vector Phi :

0.001640	0.518900	0.244793	0.123096	0.037740	0.026250	0.019717	0.004912	0.009840	0.009824	0.003288	
