
Parameters: 11 states AND 11 symbols

Matrix A :

0.0909091	0.0909091	0.0909091	0.0909091	0.0909091	0.0909091	0.0909091	0.0909091	0.0909091	0.0909091	0.0909091	
0.000174825	0.898252	0.100175	0.000174825	0.000174825	0.000174825	0.000174825	0.000174825	0.000174825	0.000174825	0.000174825	
0.000236742	0.135653	0.763258	0.0991951	0.000236742	0.000236742	0.000236742	0.000236742	0.000236742	0.000236742	0.000236742	
0.000481	0.000481	0.201539	0.709476	0.0851371	0.000481	0.000481	0.000481	0.000481	0.000481	0.000481	
0.00128041	0.0153649	0.00128041	0.212548	0.677337	0.0857875	0.00128041	0.00128041	0.00128041	0.00128041	0.00128041	
0.00505051	0.00505051	0.00505051	0.00505051	0.338384	0.505051	0.116162	0.00505051	0.00505051	0.00505051	0.00505051	
0.0181818	0.0181818	0.0181818	0.0181818	0.0181818	0.218182	0.418182	0.218182	0.0181818	0.0181818	0.0181818	
0.030303	0.030303	0.030303	0.030303	0.030303	0.363636	0.030303	0.030303	0.030303	0.363636	0.030303	
0.0454545	0.0454545	0.0454545	0.0454545	0.0454545	0.0454545	0.0454545	0.545455	0.0454545	0.0454545	0.0454545	
0.030303	0.030303	0.030303	0.030303	0.030303	0.030303	0.030303	0.030303	0.363636	0.030303	0.363636	
0.0227273	0.0227273	0.0227273	0.0227273	0.0227273	0.0227273	0.0227273	0.0227273	0.0227273	0.272727	0.522727	


Matrix B :

0.0909091	0.0909091	0.0909091	0.0909091	0.0909091	0.0909091	0.0909091	0.0909091	0.0909091	0.0909091	0.0909091	
0.0001665	0.331668	0.392108	0.168665	0.0954046	0.0111555	0.0001665	0.0001665	0.0001665	0.0001665	0.0001665	
0.000222816	0.000222816	0.206105	0.416889	0.29434	0.0663993	0.0149287	0.000222816	0.000222816	0.000222816	0.000222816	
0.000468604	0.000468604	0.0365511	0.0880975	0.289128	0.40253	0.12418	0.0571696	0.000468604	0.000468604	0.000468604	
0.00119617	0.00119617	0.00119617	0.00119617	0.0538278	0.238038	0.395933	0.29067	0.0143541	0.00119617	0.00119617	
0.00505051	0.00505051	0.00505051	0.00505051	0.00505051	0.171717	0.282828	0.338384	0.171717	0.00505051	0.00505051	
0.0181818	0.0181818	0.0181818	0.0181818	0.0181818	0.0181818	0.0181818	0.418182	0.418182	0.0181818	0.0181818	
0.030303	0.030303	0.030303	0.030303	0.030303	0.030303	0.030303	0.363636	0.363636	0.030303	0.030303	
0.0454545	0.0454545	0.0454545	0.0454545	0.0454545	0.0454545	0.0454545	0.0454545	0.545455	0.0454545	0.0454545	
0.030303	0.030303	0.030303	0.030303	0.030303	0.030303	0.030303	0.030303	0.030303	0.363636	0.363636	
0.0227273	0.0227273	0.0227273	0.0227273	0.0227273	0.0227273	0.0227273	0.0227273	0.0227273	0.0227273	0.772727	


Vector Pi :

0.00149031	0.411326	0.394933	0.099851	0.0834575	0.00149031	0.00149031	0.00149031	0.00149031	0.00149031	0.00149031	


Vector Phi :

0.000821931	0.440263	0.319309	0.153297	0.0576963	0.0146711	0.00408684	0.00246095	0.00164325	0.00246391	0.00328655	
