
Parameters: 11 states AND 11 symbols

Matrix A :

0.045455	0.545455	0.045455	0.045455	0.045455	0.045455	0.045455	0.045455	0.045455	0.045455	0.045455	
0.000202	0.816166	0.122153	0.024592	0.015723	0.002419	0.009071	0.002419	0.000202	0.004636	0.002419	
0.000999	0.627373	0.176823	0.099900	0.055944	0.011988	0.000999	0.000999	0.000999	0.011988	0.011988	
0.003497	0.388112	0.349650	0.118881	0.041958	0.041958	0.003497	0.003497	0.041958	0.003497	0.003497	
0.005682	0.443182	0.318182	0.130682	0.068182	0.005682	0.005682	0.005682	0.005682	0.005682	0.005682	
0.181818	0.181818	0.348485	0.015152	0.015152	0.181818	0.015152	0.015152	0.015152	0.015152	0.015152	
0.015152	0.348485	0.181818	0.015152	0.181818	0.181818	0.015152	0.015152	0.015152	0.015152	0.015152	
0.045455	0.545455	0.045455	0.045455	0.045455	0.045455	0.045455	0.045455	0.045455	0.045455	0.045455	
0.045455	0.045455	0.545455	0.045455	0.045455	0.045455	0.045455	0.045455	0.045455	0.045455	0.045455	
0.022727	0.522727	0.022727	0.022727	0.022727	0.022727	0.272727	0.022727	0.022727	0.022727	0.022727	
0.030303	0.363636	0.363636	0.030303	0.030303	0.030303	0.030303	0.030303	0.030303	0.030303	0.030303	


Matrix B :

0.045455	0.045455	0.045455	0.045455	0.045455	0.545455	0.045455	0.045455	0.045455	0.045455	0.045455	
0.000191	0.128612	0.292823	0.259139	0.145455	0.086507	0.046507	0.025455	0.008612	0.004402	0.002297	
0.000978	0.011730	0.043988	0.259042	0.194526	0.216031	0.076246	0.119257	0.043988	0.022483	0.011730	
0.003497	0.003497	0.003497	0.118881	0.272727	0.426573	0.118881	0.003497	0.003497	0.041958	0.003497	
0.005051	0.005051	0.005051	0.227273	0.282828	0.116162	0.171717	0.005051	0.060606	0.060606	0.060606	
0.015152	0.015152	0.015152	0.348485	0.181818	0.181818	0.181818	0.015152	0.015152	0.015152	0.015152	
0.015152	0.015152	0.348485	0.015152	0.181818	0.181818	0.181818	0.015152	0.015152	0.015152	0.015152	
0.045455	0.045455	0.045455	0.045455	0.045455	0.045455	0.545455	0.045455	0.045455	0.045455	0.045455	
0.045455	0.045455	0.045455	0.045455	0.045455	0.045455	0.545455	0.045455	0.045455	0.045455	0.045455	
0.022727	0.022727	0.022727	0.272727	0.022727	0.272727	0.272727	0.022727	0.022727	0.022727	0.022727	
0.018182	0.018182	0.018182	0.018182	0.018182	0.418182	0.418182	0.018182	0.018182	0.018182	0.018182	


Vector Pi :

0.002933	0.777126	0.067449	0.002933	0.067449	0.002933	0.002933	0.002933	0.002933	0.002933	0.067449	


Vector Phi :

0.003284	0.740558	0.149425	0.042693	0.026273	0.009852	0.009852	0.003284	0.003284	0.006568	0.004926	
