
Parameters: 11 states AND 11 symbols

Matrix A :

0.0909091	0.0909091	0.0909091	0.0909091	0.0909091	0.0909091	0.0909091	0.0909091	0.0909091	0.0909091	0.0909091	
0.000221729	0.824612	0.161197	0.0124169	0.000221729	0.000221729	0.000221729	0.000221729	0.000221729	0.000221729	0.000221729	
0.00030003	0.224722	0.614161	0.148815	0.010201	0.00030003	0.00030003	0.00030003	0.00030003	0.00030003	0.00030003	
0.000483559	0.016441	0.245164	0.558994	0.138781	0.0377176	0.000483559	0.000483559	0.000483559	0.000483559	0.000483559	
0.000826446	0.000826446	0.0280992	0.273554	0.519008	0.164463	0.00991736	0.000826446	0.000826446	0.000826446	0.000826446	
0.000956938	0.000956938	0.000956938	0.0325359	0.22201	0.590431	0.116746	0.0325359	0.000956938	0.000956938	0.000956938	
0.00221729	0.00221729	0.00221729	0.00221729	0.0509978	0.2949	0.538803	0.0997783	0.00221729	0.00221729	0.00221729	
0.0031348	0.0031348	0.0031348	0.0031348	0.0031348	0.0376176	0.175549	0.658307	0.106583	0.0031348	0.0031348	
0.0113636	0.0113636	0.0113636	0.0113636	0.0113636	0.0113636	0.136364	0.136364	0.386364	0.261364	0.0113636	
0.0181818	0.0181818	0.0181818	0.0181818	0.0181818	0.0181818	0.0181818	0.218182	0.218182	0.0181818	0.418182	
0.00909091	0.00909091	0.00909091	0.00909091	0.00909091	0.00909091	0.00909091	0.00909091	0.00909091	0.209091	0.709091	


Matrix B :

0.0909091	0.0909091	0.0909091	0.0909091	0.0909091	0.0909091	0.0909091	0.0909091	0.0909091	0.0909091	0.0909091	
0.000210438	0.423822	0.338173	0.171507	0.0349327	0.0094697	0.018729	0.00252525	0.000210438	0.000210438	0.000210438	
0.000289519	0.105385	0.595831	0.165895	0.0894615	0.0289519	0.00665895	0.00665895	0.000289519	0.000289519	0.000289519	
0.00045683	0.00045683	0.281864	0.462768	0.161261	0.0406578	0.045683	0.00548196	0.00045683	0.00045683	0.00045683	
0.000777001	0.000777001	0.00932401	0.368298	0.359751	0.16317	0.0691531	0.026418	0.000777001	0.000777001	0.000777001	
0.000909091	0.000909091	0.000909091	0.0109091	0.520909	0.120909	0.130909	0.130909	0.0609091	0.0209091	0.000909091	
0.00211416	0.00211416	0.00211416	0.0486258	0.141649	0.420719	0.118393	0.118393	0.0951374	0.0486258	0.00211416	
0.0030303	0.0030303	0.0030303	0.0030303	0.0030303	0.136364	0.436364	0.369697	0.0030303	0.0363636	0.0030303	
0.0113636	0.0113636	0.0113636	0.0113636	0.0113636	0.0113636	0.0113636	0.511364	0.261364	0.0113636	0.136364	
0.0181818	0.0181818	0.0181818	0.0181818	0.0181818	0.0181818	0.0181818	0.0181818	0.618182	0.0181818	0.218182	
0.00826446	0.00826446	0.00826446	0.00826446	0.00826446	0.00826446	0.00826446	0.00826446	0.00826446	0.644628	0.280992	


Vector Pi :

0.00149031	0.362146	0.198212	0.165425	0.116244	0.0834575	0.0342772	0.0178838	0.00149031	0.00149031	0.0178838	


Vector Phi :

0.000838343	0.339375	0.250594	0.158469	0.0925574	0.0799604	0.0344972	0.024392	0.00672305	0.00419854	0.0083954	
