
Parameters: 11 states AND 11 symbols

Matrix A :

0.0909091	0.0909091	0.0909091	0.0909091	0.0909091	0.0909091	0.0909091	0.0909091	0.0909091	0.0909091	0.0909091	
0.000200682	0.783865	0.194461	0.0178607	0.00240819	0.000200682	0.000200682	0.000200682	0.000200682	0.000200682	0.000200682	
0.000289519	0.283729	0.528952	0.169079	0.0130284	0.000289519	0.00347423	0.000289519	0.000289519	0.000289519	0.000289519	
0.000424809	0.0331351	0.252761	0.551827	0.149958	0.0097706	0.000424809	0.000424809	0.000424809	0.000424809	0.000424809	
0.000727273	0.00872727	0.0407273	0.256727	0.528727	0.144727	0.00872727	0.00872727	0.000727273	0.000727273	0.000727273	
0.00151515	0.0181818	0.00151515	0.0348485	0.334848	0.518182	0.0681818	0.0181818	0.00151515	0.00151515	0.00151515	
0.00606061	0.00606061	0.00606061	0.00606061	0.0727273	0.406061	0.339394	0.00606061	0.0727273	0.0727273	0.00606061	
0.0113636	0.0113636	0.0113636	0.0113636	0.0113636	0.136364	0.261364	0.386364	0.136364	0.0113636	0.0113636	
0.0151515	0.0151515	0.0151515	0.0151515	0.0151515	0.181818	0.181818	0.348485	0.181818	0.0151515	0.0151515	
0.0227273	0.0227273	0.0227273	0.0227273	0.0227273	0.0227273	0.0227273	0.0227273	0.272727	0.0227273	0.522727	
0.0181818	0.0181818	0.0181818	0.0181818	0.0181818	0.0181818	0.0181818	0.0181818	0.218182	0.218182	0.418182	


Matrix B :

0.0909091	0.0909091	0.0909091	0.0909091	0.0909091	0.0909091	0.0909091	0.0909091	0.0909091	0.0909091	0.0909091	
0.000190985	0.367838	0.290107	0.182964	0.0905271	0.0275019	0.0106952	0.0211994	0.00439267	0.00439267	0.000190985	
0.000270563	0.101461	0.46158	0.256223	0.113366	0.038961	0.0151515	0.00324675	0.00324675	0.00622294	0.000270563	
0.000411353	0.000411353	0.231181	0.493624	0.167832	0.0592349	0.0411353	0.000411353	0.00493624	0.000411353	0.000411353	
0.00071582	0.00071582	0.071582	0.378669	0.32355	0.110952	0.095204	0.0164639	0.00071582	0.00071582	0.00071582	
0.00137741	0.00137741	0.0165289	0.319559	0.53168	0.0922865	0.0316804	0.00137741	0.00137741	0.00137741	0.00137741	
0.00606061	0.00606061	0.00606061	0.00606061	0.272727	0.606061	0.0727273	0.00606061	0.00606061	0.00606061	0.00606061	
0.0113636	0.0113636	0.0113636	0.0113636	0.511364	0.386364	0.0113636	0.0113636	0.0113636	0.0113636	0.0113636	
0.0151515	0.0151515	0.0151515	0.0151515	0.181818	0.348485	0.181818	0.181818	0.0151515	0.0151515	0.0151515	
0.0227273	0.0227273	0.0227273	0.0227273	0.0227273	0.0227273	0.272727	0.0227273	0.272727	0.272727	0.0227273	
0.0181818	0.0181818	0.0181818	0.0181818	0.0181818	0.0181818	0.0181818	0.218182	0.0181818	0.218182	0.418182	


Vector Pi :

0.00149031	0.362146	0.362146	0.116244	0.0342772	0.099851	0.00149031	0.00149031	0.00149031	0.0178838	0.00149031	


Vector Phi :

0.000746802	0.381931	0.262683	0.177465	0.102261	0.0480497	0.0116657	0.00596486	0.00408694	0.00212814	0.00301812	
