
Parameters: 11 states AND 11 symbols

Matrix A :

0.0909091	0.0909091	0.0909091	0.0909091	0.0909091	0.0909091	0.0909091	0.0909091	0.0909091	0.0909091	0.0909091	
0.000139431	0.84063	0.142777	0.0124094	0.00320692	0.000139431	0.000139431	0.000139431	0.000139431	0.000139431	0.000139431	
0.00026738	0.285561	0.60615	0.103209	0.00320856	0.00026738	0.00026738	0.00026738	0.00026738	0.00026738	0.00026738	
0.000841751	0.047138	0.315657	0.39899	0.186027	0.0378788	0.000841751	0.010101	0.000841751	0.000841751	0.000841751	
0.0015949	0.0015949	0.0893142	0.334928	0.422648	0.124402	0.0191388	0.0015949	0.0015949	0.0015949	0.0015949	
0.00454545	0.00454545	0.0545455	0.0545455	0.304545	0.304545	0.254545	0.00454545	0.00454545	0.00454545	0.00454545	
0.00649351	0.00649351	0.00649351	0.0779221	0.220779	0.149351	0.292208	0.220779	0.00649351	0.00649351	0.00649351	
0.0151515	0.0151515	0.0151515	0.0151515	0.0151515	0.0151515	0.515152	0.181818	0.0151515	0.0151515	0.181818	
0.0909091	0.0909091	0.0909091	0.0909091	0.0909091	0.0909091	0.0909091	0.0909091	0.0909091	0.0909091	0.0909091	
0.0454545	0.0454545	0.0454545	0.0454545	0.0454545	0.0454545	0.545455	0.0454545	0.0454545	0.0454545	0.0454545	
0.0227273	0.0227273	0.0227273	0.0227273	0.0227273	0.0227273	0.0227273	0.0227273	0.0227273	0.272727	0.522727	


Matrix B :

0.0909091	0.0909091	0.0909091	0.0909091	0.0909091	0.0909091	0.0909091	0.0909091	0.0909091	0.0909091	0.0909091	
0.000132328	0.253407	0.419346	0.208284	0.0758237	0.0205108	0.0146884	0.00741035	0.000132328	0.000132328	0.000132328	
0.000256082	0.0199744	0.228425	0.417157	0.203073	0.0791293	0.0256082	0.0227913	0.00307298	0.000256082	0.000256082	
0.000790514	0.000790514	0.218182	0.339921	0.252964	0.157312	0.00948617	0.000790514	0.000790514	0.000790514	0.0181818	
0.0015949	0.0015949	0.124402	0.212121	0.334928	0.212121	0.0542265	0.0015949	0.0191388	0.0191388	0.0191388	
0.00454545	0.00454545	0.0545455	0.404545	0.154545	0.204545	0.154545	0.00454545	0.00454545	0.00454545	0.00454545	
0.00568182	0.00568182	0.00568182	0.318182	0.130682	0.318182	0.00568182	0.130682	0.0681818	0.00568182	0.00568182	
0.0151515	0.0151515	0.0151515	0.348485	0.0151515	0.348485	0.181818	0.0151515	0.0151515	0.0151515	0.0151515	
0.0909091	0.0909091	0.0909091	0.0909091	0.0909091	0.0909091	0.0909091	0.0909091	0.0909091	0.0909091	0.0909091	
0.0454545	0.0454545	0.0454545	0.0454545	0.0454545	0.0454545	0.0454545	0.0454545	0.545455	0.0454545	0.0454545	
0.0181818	0.0181818	0.0181818	0.0181818	0.0181818	0.0181818	0.0181818	0.218182	0.618182	0.0181818	0.0181818	


Vector Pi :

0.00149031	0.591654	0.247392	0.116244	0.00149031	0.00149031	0.0178838	0.00149031	0.00149031	0.00149031	0.0178838	


Vector Phi :

0.000880402	0.53518	0.281425	0.0906516	0.0488777	0.017423	0.0136901	0.00558404	0.000880402	0.00178594	0.00362215	
