
Parameters: 11 states AND 11 symbols

Matrix A :

0.0909091	0.0909091	0.0909091	0.0909091	0.0909091	0.0909091	0.0909091	0.0909091	0.0909091	0.0909091	0.0909091	
0.000105463	0.956022	0.0430289	0.000105463	0.000105463	0.000105463	0.000105463	0.000105463	0.000105463	0.000105463	0.000105463	
0.000461467	0.193355	0.716198	0.0715275	0.00553761	0.00553761	0.00553761	0.000461467	0.000461467	0.000461467	0.000461467	
0.00131752	0.00131752	0.218709	0.682477	0.088274	0.00131752	0.00131752	0.00131752	0.00131752	0.00131752	0.00131752	
0.00324675	0.00324675	0.0746753	0.181818	0.538961	0.181818	0.00324675	0.00324675	0.00324675	0.00324675	0.00324675	
0.00568182	0.00568182	0.0681818	0.00568182	0.255682	0.380682	0.255682	0.00568182	0.00568182	0.00568182	0.00568182	
0.00649351	0.00649351	0.00649351	0.0779221	0.0779221	0.220779	0.435065	0.0779221	0.00649351	0.0779221	0.00649351	
0.030303	0.030303	0.030303	0.030303	0.030303	0.030303	0.69697	0.030303	0.030303	0.030303	0.030303	
0.0454545	0.0454545	0.0454545	0.0454545	0.0454545	0.0454545	0.0454545	0.545455	0.0454545	0.0454545	0.0454545	
0.0454545	0.0454545	0.0454545	0.0454545	0.0454545	0.0454545	0.0454545	0.0454545	0.0454545	0.0454545	0.545455	
0.0151515	0.0151515	0.0151515	0.0151515	0.0151515	0.0151515	0.0151515	0.0151515	0.181818	0.0151515	0.681818	


Matrix B :

0.0909091	0.0909091	0.0909091	0.0909091	0.0909091	0.0909091	0.0909091	0.0909091	0.0909091	0.0909091	0.0909091	
0.000100341	0.0707405	0.237407	0.298114	0.185531	0.100542	0.0486655	0.0276942	0.0166566	0.0111379	0.0034116	
0.000439174	0.0245938	0.0632411	0.179183	0.208169	0.203338	0.130874	0.0777339	0.0632411	0.0342556	0.0149319	
0.00126263	0.00126263	0.223485	0.0568182	0.140152	0.237374	0.223485	0.0290404	0.0568182	0.00126263	0.0290404	
0.0031348	0.0031348	0.31348	0.141066	0.0721003	0.175549	0.210031	0.0721003	0.0031348	0.0031348	0.0031348	
0.00534759	0.00534759	0.299465	0.00534759	0.00534759	0.299465	0.122995	0.181818	0.0641711	0.00534759	0.00534759	
0.00606061	0.00606061	0.272727	0.00606061	0.206061	0.0727273	0.00606061	0.339394	0.0727273	0.00606061	0.00606061	
0.030303	0.030303	0.030303	0.030303	0.69697	0.030303	0.030303	0.030303	0.030303	0.030303	0.030303	
0.0454545	0.0454545	0.0454545	0.0454545	0.0454545	0.545455	0.0454545	0.0454545	0.0454545	0.0454545	0.0454545	
0.0454545	0.0454545	0.0454545	0.545455	0.0454545	0.0454545	0.0454545	0.0454545	0.0454545	0.0454545	0.0454545	
0.0151515	0.0151515	0.0151515	0.0151515	0.181818	0.348485	0.348485	0.0151515	0.0151515	0.0151515	0.0151515	


Vector Pi :

0.00149031	0.706408	0.165425	0.0670641	0.0178838	0.0178838	0.0178838	0.00149031	0.00149031	0.00149031	0.00149031	


Vector Phi :

0.000806665	0.726884	0.16197	0.0535851	0.0221801	0.0128114	0.0112787	0.00241903	0.00161329	0.00161234	0.00483937	
