
Parameters: 11 states AND 11 symbols

Matrix A :

0.090909	0.090909	0.090909	0.090909	0.090909	0.090909	0.090909	0.090909	0.090909	0.090909	0.090909	
0.000287	0.848867	0.129624	0.019214	0.000287	0.000287	0.000287	0.000287	0.000287	0.000287	0.000287	
0.000645	0.312701	0.575113	0.085751	0.014829	0.007737	0.000645	0.000645	0.000645	0.000645	0.000645	
0.001894	0.064394	0.356061	0.397727	0.106061	0.001894	0.022727	0.001894	0.043561	0.001894	0.001894	
0.005051	0.005051	0.005051	0.449495	0.393939	0.116162	0.005051	0.005051	0.005051	0.005051	0.005051	
0.011364	0.011364	0.011364	0.011364	0.136364	0.261364	0.136364	0.136364	0.136364	0.136364	0.011364	
0.012987	0.012987	0.155844	0.012987	0.012987	0.155844	0.298701	0.155844	0.155844	0.012987	0.012987	
0.010101	0.010101	0.010101	0.121212	0.232323	0.121212	0.232323	0.010101	0.121212	0.121212	0.010101	
0.008264	0.008264	0.008264	0.099174	0.008264	0.008264	0.008264	0.280992	0.099174	0.371901	0.099174	
0.005682	0.005682	0.005682	0.005682	0.005682	0.005682	0.005682	0.130682	0.193182	0.193182	0.443182	
0.003788	0.003788	0.003788	0.003788	0.003788	0.003788	0.003788	0.045455	0.045455	0.253788	0.628788	


Matrix B :

0.090909	0.090909	0.090909	0.090909	0.090909	0.090909	0.090909	0.090909	0.090909	0.090909	0.090909	
0.000273	0.156429	0.324597	0.282555	0.129402	0.069342	0.006279	0.003276	0.006279	0.009282	0.012285	
0.000606	0.007273	0.193939	0.480606	0.207273	0.073939	0.013939	0.000606	0.000606	0.007273	0.013939	
0.001855	0.001855	0.124304	0.328386	0.410019	0.022263	0.063080	0.001855	0.001855	0.042672	0.001855	
0.004785	0.004785	0.162679	0.320574	0.320574	0.004785	0.110048	0.004785	0.004785	0.057416	0.004785	
0.011364	0.011364	0.011364	0.011364	0.386364	0.136364	0.136364	0.136364	0.136364	0.011364	0.011364	
0.012987	0.012987	0.012987	0.155844	0.298701	0.298701	0.012987	0.155844	0.012987	0.012987	0.012987	
0.010101	0.010101	0.121212	0.121212	0.232323	0.232323	0.121212	0.121212	0.010101	0.010101	0.010101	
0.007576	0.007576	0.007576	0.090909	0.090909	0.424242	0.090909	0.007576	0.090909	0.174242	0.007576	
0.005348	0.005348	0.005348	0.240642	0.005348	0.181818	0.064171	0.181818	0.181818	0.122995	0.005348	
0.003636	0.003636	0.003636	0.043636	0.043636	0.163636	0.123636	0.283636	0.323636	0.003636	0.003636	


Vector Pi :

0.002933	0.519062	0.293255	0.035191	0.035191	0.002933	0.002933	0.002933	0.035191	0.035191	0.035191	


Vector Phi :

0.001667	0.528260	0.234981	0.080004	0.030006	0.013338	0.011672	0.015009	0.018343	0.026686	0.040034	
