
Parameters: 11 states AND 11 symbols

Matrix A :

0.090909	0.090909	0.090909	0.090909	0.090909	0.090909	0.090909	0.090909	0.090909	0.090909	0.090909	
0.000373	0.897914	0.086438	0.008569	0.000373	0.000373	0.000373	0.000373	0.000373	0.004471	0.000373	
0.000957	0.243062	0.548325	0.179904	0.011483	0.000957	0.000957	0.000957	0.000957	0.011483	0.000957	
0.001357	0.016282	0.225237	0.508820	0.180461	0.046133	0.001357	0.001357	0.016282	0.001357	0.001357	
0.002165	0.002165	0.049784	0.240260	0.454545	0.168831	0.073593	0.002165	0.002165	0.002165	0.002165	
0.002217	0.002217	0.026608	0.050998	0.148559	0.563193	0.148559	0.050998	0.002217	0.002217	0.002217	
0.004545	0.004545	0.004545	0.004545	0.104545	0.304545	0.254545	0.204545	0.104545	0.004545	0.004545	
0.003788	0.003788	0.045455	0.045455	0.003788	0.045455	0.087121	0.545455	0.212121	0.003788	0.003788	
0.003953	0.003953	0.047431	0.003953	0.003953	0.003953	0.134387	0.134387	0.351779	0.264822	0.047431	
0.004329	0.004329	0.051948	0.004329	0.004329	0.004329	0.004329	0.051948	0.194805	0.480519	0.194805	
0.004132	0.004132	0.004132	0.049587	0.004132	0.004132	0.004132	0.004132	0.095041	0.095041	0.731405	


Matrix B :

0.090909	0.090909	0.090909	0.090909	0.090909	0.090909	0.090909	0.090909	0.090909	0.090909	0.090909	
0.000354	0.167669	0.218253	0.264945	0.183233	0.078175	0.050937	0.023700	0.012027	0.000354	0.000354	
0.000909	0.060909	0.400909	0.220909	0.140909	0.060909	0.010909	0.020909	0.070909	0.010909	0.000909	
0.001299	0.029870	0.187013	0.187013	0.244156	0.101299	0.087013	0.044156	0.058442	0.001299	0.058442	
0.002020	0.002020	0.113131	0.246465	0.068687	0.268687	0.113131	0.024242	0.068687	0.046465	0.046465	
0.002165	0.002165	0.121212	0.240260	0.335498	0.240260	0.002165	0.002165	0.025974	0.002165	0.025974	
0.004329	0.004329	0.099567	0.290043	0.432900	0.004329	0.051948	0.004329	0.004329	0.051948	0.051948	
0.003788	0.003788	0.003788	0.128788	0.212121	0.253788	0.087121	0.128788	0.087121	0.045455	0.045455	
0.003788	0.003788	0.170455	0.212121	0.128788	0.212121	0.128788	0.045455	0.003788	0.087121	0.003788	
0.004329	0.004329	0.004329	0.242424	0.242424	0.099567	0.147186	0.051948	0.051948	0.147186	0.004329	
0.003636	0.003636	0.083636	0.123636	0.123636	0.283636	0.163636	0.083636	0.123636	0.003636	0.003636	


Vector Pi :

0.002933	0.422287	0.164223	0.067449	0.131965	0.035191	0.035191	0.002933	0.035191	0.002933	0.099707	


Vector Phi :

0.001653	0.409532	0.159484	0.113925	0.067198	0.066948	0.032651	0.039405	0.037979	0.034802	0.036425	
