
Parameters: 11 states AND 11 symbols

Matrix A :

0.090909	0.090909	0.090909	0.090909	0.090909	0.090909	0.090909	0.090909	0.090909	0.090909	0.090909	
0.000988	0.664032	0.185771	0.087945	0.011858	0.011858	0.011858	0.000988	0.000988	0.000988	0.022727	
0.001229	0.203931	0.379607	0.257985	0.068796	0.055283	0.014742	0.001229	0.001229	0.001229	0.014742	
0.001263	0.126263	0.237374	0.320707	0.154040	0.084596	0.070707	0.001263	0.001263	0.001263	0.001263	
0.001894	0.085227	0.085227	0.231061	0.251894	0.272727	0.043561	0.001894	0.001894	0.001894	0.022727	
0.001595	0.036683	0.019139	0.106858	0.141946	0.247209	0.212121	0.141946	0.036683	0.036683	0.019139	
0.001443	0.001443	0.033189	0.033189	0.128427	0.160173	0.287157	0.207792	0.080808	0.033189	0.033189	
0.001623	0.019481	0.019481	0.019481	0.019481	0.037338	0.287338	0.376623	0.126623	0.073052	0.019481	
0.002217	0.002217	0.050998	0.026608	0.002217	0.075388	0.050998	0.197339	0.246120	0.221729	0.124169	
0.001818	0.001818	0.021818	0.001818	0.021818	0.041818	0.101818	0.041818	0.181818	0.341818	0.241818	
0.001976	0.001976	0.001976	0.001976	0.001976	0.001976	0.001976	0.067194	0.154150	0.328063	0.436759	


Matrix B :

0.090909	0.090909	0.090909	0.090909	0.090909	0.090909	0.090909	0.090909	0.090909	0.090909	0.090909	
0.000937	0.279288	0.299906	0.217432	0.124649	0.042174	0.031865	0.000937	0.000937	0.000937	0.000937	
0.001136	0.126136	0.338636	0.313636	0.063636	0.076136	0.051136	0.013636	0.013636	0.001136	0.001136	
0.001212	0.067879	0.201212	0.347879	0.254545	0.054545	0.027879	0.041212	0.001212	0.001212	0.001212	
0.001855	0.103896	0.103896	0.369202	0.205937	0.165121	0.001855	0.022263	0.022263	0.001855	0.001855	
0.001490	0.083458	0.149031	0.362146	0.165425	0.149031	0.083458	0.001490	0.001490	0.001490	0.001490	
0.001377	0.001377	0.092287	0.304408	0.304408	0.198347	0.061983	0.001377	0.016529	0.016529	0.001377	
0.001541	0.001541	0.120185	0.221880	0.221880	0.154083	0.069337	0.103236	0.069337	0.001541	0.035439	
0.002165	0.002165	0.049784	0.264069	0.168831	0.216450	0.240260	0.049784	0.002165	0.002165	0.002165	
0.001748	0.001748	0.078671	0.136364	0.155594	0.155594	0.251748	0.117133	0.040210	0.059441	0.001748	
0.001894	0.001894	0.022727	0.251894	0.106061	0.147727	0.126894	0.168561	0.043561	0.064394	0.064394	


Vector Pi :

0.002933	0.131965	0.196481	0.099707	0.035191	0.164223	0.099707	0.099707	0.035191	0.067449	0.067449	


Vector Phi :

0.001661	0.159030	0.124939	0.120660	0.079588	0.092429	0.103652	0.091936	0.067517	0.082443	0.076145	
