
Parameters: 11 states AND 11 symbols

Matrix A :

0.0909091	0.0909091	0.0909091	0.0909091	0.0909091	0.0909091	0.0909091	0.0909091	0.0909091	0.0909091	0.0909091	
0.000125913	0.810375	0.169101	0.0153614	0.00151095	0.002896	0.000125913	0.000125913	0.000125913	0.000125913	0.000125913	
0.000294204	0.382171	0.453369	0.142689	0.00353045	0.0100029	0.0067667	0.000294204	0.000294204	0.000294204	0.000294204	
0.000857633	0.0857633	0.349914	0.415952	0.0951973	0.0291595	0.0102916	0.000857633	0.0102916	0.000857633	0.000857633	
0.0030303	0.236364	0.169697	0.169697	0.236364	0.136364	0.0363636	0.0030303	0.0030303	0.0030303	0.0030303	
0.00606061	0.00606061	0.206061	0.00606061	0.339394	0.00606061	0.139394	0.00606061	0.206061	0.00606061	0.0727273	
0.00909091	0.109091	0.00909091	0.109091	0.309091	0.109091	0.109091	0.109091	0.00909091	0.109091	0.00909091	
0.0227273	0.272727	0.0227273	0.0227273	0.272727	0.0227273	0.272727	0.0227273	0.0227273	0.0227273	0.0227273	
0.0151515	0.0151515	0.0151515	0.0151515	0.0151515	0.181818	0.181818	0.181818	0.181818	0.181818	0.0151515	
0.0227273	0.0227273	0.272727	0.0227273	0.272727	0.0227273	0.0227273	0.272727	0.0227273	0.0227273	0.0227273	
0.0454545	0.0454545	0.0454545	0.0454545	0.0454545	0.0454545	0.0454545	0.0454545	0.0454545	0.545455	0.0454545	


Matrix B :

0.0909091	0.0909091	0.0909091	0.0909091	0.0909091	0.0909091	0.0909091	0.0909091	0.0909091	0.0909091	0.0909091	
0.000119303	0.244214	0.412193	0.206156	0.0670484	0.0408017	0.0211167	0.00668098	0.00143164	0.000119303	0.000119303	
0.00027972	0.0125874	0.20951	0.431049	0.24951	0.0587413	0.0187413	0.0125874	0.00335664	0.00335664	0.00027972	
0.000834028	0.000834028	0.028357	0.257715	0.349458	0.221018	0.0742285	0.0191827	0.0467056	0.000834028	0.000834028	
0.0030303	0.0030303	0.0030303	0.069697	0.20303	0.436364	0.10303	0.0030303	0.069697	0.10303	0.0030303	
0.00606061	0.00606061	0.00606061	0.0727273	0.272727	0.139394	0.272727	0.0727273	0.0727273	0.00606061	0.0727273	
0.00826446	0.00826446	0.00826446	0.00826446	0.371901	0.0991736	0.190083	0.0991736	0.0991736	0.00826446	0.0991736	
0.0227273	0.0227273	0.0227273	0.0227273	0.0227273	0.272727	0.272727	0.0227273	0.0227273	0.272727	0.0227273	
0.0151515	0.0151515	0.0151515	0.0151515	0.0151515	0.181818	0.0151515	0.348485	0.181818	0.0151515	0.181818	
0.0227273	0.0227273	0.0227273	0.0227273	0.0227273	0.272727	0.272727	0.0227273	0.272727	0.0227273	0.0227273	
0.0454545	0.0454545	0.0454545	0.0454545	0.0454545	0.0454545	0.0454545	0.545455	0.0454545	0.0454545	0.0454545	


Vector Pi :

0.00149031	0.657228	0.263785	0.0506706	0.00149031	0.00149031	0.0178838	0.00149031	0.00149031	0.00149031	0.00149031	


Vector Phi :

0.00082713	0.597188	0.255583	0.0876758	0.0248139	0.0124069	0.0082713	0.00330852	0.00496278	0.00330852	0.00165426	
