
Parameters: 11 states AND 11 symbols

Matrix A :

0.0454545	0.0454545	0.0454545	0.0454545	0.0454545	0.0454545	0.0454545	0.545455	0.0454545	0.0454545	0.0454545	
0.000131562	0.81634	0.159321	0.0189449	0.00157874	0.00302592	0.000131562	0.000131562	0.000131562	0.000131562	0.000131562	
0.00027137	0.34654	0.516689	0.104749	0.024152	0.00624152	0.00027137	0.00027137	0.00027137	0.00027137	0.00027137	
0.000841751	0.0749158	0.417508	0.352694	0.130471	0.010101	0.010101	0.000841751	0.000841751	0.000841751	0.000841751	
0.00193424	0.065764	0.108317	0.363636	0.34236	0.0870406	0.00193424	0.00193424	0.0232108	0.00193424	0.00193424	
0.00606061	0.00606061	0.00606061	0.272727	0.272727	0.339394	0.00606061	0.0727273	0.00606061	0.00606061	0.00606061	
0.0454545	0.0454545	0.0454545	0.0454545	0.0454545	0.0454545	0.0454545	0.545455	0.0454545	0.0454545	0.0454545	
0.0181818	0.0181818	0.0181818	0.0181818	0.618182	0.0181818	0.0181818	0.218182	0.0181818	0.0181818	0.0181818	
0.545455	0.0454545	0.0454545	0.0454545	0.0454545	0.0454545	0.0454545	0.0454545	0.0454545	0.0454545	0.0454545	
0.0909091	0.0909091	0.0909091	0.0909091	0.0909091	0.0909091	0.0909091	0.0909091	0.0909091	0.0909091	0.0909091	
0.0909091	0.0909091	0.0909091	0.0909091	0.0909091	0.0909091	0.0909091	0.0909091	0.0909091	0.0909091	0.0909091	


Matrix B :

0.0454545	0.0454545	0.0454545	0.0454545	0.0454545	0.0454545	0.0454545	0.0454545	0.0454545	0.0454545	0.545455	
0.000126263	0.344571	0.43346	0.147348	0.0542929	0.0084596	0.0084596	0.000126263	0.00290404	0.000126263	0.000126263	
0.000256082	0.00307298	0.386172	0.388988	0.146735	0.0565941	0.00307298	0.00588988	0.00870679	0.000256082	0.000256082	
0.000797448	0.000797448	0.00956938	0.290271	0.316587	0.255183	0.062201	0.062201	0.000797448	0.000797448	0.000797448	
0.00181818	0.00181818	0.00181818	0.101818	0.221818	0.381818	0.181818	0.0618182	0.0418182	0.00181818	0.00181818	
0.00568182	0.00568182	0.00568182	0.00568182	0.00568182	0.318182	0.318182	0.255682	0.0681818	0.00568182	0.00568182	
0.0454545	0.0454545	0.0454545	0.0454545	0.0454545	0.0454545	0.0454545	0.545455	0.0454545	0.0454545	0.0454545	
0.0151515	0.0151515	0.0151515	0.0151515	0.0151515	0.181818	0.0151515	0.0151515	0.681818	0.0151515	0.0151515	
0.0454545	0.0454545	0.0454545	0.0454545	0.0454545	0.0454545	0.0454545	0.0454545	0.0454545	0.0454545	0.545455	
0.0909091	0.0909091	0.0909091	0.0909091	0.0909091	0.0909091	0.0909091	0.0909091	0.0909091	0.0909091	0.0909091	
0.0909091	0.0909091	0.0909091	0.0909091	0.0909091	0.0909091	0.0909091	0.0909091	0.0909091	0.0909091	0.0909091	


Vector Pi :

0.00149031	0.460507	0.345753	0.099851	0.0506706	0.0178838	0.00149031	0.0178838	0.00149031	0.00149031	0.00149031	


Vector Phi :

0.0016504	0.573324	0.275722	0.089084	0.0387599	0.0123817	0.00165022	0.00412641	0.00165005	0.000825372	0.000825372	
