
Parameters: 11 states AND 11 symbols

Matrix A :

0.0454545	0.0454545	0.0454545	0.0454545	0.0454545	0.0454545	0.0454545	0.0454545	0.0454545	0.0454545	0.545455	
0.000229568	0.742654	0.204775	0.0482094	0.00275482	0.000229568	0.000229568	0.000229568	0.000229568	0.000229568	0.000229568	
0.000318979	0.298565	0.459968	0.193301	0.0283892	0.0178628	0.000318979	0.000318979	0.000318979	0.000318979	0.000318979	
0.000411353	0.0592349	0.280954	0.46195	0.149733	0.0411353	0.00493624	0.000411353	0.000411353	0.000411353	0.000411353	
0.000739098	0.0251293	0.0576497	0.260902	0.447894	0.13895	0.0657797	0.000739098	0.000739098	0.000739098	0.000739098	
0.00118064	0.0141677	0.0401417	0.118064	0.247934	0.312869	0.182999	0.0531287	0.0271547	0.00118064	0.00118064	
0.00193424	0.00193424	0.00193424	0.0444874	0.108317	0.34236	0.299807	0.108317	0.065764	0.0232108	0.00193424	
0.00413223	0.00413223	0.00413223	0.0495868	0.00413223	0.231405	0.322314	0.18595	0.18595	0.00413223	0.00413223	
0.004329	0.004329	0.004329	0.004329	0.004329	0.004329	0.0995671	0.385281	0.290043	0.147186	0.0519481	
0.0113636	0.0113636	0.0113636	0.0113636	0.0113636	0.0113636	0.0113636	0.0113636	0.636364	0.261364	0.0113636	
0.363636	0.030303	0.030303	0.030303	0.030303	0.030303	0.030303	0.030303	0.030303	0.363636	0.030303	


Matrix B :

0.0454545	0.0454545	0.0454545	0.0454545	0.0454545	0.0454545	0.545455	0.0454545	0.0454545	0.0454545	0.0454545	
0.000218531	0.502622	0.322334	0.0939685	0.0531031	0.0146416	0.00502622	0.00743007	0.000218531	0.000218531	0.000218531	
0.00030303	0.160303	0.573636	0.163636	0.0636364	0.030303	0.00030303	0.0069697	0.00030303	0.00030303	0.00030303	
0.000390168	0.00468201	0.455326	0.292236	0.180648	0.0304331	0.0175575	0.00897386	0.00897386	0.000390168	0.000390168	
0.000693963	0.000693963	0.145732	0.367106	0.229702	0.160999	0.0541291	0.0159611	0.00832755	0.0159611	0.000693963	
0.0011655	0.0011655	0.013986	0.219114	0.37296	0.244755	0.11655	0.013986	0.0011655	0.013986	0.0011655	
0.00181818	0.00181818	0.00181818	0.161818	0.301818	0.221818	0.141818	0.161818	0.00181818	0.00181818	0.00181818	
0.00395257	0.00395257	0.00395257	0.0474308	0.0909091	0.3083	0.134387	0.3083	0.0474308	0.00395257	0.0474308	
0.004329	0.004329	0.004329	0.0995671	0.0995671	0.0995671	0.385281	0.0995671	0.0995671	0.004329	0.0995671	
0.0113636	0.0113636	0.0113636	0.136364	0.0113636	0.386364	0.0113636	0.386364	0.0113636	0.0113636	0.0113636	
0.030303	0.030303	0.030303	0.030303	0.030303	0.030303	0.69697	0.030303	0.030303	0.030303	0.030303	


Vector Pi :

0.00149031	0.312966	0.247392	0.198212	0.149031	0.0178838	0.0506706	0.0178838	0.00149031	0.00149031	0.00149031	


Vector Phi :

0.00164502	0.332388	0.237326	0.182781	0.0999981	0.0631164	0.0384647	0.0180319	0.0172185	0.00656427	0.00246559	
