
Parameters: 11 states AND 11 symbols

Matrix A :

0.0909091	0.0909091	0.0909091	0.0909091	0.0909091	0.0909091	0.0909091	0.0909091	0.0909091	0.0909091	0.0909091	
0.000102491	0.94486	0.0519627	0.00235728	0.000102491	0.000102491	0.000102491	0.000102491	0.000102491	0.000102491	0.000102491	
0.000390168	0.202107	0.738588	0.0561842	0.000390168	0.000390168	0.000390168	0.000390168	0.000390168	0.000390168	0.000390168	
0.0021645	0.0021645	0.335498	0.525974	0.121212	0.0021645	0.0021645	0.0021645	0.0021645	0.0021645	0.0021645	
0.00568182	0.00568182	0.00568182	0.193182	0.568182	0.193182	0.00568182	0.00568182	0.00568182	0.00568182	0.00568182	
0.0151515	0.0151515	0.0151515	0.0151515	0.181818	0.348485	0.348485	0.0151515	0.0151515	0.0151515	0.0151515	
0.0227273	0.272727	0.0227273	0.0227273	0.0227273	0.0227273	0.0227273	0.0227273	0.272727	0.272727	0.0227273	
0.0909091	0.0909091	0.0909091	0.0909091	0.0909091	0.0909091	0.0909091	0.0909091	0.0909091	0.0909091	0.0909091	
0.0454545	0.0454545	0.0454545	0.0454545	0.0454545	0.0454545	0.0454545	0.0454545	0.0454545	0.545455	0.0454545	
0.0181818	0.0181818	0.0181818	0.218182	0.0181818	0.0181818	0.218182	0.0181818	0.0181818	0.218182	0.218182	
0.030303	0.030303	0.030303	0.030303	0.030303	0.030303	0.030303	0.030303	0.030303	0.363636	0.363636	


Matrix B :

0.0909091	0.0909091	0.0909091	0.0909091	0.0909091	0.0909091	0.0909091	0.0909091	0.0909091	0.0909091	0.0909091	
9.78569e-05	0.242294	0.344554	0.220765	0.0894412	0.0593013	0.0313142	0.0108621	0.00117428	9.78569e-05	9.78569e-05	
0.000365097	0.000365097	0.478277	0.245345	0.136911	0.108799	0.0244615	0.00438116	0.000365097	0.000365097	0.000365097	
0.00211416	0.00211416	0.0486258	0.234672	0.420719	0.141649	0.118393	0.00211416	0.02537	0.00211416	0.00211416	
0.00568182	0.00568182	0.00568182	0.193182	0.0681818	0.255682	0.443182	0.00568182	0.00568182	0.00568182	0.00568182	
0.0151515	0.0151515	0.0151515	0.348485	0.348485	0.181818	0.0151515	0.0151515	0.0151515	0.0151515	0.0151515	
0.0227273	0.0227273	0.0227273	0.272727	0.272727	0.0227273	0.0227273	0.272727	0.0227273	0.0227273	0.0227273	
0.0909091	0.0909091	0.0909091	0.0909091	0.0909091	0.0909091	0.0909091	0.0909091	0.0909091	0.0909091	0.0909091	
0.0454545	0.0454545	0.0454545	0.0454545	0.545455	0.0454545	0.0454545	0.0454545	0.0454545	0.0454545	0.0454545	
0.0151515	0.0151515	0.0151515	0.0151515	0.515152	0.0151515	0.0151515	0.0151515	0.0151515	0.181818	0.181818	
0.030303	0.030303	0.030303	0.030303	0.030303	0.030303	0.030303	0.030303	0.030303	0.030303	0.69697	


Vector Pi :

0.00149031	0.690015	0.263785	0.0178838	0.00149031	0.00149031	0.00149031	0.00149031	0.00149031	0.0178838	0.00149031	


Vector Phi :

0.000833339	0.739166	0.194167	0.0350001	0.0133334	0.00500004	0.00333336	0.000833339	0.00166668	0.00416671	0.00250003	
