
Parameters: 11 states AND 11 symbols

Matrix A :

0.0909091	0.0909091	0.0909091	0.0909091	0.0909091	0.0909091	0.0909091	0.0909091	0.0909091	0.0909091	0.0909091	
0.000198926	0.862343	0.096479	0.0220808	0.0111398	0.00238711	0.000198926	0.00238711	0.000198926	0.000198926	0.00238711	
0.00041511	0.224159	0.589456	0.128269	0.0232462	0.01868	0.00954753	0.00041511	0.00041511	0.00041511	0.00498132	
0.00066357	0.0517585	0.270737	0.467817	0.124751	0.0590577	0.00796284	0.00066357	0.00796284	0.00066357	0.00796284	
0.00109529	0.0372399	0.0251917	0.3023	0.374589	0.109529	0.0854326	0.0131435	0.0251917	0.0251917	0.00109529	
0.0016835	0.0016835	0.020202	0.0572391	0.279461	0.335017	0.16835	0.0572391	0.0572391	0.020202	0.0016835	
0.00174825	0.020979	0.020979	0.0402098	0.117133	0.155594	0.309441	0.213287	0.0594406	0.020979	0.0402098	
0.00252525	0.030303	0.0580808	0.030303	0.0580808	0.030303	0.280303	0.280303	0.113636	0.113636	0.00252525	
0.00174825	0.020979	0.00174825	0.00174825	0.020979	0.0402098	0.0786713	0.117133	0.54021	0.136364	0.0402098	
0.00171527	0.00171527	0.0205832	0.058319	0.0205832	0.0205832	0.00171527	0.058319	0.133791	0.435678	0.246998	
0.00162338	0.00162338	0.0194805	0.00162338	0.00162338	0.0194805	0.0194805	0.00162338	0.0551948	0.251623	0.626623	


Matrix B :

0.0909091	0.0909091	0.0909091	0.0909091	0.0909091	0.0909091	0.0909091	0.0909091	0.0909091	0.0909091	0.0909091	
0.000188608	0.537533	0.309317	0.122595	0.0292343	0.000188608	0.000188608	0.000188608	0.000188608	0.000188608	0.000188608	
0.00039185	0.215909	0.530564	0.202978	0.039185	0.00039185	0.00901254	0.00039185	0.00039185	0.00039185	0.00039185	
0.000626959	0.104075	0.455799	0.345455	0.0695925	0.0213166	0.000626959	0.000626959	0.000626959	0.000626959	0.000626959	
0.00104493	0.115987	0.357367	0.253918	0.173459	0.0700104	0.0240334	0.00104493	0.00104493	0.00104493	0.00104493	
0.00165289	0.147107	0.183471	0.365289	0.092562	0.0561983	0.0561983	0.0561983	0.0380165	0.00165289	0.00165289	
0.00171527	0.077187	0.303602	0.303602	0.077187	0.077187	0.0394511	0.0394511	0.0205832	0.058319	0.00171527	
0.00239234	0.0550239	0.26555	0.344498	0.160287	0.0813397	0.0550239	0.00239234	0.0287081	0.00239234	0.00239234	
0.0016835	0.0572391	0.131313	0.260943	0.149832	0.316498	0.0387205	0.020202	0.020202	0.0016835	0.0016835	
0.00162338	0.0551948	0.126623	0.233766	0.162338	0.0730519	0.0730519	0.144481	0.0909091	0.0194805	0.0194805	
0.0015949	0.0366826	0.194577	0.124402	0.0893142	0.194577	0.177033	0.0191388	0.0717703	0.0191388	0.0717703	


Vector Pi :

0.00149031	0.411326	0.214605	0.132638	0.0506706	0.0178838	0.0342772	0.0342772	0.0342772	0.0506706	0.0178838	


Vector Phi :

0.00082914	0.381787	0.183002	0.114767	0.0702717	0.044868	0.041991	0.0295183	0.0429337	0.0437827	0.0462494	
