
Parameters: 11 states AND 11 symbols

Matrix A :

0.0909091	0.0909091	0.0909091	0.0909091	0.0909091	0.0909091	0.0909091	0.0909091	0.0909091	0.0909091	0.0909091	
0.000171204	0.629173	0.29019	0.0660846	0.0114706	0.000171204	0.00205444	0.000171204	0.000171204	0.000171204	0.000171204	
0.000228415	0.397213	0.397213	0.166058	0.0303792	0.0077661	0.000228415	0.000228415	0.000228415	0.000228415	0.000228415	
0.000554324	0.189579	0.390798	0.232262	0.152993	0.018847	0.0127494	0.000554324	0.000554324	0.000554324	0.000554324	
0.001443	0.0649351	0.271284	0.239538	0.160173	0.176046	0.0808081	0.001443	0.001443	0.001443	0.001443	
0.00324675	0.11039	0.11039	0.253247	0.217532	0.146104	0.146104	0.00324675	0.00324675	0.00324675	0.00324675	
0.00568182	0.00568182	0.00568182	0.130682	0.193182	0.380682	0.130682	0.0681818	0.0681818	0.00568182	0.00568182	
0.0454545	0.0454545	0.0454545	0.0454545	0.0454545	0.0454545	0.545455	0.0454545	0.0454545	0.0454545	0.0454545	
0.0454545	0.0454545	0.0454545	0.0454545	0.0454545	0.0454545	0.0454545	0.0454545	0.0454545	0.0454545	0.545455	
0.0454545	0.0454545	0.545455	0.0454545	0.0454545	0.0454545	0.0454545	0.0454545	0.0454545	0.0454545	0.0454545	
0.0454545	0.0454545	0.0454545	0.0454545	0.0454545	0.0454545	0.0454545	0.0454545	0.0454545	0.545455	0.0454545	


Matrix B :

0.0909091	0.0909091	0.0909091	0.0909091	0.0909091	0.0909091	0.0909091	0.0909091	0.0909091	0.0909091	0.0909091	
0.000162338	0.639448	0.257305	0.0894481	0.0108766	0.00194805	0.000162338	0.000162338	0.000162338	0.000162338	0.000162338	
0.000219058	0.344797	0.45805	0.147207	0.0363636	0.00744797	0.0026287	0.0026287	0.000219058	0.000219058	0.000219058	
0.000522466	0.0637409	0.603971	0.259143	0.0579937	0.0120167	0.000522466	0.000522466	0.000522466	0.000522466	0.000522466	
0.00137741	0.00137741	0.410468	0.349862	0.168044	0.046832	0.0165289	0.00137741	0.00137741	0.00137741	0.00137741	
0.00324675	0.00324675	0.11039	0.503247	0.288961	0.0746753	0.00324675	0.00324675	0.00324675	0.00324675	0.00324675	
0.00534759	0.00534759	0.0641711	0.299465	0.358289	0.181818	0.00534759	0.00534759	0.0641711	0.00534759	0.00534759	
0.0454545	0.0454545	0.0454545	0.0454545	0.0454545	0.545455	0.0454545	0.0454545	0.0454545	0.0454545	0.0454545	
0.0454545	0.0454545	0.0454545	0.0454545	0.0454545	0.0454545	0.0454545	0.0454545	0.0454545	0.0454545	0.545455	
0.0454545	0.0454545	0.0454545	0.0454545	0.0454545	0.0454545	0.0454545	0.0454545	0.545455	0.0454545	0.0454545	
0.0454545	0.0454545	0.0454545	0.0454545	0.0454545	0.0454545	0.0454545	0.0454545	0.0454545	0.0454545	0.545455	


Vector Pi :

0.00149031	0.4769	0.280179	0.165425	0.0506706	0.00149031	0.0178838	0.00149031	0.00149031	0.00149031	0.00149031	


Vector Phi :

0.00082713	0.439206	0.329198	0.135649	0.0521092	0.0231596	0.0132341	0.00165426	0.00165426	0.00165426	0.00165426	
