
Parameters: 11 states AND 11 symbols

Matrix A :

0.0909091	0.0909091	0.0909091	0.0909091	0.0909091	0.0909091	0.0909091	0.0909091	0.0909091	0.0909091	0.0909091	
0.000109529	0.935049	0.0579409	0.00492881	0.00131435	0.000109529	0.000109529	0.000109529	0.000109529	0.000109529	0.000109529	
0.000473485	0.26089	0.620265	0.10464	0.00568182	0.00568182	0.000473485	0.000473485	0.000473485	0.000473485	0.000473485	
0.001443	0.033189	0.318903	0.350649	0.255411	0.033189	0.001443	0.001443	0.001443	0.001443	0.001443	
0.00181818	0.0218182	0.0818182	0.301818	0.381818	0.121818	0.0618182	0.0218182	0.00181818	0.00181818	0.00181818	
0.00395257	0.00395257	0.00395257	0.0474308	0.3083	0.351779	0.177866	0.0909091	0.00395257	0.00395257	0.00395257	
0.00454545	0.00454545	0.00454545	0.00454545	0.104545	0.254545	0.454545	0.0545455	0.00454545	0.104545	0.00454545	
0.00699301	0.00699301	0.00699301	0.00699301	0.237762	0.00699301	0.237762	0.391608	0.0839161	0.00699301	0.00699301	
0.0227273	0.0227273	0.0227273	0.0227273	0.0227273	0.0227273	0.0227273	0.272727	0.272727	0.0227273	0.272727	
0.030303	0.030303	0.030303	0.030303	0.030303	0.030303	0.030303	0.030303	0.363636	0.030303	0.363636	
0.0151515	0.0151515	0.0151515	0.0151515	0.0151515	0.0151515	0.0151515	0.348485	0.0151515	0.0151515	0.515152	


Matrix B :

0.0909091	0.0909091	0.0909091	0.0909091	0.0909091	0.0909091	0.0909091	0.0909091	0.0909091	0.0909091	0.0909091	
0.000104373	0.205615	0.361758	0.258428	0.0908047	0.050621	0.0161779	0.0127335	0.00354869	0.000104373	0.000104373	
0.000452284	0.000452284	0.264134	0.289009	0.209408	0.169607	0.030303	0.0253279	0.000452284	0.00542741	0.00542741	
0.00131752	0.00131752	0.218709	0.291173	0.189723	0.11726	0.0737813	0.0592885	0.030303	0.00131752	0.0158103	
0.00174825	0.00174825	0.0979021	0.328671	0.309441	0.136364	0.0594406	0.0402098	0.00174825	0.020979	0.00174825	
0.00395257	0.00395257	0.0474308	0.177866	0.221344	0.3083	0.134387	0.00395257	0.00395257	0.0474308	0.0474308	
0.004329	0.004329	0.004329	0.0995671	0.670996	0.004329	0.004329	0.004329	0.0995671	0.0519481	0.0519481	
0.00699301	0.00699301	0.00699301	0.00699301	0.00699301	0.622378	0.0839161	0.0839161	0.160839	0.00699301	0.00699301	
0.0227273	0.0227273	0.0227273	0.0227273	0.272727	0.272727	0.0227273	0.0227273	0.272727	0.0227273	0.0227273	
0.030303	0.030303	0.030303	0.363636	0.030303	0.030303	0.030303	0.030303	0.363636	0.030303	0.030303	
0.012987	0.012987	0.012987	0.012987	0.012987	0.012987	0.155844	0.441558	0.298701	0.012987	0.012987	


Vector Pi :

0.00149031	0.673621	0.149031	0.099851	0.0342772	0.00149031	0.0178838	0.00149031	0.00149031	0.00149031	0.0178838	


Vector Phi :

0.000830033	0.688771	0.159338	0.0522863	0.0415002	0.0190909	0.0166016	0.0107912	0.00332036	0.00249023	0.00498064	
