
Parameters: 11 states AND 11 symbols

Matrix A :

0.090909	0.090909	0.090909	0.090909	0.090909	0.090909	0.090909	0.090909	0.090909	0.090909	0.090909	
0.000320	0.789052	0.141165	0.032010	0.010883	0.010883	0.000320	0.003841	0.000320	0.007362	0.003841	
0.000705	0.310782	0.465821	0.147992	0.054968	0.008457	0.000705	0.000705	0.000705	0.000705	0.008457	
0.001443	0.160173	0.271284	0.303030	0.128427	0.064935	0.017316	0.001443	0.017316	0.017316	0.017316	
0.002755	0.154270	0.154270	0.214876	0.214876	0.093664	0.123967	0.033058	0.002755	0.002755	0.002755	
0.003497	0.041958	0.080420	0.272727	0.195804	0.157343	0.041958	0.157343	0.003497	0.041958	0.003497	
0.006061	0.006061	0.072727	0.006061	0.139394	0.339394	0.139394	0.272727	0.006061	0.006061	0.006061	
0.005682	0.005682	0.005682	0.005682	0.005682	0.255682	0.318182	0.318182	0.005682	0.005682	0.068182	
0.010101	0.121212	0.232323	0.121212	0.010101	0.010101	0.010101	0.121212	0.232323	0.121212	0.010101	
0.008264	0.008264	0.008264	0.008264	0.008264	0.008264	0.099174	0.008264	0.190083	0.280992	0.371901	
0.005051	0.060606	0.060606	0.005051	0.005051	0.060606	0.005051	0.005051	0.171717	0.116162	0.505051	


Matrix B :

0.090909	0.090909	0.090909	0.090909	0.090909	0.090909	0.090909	0.090909	0.090909	0.090909	0.090909	
0.000306	0.542394	0.262932	0.101316	0.040710	0.033976	0.003673	0.003673	0.003673	0.003673	0.003673	
0.000689	0.387052	0.432507	0.106749	0.038567	0.015840	0.000689	0.008264	0.008264	0.000689	0.000689	
0.001337	0.427807	0.427807	0.118984	0.016043	0.001337	0.001337	0.001337	0.001337	0.001337	0.001337	
0.002525	0.252525	0.613636	0.113636	0.002525	0.002525	0.002525	0.002525	0.002525	0.002525	0.002525	
0.003135	0.382445	0.416928	0.106583	0.072100	0.003135	0.003135	0.003135	0.003135	0.003135	0.003135	
0.006061	0.006061	0.806061	0.139394	0.006061	0.006061	0.006061	0.006061	0.006061	0.006061	0.006061	
0.005051	0.005051	0.282828	0.560606	0.060606	0.005051	0.060606	0.005051	0.005051	0.005051	0.005051	
0.010101	0.343434	0.454545	0.010101	0.121212	0.010101	0.010101	0.010101	0.010101	0.010101	0.010101	
0.007576	0.007576	0.257576	0.590909	0.090909	0.007576	0.007576	0.007576	0.007576	0.007576	0.007576	
0.005051	0.116162	0.282828	0.060606	0.116162	0.116162	0.116162	0.005051	0.060606	0.005051	0.116162	


Vector Pi :

0.002933	0.454545	0.099707	0.164223	0.099707	0.099707	0.002933	0.035191	0.002933	0.035191	0.002933	


Vector Phi :

0.001698	0.461671	0.212226	0.104510	0.055154	0.044663	0.026280	0.029898	0.015126	0.018400	0.030374	
