
Parameters: 11 states AND 11 symbols

Matrix A :

0.090909	0.090909	0.090909	0.090909	0.090909	0.090909	0.090909	0.090909	0.090909	0.090909	0.090909	
0.000285	0.909376	0.072385	0.003420	0.003420	0.000285	0.003420	0.000285	0.003420	0.003420	0.000285	
0.000957	0.232536	0.516746	0.158852	0.053589	0.000957	0.000957	0.022010	0.011483	0.000957	0.000957	
0.001818	0.081818	0.281818	0.361818	0.141818	0.021818	0.021818	0.021818	0.061818	0.001818	0.001818	
0.002165	0.002165	0.097403	0.192641	0.406926	0.145022	0.097403	0.049784	0.002165	0.002165	0.002165	
0.005682	0.068182	0.068182	0.068182	0.318182	0.255682	0.130682	0.068182	0.005682	0.005682	0.005682	
0.004545	0.004545	0.004545	0.204545	0.204545	0.054545	0.204545	0.204545	0.104545	0.004545	0.004545	
0.004545	0.004545	0.054545	0.004545	0.104545	0.054545	0.254545	0.254545	0.104545	0.104545	0.054545	
0.005682	0.068182	0.068182	0.005682	0.005682	0.005682	0.130682	0.130682	0.380682	0.130682	0.068182	
0.006494	0.006494	0.006494	0.077922	0.006494	0.149351	0.006494	0.149351	0.006494	0.435065	0.149351	
0.007576	0.007576	0.090909	0.090909	0.007576	0.007576	0.007576	0.007576	0.007576	0.174242	0.590909	


Matrix B :

0.090909	0.090909	0.090909	0.090909	0.090909	0.090909	0.090909	0.090909	0.090909	0.090909	0.090909	
0.000273	0.390663	0.312585	0.123396	0.105378	0.036309	0.012285	0.006279	0.000273	0.003276	0.009282	
0.000918	0.162534	0.364555	0.263545	0.112029	0.031221	0.041322	0.000918	0.011019	0.000918	0.011019	
0.001684	0.094276	0.409091	0.260943	0.186869	0.020202	0.020202	0.001684	0.001684	0.001684	0.001684	
0.002020	0.046465	0.468687	0.179798	0.179798	0.046465	0.024242	0.002020	0.024242	0.024242	0.002020	
0.005348	0.122995	0.181818	0.122995	0.358289	0.122995	0.005348	0.064171	0.005348	0.005348	0.005348	
0.004132	0.004132	0.276860	0.231405	0.185950	0.185950	0.049587	0.004132	0.049587	0.004132	0.004132	
0.004329	0.051948	0.290043	0.194805	0.194805	0.099567	0.147186	0.004329	0.004329	0.004329	0.004329	
0.005682	0.005682	0.255682	0.255682	0.318182	0.068182	0.068182	0.005682	0.005682	0.005682	0.005682	
0.006494	0.149351	0.220779	0.149351	0.077922	0.292208	0.077922	0.006494	0.006494	0.006494	0.006494	
0.006993	0.006993	0.391608	0.314685	0.006993	0.006993	0.083916	0.160839	0.006993	0.006993	0.006993	


Vector Pi :

0.002933	0.454545	0.131965	0.131965	0.099707	0.035191	0.067449	0.035191	0.002933	0.002933	0.035191	


Vector Phi :

0.001653	0.527273	0.157025	0.082645	0.069422	0.026446	0.033058	0.033058	0.026446	0.023141	0.019835	
