
Parameters: 11 states AND 11 symbols

Matrix A :

0.045455	0.045455	0.045455	0.045455	0.045455	0.045455	0.045455	0.045455	0.045455	0.045455	0.545455	
0.000302	0.847478	0.066747	0.036847	0.016913	0.016913	0.006947	0.000302	0.000302	0.000302	0.006947	
0.014354	0.330144	0.435407	0.080144	0.053828	0.040670	0.027512	0.014354	0.001196	0.001196	0.001196	
0.001976	0.154150	0.284585	0.262846	0.132411	0.067194	0.045455	0.045455	0.001976	0.001976	0.001976	
0.002597	0.231169	0.088312	0.202597	0.174026	0.088312	0.088312	0.116883	0.002597	0.002597	0.002597	
0.002933	0.035191	0.164223	0.164223	0.228739	0.035191	0.228739	0.099707	0.002933	0.002933	0.035191	
0.002933	0.035191	0.002933	0.067449	0.131965	0.228739	0.228739	0.164223	0.035191	0.002933	0.099707	
0.002457	0.002457	0.002457	0.029484	0.056511	0.137592	0.164619	0.380835	0.056511	0.110565	0.056511	
0.010101	0.010101	0.121212	0.010101	0.010101	0.121212	0.010101	0.343434	0.343434	0.010101	0.010101	
0.007576	0.090909	0.007576	0.007576	0.007576	0.174242	0.090909	0.090909	0.007576	0.340909	0.174242	
0.003636	0.083636	0.003636	0.043636	0.003636	0.003636	0.003636	0.123636	0.083636	0.123636	0.523636	


Matrix B :

0.045455	0.045455	0.045455	0.045455	0.545455	0.045455	0.045455	0.045455	0.045455	0.045455	0.045455	
0.000284	0.215909	0.284659	0.234659	0.147159	0.056534	0.012784	0.028409	0.006534	0.009659	0.003409	
0.001122	0.186308	0.248036	0.186308	0.173962	0.099888	0.038159	0.025814	0.038159	0.001122	0.001122	
0.001894	0.064394	0.564394	0.085227	0.064394	0.085227	0.001894	0.106061	0.022727	0.001894	0.001894	
0.002525	0.058081	0.530303	0.169192	0.058081	0.085859	0.030303	0.030303	0.030303	0.002525	0.002525	
0.002933	0.067449	0.422287	0.164223	0.164223	0.131965	0.002933	0.002933	0.002933	0.035191	0.002933	
0.002841	0.002841	0.346591	0.409091	0.034091	0.034091	0.065341	0.034091	0.034091	0.002841	0.034091	
0.002392	0.002392	0.133971	0.239234	0.239234	0.028708	0.133971	0.028708	0.081340	0.028708	0.081340	
0.009091	0.009091	0.209091	0.209091	0.009091	0.109091	0.109091	0.009091	0.009091	0.109091	0.209091	
0.007576	0.007576	0.257576	0.257576	0.174242	0.007576	0.007576	0.007576	0.090909	0.174242	0.007576	
0.003636	0.003636	0.203636	0.283636	0.083636	0.083636	0.123636	0.123636	0.083636	0.003636	0.003636	


Vector Pi :

0.002933	0.615836	0.164223	0.067449	0.035191	0.002933	0.035191	0.035191	0.035191	0.002933	0.002933	


Vector Phi :

0.003306	0.497521	0.125620	0.076033	0.057851	0.051240	0.051240	0.061157	0.014876	0.019835	0.041322	
