
Parameters: 11 states AND 11 symbols

Matrix A :

0.0909091	0.0909091	0.0909091	0.0909091	0.0909091	0.0909091	0.0909091	0.0909091	0.0909091	0.0909091	0.0909091	
0.000256082	0.476312	0.262228	0.141101	0.059411	0.0481434	0.00870679	0.00307298	0.000256082	0.000256082	0.000256082	
0.000311333	0.305106	0.322229	0.21264	0.0893524	0.0345579	0.0174346	0.01401	0.00373599	0.000311333	0.000311333	
0.000378788	0.242045	0.250379	0.258712	0.133712	0.0628788	0.0295455	0.0128788	0.00871212	0.000378788	0.000378788	
0.000745156	0.140089	0.197466	0.312221	0.0991058	0.115499	0.0663189	0.0663189	0.000745156	0.000745156	0.000745156	
0.000967118	0.128627	0.139265	0.149903	0.17118	0.203095	0.128627	0.0435203	0.0116054	0.0222437	0.000967118	
0.00174825	0.117133	0.0786713	0.136364	0.155594	0.174825	0.155594	0.0979021	0.0786713	0.00174825	0.00174825	
0.00284091	0.0653409	0.0340909	0.190341	0.159091	0.127841	0.159091	0.159091	0.0653409	0.0340909	0.00284091	
0.00606061	0.0727273	0.00606061	0.0727273	0.0727273	0.339394	0.0727273	0.0727273	0.206061	0.00606061	0.0727273	
0.0227273	0.0227273	0.272727	0.0227273	0.0227273	0.0227273	0.272727	0.0227273	0.272727	0.0227273	0.0227273	
0.0454545	0.0454545	0.0454545	0.0454545	0.0454545	0.0454545	0.545455	0.0454545	0.0454545	0.0454545	0.0454545	


Matrix B :

0.0909091	0.0909091	0.0909091	0.0909091	0.0909091	0.0909091	0.0909091	0.0909091	0.0909091	0.0909091	0.0909091	
0.000243072	0.323772	0.353184	0.190083	0.0697618	0.0376762	0.0162859	0.00826446	0.000243072	0.000243072	0.000243072	
0.000301023	0.0632149	0.493679	0.271824	0.10295	0.0466586	0.0135461	0.00692354	0.000301023	0.000301023	0.000301023	
0.000356506	0.000356506	0.204278	0.388592	0.286631	0.0631016	0.0356506	0.0121212	0.000356506	0.00819964	0.000356506	
0.00071582	0.00071582	0.0322119	0.378669	0.307802	0.221188	0.0558339	0.00071582	0.00071582	0.00071582	0.00071582	
0.000927644	0.000927644	0.0111317	0.113173	0.347866	0.205009	0.194805	0.0927644	0.0111317	0.0111317	0.0111317	
0.00165289	0.00165289	0.00165289	0.0198347	0.27438	0.183471	0.110744	0.27438	0.0743802	0.0380165	0.0198347	
0.0025974	0.0025974	0.0025974	0.0025974	0.345455	0.231169	0.116883	0.0311688	0.145455	0.0597403	0.0597403	
0.00568182	0.00568182	0.00568182	0.00568182	0.00568182	0.443182	0.318182	0.00568182	0.130682	0.00568182	0.0681818	
0.0227273	0.0227273	0.0227273	0.0227273	0.0227273	0.0227273	0.272727	0.522727	0.0227273	0.0227273	0.0227273	
0.0454545	0.0454545	0.0454545	0.0454545	0.0454545	0.545455	0.0454545	0.0454545	0.0454545	0.0454545	0.0454545	


Vector Pi :

0.00149031	0.312966	0.181818	0.230999	0.0834575	0.0670641	0.0506706	0.0506706	0.0178838	0.00149031	0.00149031	


Vector Phi :

0.000827454	0.293535	0.240613	0.199384	0.100957	0.0777914	0.0430348	0.0264756	0.0124164	0.00330995	0.00165522	
