
Parameters: 11 states AND 11 symbols

Matrix A :

0.0909091	0.0909091	0.0909091	0.0909091	0.0909091	0.0909091	0.0909091	0.0909091	0.0909091	0.0909091	0.0909091	
0.000151515	0.670152	0.268485	0.0551515	0.00515152	0.000151515	0.000151515	0.000151515	0.000151515	0.000151515	0.000151515	
0.000268168	0.472245	0.301153	0.183159	0.0356664	0.00616787	0.000268168	0.000268168	0.000268168	0.000268168	0.000268168	
0.000531632	0.20521	0.339713	0.316321	0.111643	0.0122275	0.00637959	0.000531632	0.00637959	0.000531632	0.000531632	
0.00171527	0.058319	0.209262	0.32247	0.190395	0.133791	0.0205832	0.0394511	0.00171527	0.00171527	0.0205832	
0.00454545	0.00454545	0.154545	0.154545	0.254545	0.304545	0.00454545	0.0545455	0.00454545	0.0545455	0.00454545	
0.0151515	0.0151515	0.181818	0.0151515	0.181818	0.348485	0.0151515	0.181818	0.0151515	0.0151515	0.0151515	
0.0151515	0.0151515	0.181818	0.0151515	0.0151515	0.0151515	0.515152	0.181818	0.0151515	0.0151515	0.0151515	
0.0227273	0.0227273	0.0227273	0.272727	0.272727	0.0227273	0.0227273	0.0227273	0.0227273	0.0227273	0.272727	
0.0181818	0.0181818	0.0181818	0.0181818	0.218182	0.0181818	0.0181818	0.0181818	0.218182	0.218182	0.218182	
0.0227273	0.0227273	0.0227273	0.0227273	0.0227273	0.0227273	0.0227273	0.0227273	0.272727	0.522727	0.0227273	


Matrix B :

0.0909091	0.0909091	0.0909091	0.0909091	0.0909091	0.0909091	0.0909091	0.0909091	0.0909091	0.0909091	0.0909091	
0.000143843	0.384638	0.370397	0.17103	0.0428654	0.023878	0.00489068	0.000143843	0.00172612	0.000143843	0.000143843	
0.000256082	0.0143406	0.445327	0.380538	0.107298	0.0425096	0.00588988	0.00307298	0.000256082	0.000256082	0.000256082	
0.00050226	0.00050226	0.050226	0.464591	0.337519	0.116524	0.0226017	0.00050226	0.00050226	0.00602712	0.00050226	
0.00165289	0.00165289	0.00165289	0.147107	0.383471	0.238017	0.183471	0.0198347	0.00165289	0.0198347	0.00165289	
0.00454545	0.00454545	0.00454545	0.154545	0.204545	0.454545	0.104545	0.0545455	0.00454545	0.00454545	0.00454545	
0.0151515	0.0151515	0.0151515	0.0151515	0.181818	0.0151515	0.681818	0.0151515	0.0151515	0.0151515	0.0151515	
0.0151515	0.0151515	0.0151515	0.0151515	0.0151515	0.348485	0.348485	0.181818	0.0151515	0.0151515	0.0151515	
0.0227273	0.0227273	0.0227273	0.0227273	0.0227273	0.0227273	0.0227273	0.0227273	0.772727	0.0227273	0.0227273	
0.0181818	0.0181818	0.0181818	0.0181818	0.0181818	0.0181818	0.0181818	0.0181818	0.218182	0.418182	0.218182	
0.0227273	0.0227273	0.0227273	0.0227273	0.0227273	0.0227273	0.0227273	0.0227273	0.0227273	0.272727	0.522727	


Vector Pi :

0.00149031	0.509687	0.280179	0.165425	0.0342772	0.00149031	0.00149031	0.00149031	0.00149031	0.00149031	0.00149031	


Vector Phi :

0.000826118	0.497437	0.279542	0.141262	0.0437694	0.0165147	0.00495575	0.00495539	0.00330416	0.00412979	0.00330395	
