
Parameters: 11 states AND 11 symbols

Matrix A :

0.0909091	0.0909091	0.0909091	0.0909091	0.0909091	0.0909091	0.0909091	0.0909091	0.0909091	0.0909091	0.0909091	
0.000112511	0.945657	0.0533303	0.000112511	0.000112511	0.000112511	0.000112511	0.000112511	0.000112511	0.000112511	0.000112511	
0.000380373	0.176113	0.753518	0.0631419	0.00456447	0.000380373	0.000380373	0.000380373	0.000380373	0.000380373	0.000380373	
0.0011655	0.0011655	0.206294	0.667832	0.11655	0.0011655	0.0011655	0.0011655	0.0011655	0.0011655	0.0011655	
0.002457	0.002457	0.002457	0.272727	0.542998	0.164619	0.002457	0.002457	0.002457	0.002457	0.002457	
0.00505051	0.00505051	0.00505051	0.00505051	0.338384	0.560606	0.0606061	0.00505051	0.00505051	0.00505051	0.00505051	
0.030303	0.030303	0.030303	0.030303	0.030303	0.363636	0.030303	0.363636	0.030303	0.030303	0.030303	
0.030303	0.030303	0.030303	0.030303	0.030303	0.030303	0.363636	0.030303	0.363636	0.030303	0.030303	
0.030303	0.030303	0.030303	0.030303	0.030303	0.030303	0.030303	0.363636	0.030303	0.363636	0.030303	
0.0227273	0.0227273	0.0227273	0.0227273	0.0227273	0.0227273	0.0227273	0.0227273	0.0227273	0.522727	0.272727	
0.0151515	0.0151515	0.0151515	0.0151515	0.0151515	0.0151515	0.0151515	0.0151515	0.181818	0.0151515	0.681818	


Matrix B :

0.0909091	0.0909091	0.0909091	0.0909091	0.0909091	0.0909091	0.0909091	0.0909091	0.0909091	0.0909091	0.0909091	
0.000107585	0.119634	0.264013	0.241528	0.196557	0.0829478	0.0498117	0.0261431	0.0166756	0.00247445	0.000107585	
0.00035791	0.00035791	0.00429492	0.118468	0.307445	0.32713	0.118468	0.035791	0.051539	0.0200429	0.0161059	
0.00110865	0.00110865	0.00110865	0.00110865	0.17184	0.220621	0.184035	0.208426	0.12306	0.0864745	0.00110865	
0.00227273	0.00227273	0.00227273	0.00227273	0.0522727	0.277273	0.202273	0.202273	0.127273	0.0522727	0.0772727	
0.00505051	0.00505051	0.00505051	0.00505051	0.00505051	0.00505051	0.171717	0.505051	0.227273	0.0606061	0.00505051	
0.030303	0.030303	0.030303	0.030303	0.030303	0.030303	0.69697	0.030303	0.030303	0.030303	0.030303	
0.030303	0.030303	0.030303	0.030303	0.030303	0.030303	0.69697	0.030303	0.030303	0.030303	0.030303	
0.0227273	0.0227273	0.0227273	0.0227273	0.0227273	0.0227273	0.772727	0.0227273	0.0227273	0.0227273	0.0227273	
0.0227273	0.0227273	0.0227273	0.0227273	0.0227273	0.0227273	0.0227273	0.522727	0.272727	0.0227273	0.0227273	
0.0151515	0.0151515	0.0151515	0.0151515	0.0151515	0.348485	0.181818	0.348485	0.0151515	0.0151515	0.0151515	


Vector Pi :

0.00149031	0.624441	0.230999	0.0670641	0.0506706	0.00149031	0.00149031	0.00149031	0.0178838	0.00149031	0.00149031	


Vector Phi :

0.000843759	0.668155	0.202345	0.0660466	0.0313279	0.0152358	0.00253502	0.0025335	0.00253317	0.00337738	0.00506725	
