
Parameters: 11 states AND 11 symbols

Matrix A :

0.0909091	0.0909091	0.0909091	0.0909091	0.0909091	0.0909091	0.0909091	0.0909091	0.0909091	0.0909091	0.0909091	
0.000187056	0.568088	0.280022	0.119529	0.0145903	0.0104751	0.0063599	0.000187056	0.000187056	0.000187056	0.000187056	
0.000284981	0.432887	0.307495	0.166429	0.0598461	0.0284981	0.00341978	0.000284981	0.000284981	0.000284981	0.000284981	
0.000452284	0.239258	0.289009	0.244233	0.134781	0.0651289	0.0203528	0.00542741	0.000452284	0.000452284	0.000452284	
0.00102145	0.180797	0.158325	0.236977	0.225741	0.135853	0.0347293	0.0234934	0.00102145	0.00102145	0.00102145	
0.0015674	0.122257	0.208464	0.15674	0.139498	0.191223	0.0877743	0.0532915	0.0360502	0.0015674	0.0015674	
0.0034965	0.0034965	0.041958	0.157343	0.195804	0.157343	0.195804	0.157343	0.0804196	0.0034965	0.0034965	
0.00606061	0.00606061	0.00606061	0.339394	0.0727273	0.206061	0.0727273	0.139394	0.0727273	0.0727273	0.00606061	
0.0113636	0.0113636	0.0113636	0.136364	0.136364	0.0113636	0.261364	0.136364	0.136364	0.136364	0.0113636	
0.0227273	0.0227273	0.0227273	0.0227273	0.0227273	0.0227273	0.272727	0.0227273	0.0227273	0.272727	0.272727	
0.0454545	0.0454545	0.0454545	0.0454545	0.0454545	0.0454545	0.0454545	0.0454545	0.545455	0.0454545	0.0454545	


Matrix B :

0.0909091	0.0909091	0.0909091	0.0909091	0.0909091	0.0909091	0.0909091	0.0909091	0.0909091	0.0909091	0.0909091	
0.000177557	0.433771	0.295099	0.13299	0.0607244	0.0431463	0.0177557	0.00799006	0.00408381	0.00213068	0.00213068	
0.000272183	0.290691	0.374524	0.191889	0.0541644	0.0451824	0.0152422	0.00925422	0.00925422	0.00925422	0.000272183	
0.000426803	0.023901	0.549723	0.235169	0.080239	0.0567648	0.00981647	0.0145113	0.0285958	0.000426803	0.000426803	
0.000999001	0.000999001	0.484515	0.308691	0.0999001	0.0669331	0.011988	0.011988	0.011988	0.000999001	0.000999001	
0.00154083	0.00154083	0.22188	0.42527	0.187982	0.0862866	0.0523883	0.01849	0.00154083	0.00154083	0.00154083	
0.00324675	0.00324675	0.0746753	0.538961	0.11039	0.11039	0.0746753	0.038961	0.038961	0.00324675	0.00324675	
0.00534759	0.00534759	0.00534759	0.475936	0.299465	0.122995	0.0641711	0.00534759	0.00534759	0.00534759	0.00534759	
0.0113636	0.0113636	0.0113636	0.136364	0.386364	0.0113636	0.386364	0.0113636	0.0113636	0.0113636	0.0113636	
0.0227273	0.0227273	0.0227273	0.0227273	0.772727	0.0227273	0.0227273	0.0227273	0.0227273	0.0227273	0.0227273	
0.0454545	0.0454545	0.0454545	0.0454545	0.0454545	0.545455	0.0454545	0.0454545	0.0454545	0.0454545	0.0454545	


Vector Pi :

0.00149031	0.42772	0.230999	0.198212	0.0342772	0.0178838	0.0342772	0.0506706	0.00149031	0.00149031	0.00149031	


Vector Phi :

0.000810691	0.403016	0.265203	0.16603	0.0734455	0.0476602	0.0212696	0.0113439	0.00645428	0.00316498	0.00160194	
