
Parameters: 11 states AND 11 symbols

Matrix A :

0.0909091	0.0909091	0.0909091	0.0909091	0.0909091	0.0909091	0.0909091	0.0909091	0.0909091	0.0909091	0.0909091	
0.000261986	0.720723	0.242337	0.0319623	0.000261986	0.00314383	0.000261986	0.000261986	0.000261986	0.000261986	0.000261986	
0.000321234	0.28654	0.466752	0.219403	0.0215226	0.0038548	0.000321234	0.000321234	0.000321234	0.000321234	0.000321234	
0.000430849	0.0620422	0.256355	0.389056	0.251616	0.0241275	0.0146489	0.000430849	0.000430849	0.000430849	0.000430849	
0.000618429	0.00742115	0.0754484	0.313544	0.367965	0.184292	0.0482375	0.000618429	0.000618429	0.000618429	0.000618429	
0.000977517	0.000977517	0.0224829	0.0977517	0.312805	0.388074	0.13001	0.0224829	0.0117302	0.0117302	0.000977517	
0.00189394	0.00189394	0.00189394	0.00189394	0.0852273	0.272727	0.335227	0.272727	0.0227273	0.00189394	0.00189394	
0.0021645	0.0021645	0.0021645	0.0021645	0.0021645	0.192641	0.168831	0.502165	0.0735931	0.0497835	0.0021645	
0.00568182	0.00568182	0.00568182	0.00568182	0.00568182	0.0681818	0.130682	0.318182	0.255682	0.130682	0.0681818	
0.00826446	0.00826446	0.00826446	0.00826446	0.00826446	0.00826446	0.00826446	0.00826446	0.46281	0.280992	0.190083	
0.0151515	0.0151515	0.0151515	0.0151515	0.0151515	0.0151515	0.0151515	0.0151515	0.181818	0.348485	0.348485	


Matrix B :

0.0909091	0.0909091	0.0909091	0.0909091	0.0909091	0.0909091	0.0909091	0.0909091	0.0909091	0.0909091	0.0909091	
0.000247036	0.271986	0.383399	0.195899	0.117095	0.0247036	0.00296443	0.00296443	0.000247036	0.000247036	0.000247036	
0.000312402	0.00374883	0.381756	0.36801	0.172134	0.0415495	0.0243674	0.00374883	0.00374883	0.000312402	0.000312402	
0.000413223	0.000413223	0.0140496	0.432231	0.341322	0.11405	0.0595041	0.0322314	0.000413223	0.00495868	0.000413223	
0.000568182	0.000568182	0.000568182	0.0880682	0.494318	0.256818	0.0818182	0.0380682	0.0318182	0.00681818	0.000568182	
0.00094697	0.00094697	0.00094697	0.00094697	0.094697	0.49053	0.282197	0.0842803	0.0426136	0.00094697	0.00094697	
0.00178253	0.00178253	0.00178253	0.00178253	0.0213904	0.158645	0.511586	0.197861	0.0998217	0.00178253	0.00178253	
0.00211416	0.00211416	0.00211416	0.00211416	0.00211416	0.02537	0.211416	0.46723	0.188161	0.0486258	0.0486258	
0.00505051	0.00505051	0.00505051	0.00505051	0.00505051	0.00505051	0.00505051	0.171717	0.616162	0.116162	0.0606061	
0.00826446	0.00826446	0.00826446	0.00826446	0.00826446	0.00826446	0.00826446	0.00826446	0.0991736	0.553719	0.280992	
0.0151515	0.0151515	0.0151515	0.0151515	0.0151515	0.0151515	0.0151515	0.0151515	0.0151515	0.515152	0.348485	


Vector Pi :

0.00149031	0.362146	0.116244	0.149031	0.214605	0.0506706	0.0506706	0.0178838	0.0342772	0.00149031	0.00149031	


Vector Phi :

0.000830949	0.286029	0.235767	0.175498	0.122268	0.077334	0.0399154	0.0349228	0.0133021	0.00914481	0.00498754	
