
Parameters: 11 states AND 11 symbols

Matrix A :

0.0909091	0.0909091	0.0909091	0.0909091	0.0909091	0.0909091	0.0909091	0.0909091	0.0909091	0.0909091	0.0909091	
0.000220119	0.850099	0.138235	0.00990535	0.000220119	0.000220119	0.000220119	0.000220119	0.000220119	0.000220119	0.000220119	
0.00036075	0.226551	0.595599	0.155123	0.020202	0.00036075	0.00036075	0.00036075	0.00036075	0.00036075	0.00036075	
0.000413223	0.018595	0.200413	0.636777	0.136777	0.00495868	0.000413223	0.000413223	0.000413223	0.000413223	0.000413223	
0.000668449	0.000668449	0.00802139	0.235963	0.581551	0.162433	0.00802139	0.000668449	0.000668449	0.000668449	0.000668449	
0.000967118	0.000967118	0.000967118	0.032882	0.192456	0.660542	0.10735	0.000967118	0.000967118	0.000967118	0.000967118	
0.002457	0.002457	0.002457	0.002457	0.029484	0.191646	0.597052	0.164619	0.002457	0.002457	0.002457	
0.00606061	0.00606061	0.00606061	0.0727273	0.0727273	0.0727273	0.206061	0.339394	0.206061	0.00606061	0.00606061	
0.00826446	0.00826446	0.00826446	0.00826446	0.00826446	0.00826446	0.00826446	0.190083	0.46281	0.280992	0.00826446	
0.0113636	0.0113636	0.0113636	0.0113636	0.0113636	0.0113636	0.0113636	0.136364	0.261364	0.261364	0.261364	
0.00699301	0.00699301	0.00699301	0.00699301	0.00699301	0.00699301	0.00699301	0.00699301	0.00699301	0.160839	0.776224	


Matrix B :

0.0909091	0.0909091	0.0909091	0.0909091	0.0909091	0.0909091	0.0909091	0.0909091	0.0909091	0.0909091	0.0909091	
0.00020803	0.267943	0.400666	0.171833	0.100895	0.034533	0.013938	0.00478469	0.00249636	0.00020803	0.00249636	
0.000343053	0.0758148	0.426758	0.181475	0.15506	0.0833619	0.0418525	0.0229846	0.00411664	0.00411664	0.00411664	
0.000400481	0.000400481	0.181017	0.396876	0.189828	0.0885062	0.0841009	0.0488586	0.00480577	0.00480577	0.000400481	
0.000631313	0.000631313	0.0145202	0.403409	0.313131	0.174242	0.0284091	0.0353535	0.00757576	0.00757576	0.0145202	
0.000937207	0.000937207	0.000937207	0.0215558	0.506092	0.279288	0.10403	0.0834114	0.000937207	0.000937207	0.000937207	
0.00221729	0.00221729	0.00221729	0.00221729	0.221729	0.587583	0.148559	0.0266075	0.00221729	0.00221729	0.00221729	
0.00606061	0.00606061	0.00606061	0.00606061	0.00606061	0.272727	0.472727	0.139394	0.0727273	0.00606061	0.00606061	
0.00826446	0.00826446	0.00826446	0.00826446	0.00826446	0.00826446	0.735537	0.190083	0.00826446	0.00826446	0.00826446	
0.010101	0.010101	0.010101	0.010101	0.010101	0.010101	0.121212	0.343434	0.232323	0.232323	0.010101	
0.00699301	0.00699301	0.00699301	0.00699301	0.00699301	0.00699301	0.00699301	0.0839161	0.237762	0.468531	0.160839	


Vector Pi :

0.00149031	0.394933	0.198212	0.116244	0.149031	0.0506706	0.0670641	0.00149031	0.00149031	0.0178838	0.00149031	


Vector Phi :

0.000824033	0.348411	0.212985	0.182463	0.110218	0.0763915	0.0301335	0.0122627	0.00902459	0.00657828	0.0107073	
