
Parameters: 11 states AND 11 symbols

Matrix A :

0.0909091	0.0909091	0.0909091	0.0909091	0.0909091	0.0909091	0.0909091	0.0909091	0.0909091	0.0909091	0.0909091	
0.000252525	0.67803	0.286364	0.0169192	0.0113636	0.00580808	0.000252525	0.000252525	0.000252525	0.000252525	0.000252525	
0.000289519	0.315576	0.423856	0.194557	0.0576144	0.00665895	0.000289519	0.000289519	0.000289519	0.000289519	0.000289519	
0.000452284	0.0800543	0.289009	0.378562	0.204432	0.0402533	0.00542741	0.000452284	0.000452284	0.000452284	0.000452284	
0.000554324	0.00665188	0.0859202	0.305432	0.409091	0.152993	0.0249446	0.00665188	0.00665188	0.000554324	0.000554324	
0.00106952	0.00106952	0.0363636	0.0834225	0.342246	0.342246	0.154011	0.0363636	0.00106952	0.00106952	0.00106952	
0.00284091	0.00284091	0.0340909	0.00284091	0.0965909	0.346591	0.221591	0.221591	0.0340909	0.0340909	0.00284091	
0.004329	0.004329	0.004329	0.004329	0.0519481	0.290043	0.147186	0.242424	0.147186	0.0995671	0.004329	
0.00826446	0.00826446	0.00826446	0.00826446	0.00826446	0.0991736	0.280992	0.280992	0.0991736	0.00826446	0.190083	
0.0151515	0.0151515	0.0151515	0.0151515	0.0151515	0.0151515	0.0151515	0.0151515	0.348485	0.181818	0.348485	
0.00909091	0.00909091	0.00909091	0.00909091	0.00909091	0.00909091	0.00909091	0.109091	0.209091	0.109091	0.509091	


Matrix B :

0.0909091	0.0909091	0.0909091	0.0909091	0.0909091	0.0909091	0.0909091	0.0909091	0.0909091	0.0909091	0.0909091	
0.000237982	0.288196	0.322228	0.175631	0.141599	0.0604474	0.00809139	0.00285578	0.000237982	0.000237982	0.000237982	
0.00027972	0.0372028	0.452587	0.283357	0.132587	0.0556643	0.027972	0.00951049	0.00027972	0.00027972	0.00027972	
0.0004329	0.0004329	0.119481	0.409957	0.309957	0.109957	0.0290043	0.0194805	0.0004329	0.0004329	0.0004329	
0.000525486	0.000525486	0.0120862	0.24908	0.41093	0.2433	0.0467683	0.0236469	0.0120862	0.000525486	0.000525486	
0.000977517	0.000977517	0.000977517	0.0332356	0.280547	0.355816	0.183773	0.0439883	0.0762463	0.0224829	0.000977517	
0.00275482	0.00275482	0.00275482	0.00275482	0.214876	0.336088	0.275482	0.0633609	0.0936639	0.00275482	0.00275482	
0.004329	0.004329	0.004329	0.004329	0.0519481	0.194805	0.385281	0.0519481	0.242424	0.0519481	0.004329	
0.00826446	0.00826446	0.00826446	0.00826446	0.00826446	0.280992	0.00826446	0.46281	0.00826446	0.190083	0.00826446	
0.0151515	0.0151515	0.0151515	0.0151515	0.0151515	0.0151515	0.181818	0.181818	0.181818	0.0151515	0.348485	
0.00909091	0.00909091	0.00909091	0.00909091	0.00909091	0.00909091	0.109091	0.00909091	0.109091	0.409091	0.309091	


Vector Pi :

0.00149031	0.345753	0.198212	0.149031	0.149031	0.132638	0.0178838	0.00149031	0.00149031	0.00149031	0.00149031	


Vector Phi :

0.000829006	0.30041	0.259738	0.166449	0.135853	0.0704302	0.0265141	0.017401	0.00911541	0.00497228	0.00828756	
