
Parameters: 11 states AND 11 symbols

Matrix A :

0.0909091	0.0909091	0.0909091	0.0909091	0.0909091	0.0909091	0.0909091	0.0909091	0.0909091	0.0909091	0.0909091	
0.000227842	0.864889	0.115516	0.0102529	0.00524037	0.000227842	0.000227842	0.000227842	0.00273411	0.000227842	0.000227842	
0.000372578	0.192996	0.639717	0.143815	0.0085693	0.00447094	0.000372578	0.00447094	0.000372578	0.000372578	0.00447094	
0.000534759	0.0181818	0.200535	0.606417	0.124064	0.0299465	0.00641711	0.000534759	0.000534759	0.00641711	0.00641711	
0.000956938	0.0220096	0.0535885	0.243062	0.464115	0.179904	0.0220096	0.000956938	0.000956938	0.0114833	0.000956938	
0.00103306	0.00103306	0.0123967	0.0464876	0.239669	0.478306	0.160124	0.0464876	0.0123967	0.00103306	0.00103306	
0.0015674	0.0015674	0.0188088	0.0015674	0.0532915	0.346395	0.398119	0.173981	0.0015674	0.0015674	0.0015674	
0.0016835	0.0016835	0.020202	0.0016835	0.0016835	0.0387205	0.279461	0.427609	0.186869	0.0387205	0.0016835	
0.0020202	0.0020202	0.0020202	0.0020202	0.0020202	0.0020202	0.0020202	0.313131	0.579798	0.0909091	0.0020202	
0.00378788	0.00378788	0.00378788	0.00378788	0.00378788	0.00378788	0.0871212	0.0454545	0.253788	0.462121	0.128788	
0.00413223	0.0495868	0.00413223	0.00413223	0.00413223	0.00413223	0.00413223	0.00413223	0.00413223	0.18595	0.731405	


Matrix B :

0.0909091	0.0909091	0.0909091	0.0909091	0.0909091	0.0909091	0.0909091	0.0909091	0.0909091	0.0909091	0.0909091	
0.000216967	0.236494	0.341506	0.222174	0.131482	0.0407898	0.02647	0.000216967	0.000216967	0.000216967	0.000216967	
0.000355114	0.0276989	0.223011	0.394886	0.191761	0.0862926	0.0667614	0.00816761	0.000355114	0.000355114	0.000355114	
0.000507872	0.0172676	0.0954799	0.246318	0.302184	0.162519	0.0619604	0.0563738	0.0507872	0.00609446	0.000507872	
0.00090009	0.00090009	0.139514	0.169217	0.228623	0.149415	0.149415	0.070207	0.0405041	0.0207021	0.0306031	
0.000988142	0.000988142	0.0444664	0.142292	0.174901	0.20751	0.131423	0.142292	0.0988142	0.055336	0.000988142	
0.00151515	0.00151515	0.00151515	0.268182	0.168182	0.201515	0.0681818	0.201515	0.0515152	0.0348485	0.00151515	
0.0015674	0.0015674	0.0532915	0.139498	0.191223	0.380878	0.0360502	0.105016	0.0705329	0.0188088	0.0015674	
0.00193424	0.00193424	0.065764	0.0444874	0.172147	0.193424	0.172147	0.0870406	0.172147	0.0870406	0.00193424	
0.00378788	0.00378788	0.00378788	0.0454545	0.212121	0.378788	0.212121	0.0871212	0.0454545	0.00378788	0.00378788	
0.00395257	0.00395257	0.00395257	0.0474308	0.0909091	0.395257	0.264822	0.177866	0.00395257	0.00395257	0.00395257	


Vector Pi :

0.00149031	0.329359	0.181818	0.149031	0.116244	0.0670641	0.0342772	0.0670641	0.0342772	0.00149031	0.0178838	


Vector Phi :

0.000827252	0.335662	0.205927	0.141158	0.0769329	0.0720748	0.0476623	0.0445112	0.037157	0.0198271	0.0182613	
