
Parameters: 11 states AND 11 symbols

Matrix A :

0.090909	0.090909	0.090909	0.090909	0.090909	0.090909	0.090909	0.090909	0.090909	0.090909	0.090909	
0.000168	0.959503	0.024198	0.007562	0.002016	0.000168	0.003865	0.000168	0.000168	0.000168	0.002016	
0.002392	0.423445	0.397129	0.055024	0.002392	0.028708	0.028708	0.028708	0.002392	0.002392	0.028708	
0.007576	0.257576	0.424242	0.174242	0.007576	0.090909	0.007576	0.007576	0.007576	0.007576	0.007576	
0.045455	0.045455	0.045455	0.045455	0.045455	0.045455	0.045455	0.545455	0.045455	0.045455	0.045455	
0.030303	0.030303	0.696970	0.030303	0.030303	0.030303	0.030303	0.030303	0.030303	0.030303	0.030303	
0.022727	0.272727	0.022727	0.522727	0.022727	0.022727	0.022727	0.022727	0.022727	0.022727	0.022727	
0.030303	0.363636	0.363636	0.030303	0.030303	0.030303	0.030303	0.030303	0.030303	0.030303	0.030303	
0.090909	0.090909	0.090909	0.090909	0.090909	0.090909	0.090909	0.090909	0.090909	0.090909	0.090909	
0.090909	0.090909	0.090909	0.090909	0.090909	0.090909	0.090909	0.090909	0.090909	0.090909	0.090909	
0.030303	0.363636	0.363636	0.030303	0.030303	0.030303	0.030303	0.030303	0.030303	0.030303	0.030303	


Matrix B :

0.090909	0.090909	0.090909	0.090909	0.090909	0.090909	0.090909	0.090909	0.090909	0.090909	0.090909	
0.000161	0.141503	0.358818	0.281079	0.134436	0.061998	0.010761	0.003694	0.003694	0.003694	0.000161	
0.002273	0.002273	0.102273	0.127273	0.352273	0.177273	0.077273	0.102273	0.027273	0.002273	0.027273	
0.006494	0.006494	0.077922	0.220779	0.149351	0.292208	0.220779	0.006494	0.006494	0.006494	0.006494	
0.045455	0.045455	0.045455	0.045455	0.045455	0.545455	0.045455	0.045455	0.045455	0.045455	0.045455	
0.022727	0.022727	0.022727	0.022727	0.522727	0.022727	0.272727	0.022727	0.022727	0.022727	0.022727	
0.022727	0.272727	0.022727	0.022727	0.022727	0.022727	0.272727	0.272727	0.022727	0.022727	0.022727	
0.030303	0.030303	0.030303	0.030303	0.030303	0.696970	0.030303	0.030303	0.030303	0.030303	0.030303	
0.090909	0.090909	0.090909	0.090909	0.090909	0.090909	0.090909	0.090909	0.090909	0.090909	0.090909	
0.090909	0.090909	0.090909	0.090909	0.090909	0.090909	0.090909	0.090909	0.090909	0.090909	0.090909	
0.030303	0.030303	0.030303	0.030303	0.030303	0.363636	0.363636	0.030303	0.030303	0.030303	0.030303	


Vector Pi :

0.002933	0.777126	0.067449	0.099707	0.002933	0.035191	0.002933	0.002933	0.002933	0.002933	0.002933	


Vector Phi :

0.001589	0.893096	0.060585	0.017547	0.003239	0.004645	0.006485	0.004803	0.001589	0.001589	0.004834	
