
Parameters: 11 states AND 11 symbols

Matrix A :

0.090909	0.090909	0.090909	0.090909	0.090909	0.090909	0.090909	0.090909	0.090909	0.090909	0.090909	
0.000182	0.912006	0.062306	0.016214	0.000182	0.002186	0.000182	0.000182	0.002186	0.000182	0.004190	
0.001399	0.509091	0.278322	0.047552	0.047552	0.032168	0.016783	0.016783	0.001399	0.047552	0.001399	
0.005348	0.299465	0.181818	0.181818	0.064171	0.122995	0.064171	0.064171	0.005348	0.005348	0.005348	
0.015152	0.015152	0.848485	0.015152	0.015152	0.015152	0.015152	0.015152	0.015152	0.015152	0.015152	
0.015152	0.015152	0.348485	0.348485	0.181818	0.015152	0.015152	0.015152	0.015152	0.015152	0.015152	
0.030303	0.363636	0.363636	0.030303	0.030303	0.030303	0.030303	0.030303	0.030303	0.030303	0.030303	
0.030303	0.363636	0.363636	0.030303	0.030303	0.030303	0.030303	0.030303	0.030303	0.030303	0.030303	
0.045455	0.045455	0.545455	0.045455	0.045455	0.045455	0.045455	0.045455	0.045455	0.045455	0.045455	
0.022727	0.522727	0.272727	0.022727	0.022727	0.022727	0.022727	0.022727	0.022727	0.022727	0.022727	
0.030303	0.363636	0.363636	0.030303	0.030303	0.030303	0.030303	0.030303	0.030303	0.030303	0.030303	


Matrix B :

0.090909	0.090909	0.090909	0.090909	0.090909	0.090909	0.090909	0.090909	0.090909	0.090909	0.090909	
0.000174	0.166522	0.290805	0.304189	0.155050	0.057535	0.019294	0.003998	0.002086	0.000174	0.000174	
0.001318	0.015810	0.117260	0.262187	0.262187	0.233202	0.073781	0.015810	0.015810	0.001318	0.001318	
0.005051	0.005051	0.116162	0.171717	0.171717	0.227273	0.171717	0.116162	0.005051	0.005051	0.005051	
0.015152	0.015152	0.181818	0.181818	0.181818	0.015152	0.015152	0.348485	0.015152	0.015152	0.015152	
0.012987	0.012987	0.012987	0.012987	0.584416	0.155844	0.155844	0.012987	0.012987	0.012987	0.012987	
0.030303	0.030303	0.030303	0.696970	0.030303	0.030303	0.030303	0.030303	0.030303	0.030303	0.030303	
0.030303	0.030303	0.030303	0.030303	0.363636	0.030303	0.030303	0.030303	0.030303	0.030303	0.363636	
0.045455	0.045455	0.045455	0.045455	0.545455	0.045455	0.045455	0.045455	0.045455	0.045455	0.045455	
0.022727	0.022727	0.022727	0.022727	0.022727	0.272727	0.522727	0.022727	0.022727	0.022727	0.022727	
0.030303	0.030303	0.030303	0.363636	0.363636	0.030303	0.030303	0.030303	0.030303	0.030303	0.030303	


Vector Pi :

0.002933	0.777126	0.131965	0.035191	0.002933	0.035191	0.002933	0.002933	0.002933	0.002933	0.002933	


Vector Phi :

0.001642	0.819376	0.106732	0.027915	0.009852	0.009852	0.004926	0.004926	0.003284	0.006568	0.004926	
