
Parameters: 11 states AND 11 symbols

Matrix A :

0.0909091	0.0909091	0.0909091	0.0909091	0.0909091	0.0909091	0.0909091	0.0909091	0.0909091	0.0909091	0.0909091	
0.000123016	0.887809	0.0989052	0.0109485	0.0014762	0.000123016	0.000123016	0.000123016	0.000123016	0.000123016	0.000123016	
0.000330579	0.269421	0.625785	0.094876	0.00396694	0.000330579	0.00396694	0.000330579	0.000330579	0.000330579	0.000330579	
0.000865801	0.0484848	0.248485	0.534199	0.124675	0.0294372	0.0103896	0.000865801	0.000865801	0.000865801	0.000865801	
0.00284091	0.0965909	0.0340909	0.315341	0.284091	0.159091	0.0965909	0.00284091	0.00284091	0.00284091	0.00284091	
0.00478469	0.00478469	0.110048	0.00478469	0.267943	0.425837	0.0574163	0.00478469	0.110048	0.00478469	0.00478469	
0.00826446	0.00826446	0.00826446	0.190083	0.0991736	0.190083	0.0991736	0.00826446	0.280992	0.0991736	0.00826446	
0.0454545	0.0454545	0.0454545	0.545455	0.0454545	0.0454545	0.0454545	0.0454545	0.0454545	0.0454545	0.0454545	
0.010101	0.010101	0.010101	0.121212	0.121212	0.010101	0.232323	0.010101	0.121212	0.010101	0.343434	
0.0227273	0.0227273	0.0227273	0.0227273	0.0227273	0.0227273	0.272727	0.272727	0.0227273	0.272727	0.0227273	
0.0113636	0.0113636	0.0113636	0.0113636	0.0113636	0.0113636	0.0113636	0.0113636	0.261364	0.136364	0.511364	


Matrix B :

0.0909091	0.0909091	0.0909091	0.0909091	0.0909091	0.0909091	0.0909091	0.0909091	0.0909091	0.0909091	0.0909091	
0.000117302	0.309795	0.345924	0.197537	0.0672141	0.0465689	0.0156012	0.00398827	0.0104399	0.00269795	0.000117302	
0.000316756	0.0490972	0.261641	0.331327	0.174533	0.0978777	0.0421286	0.0177384	0.0072854	0.0072854	0.0107697	
0.000819001	0.036855	0.126945	0.217035	0.244062	0.117936	0.17199	0.018837	0.0548731	0.00982801	0.000819001	
0.0026738	0.0026738	0.149733	0.208556	0.296791	0.149733	0.0614973	0.0909091	0.0320856	0.0026738	0.0026738	
0.004329	0.004329	0.004329	0.147186	0.290043	0.194805	0.0519481	0.147186	0.147186	0.004329	0.004329	
0.00826446	0.00826446	0.0991736	0.190083	0.190083	0.190083	0.280992	0.00826446	0.00826446	0.00826446	0.00826446	
0.0454545	0.0454545	0.0454545	0.0454545	0.0454545	0.0454545	0.545455	0.0454545	0.0454545	0.0454545	0.0454545	
0.00909091	0.00909091	0.109091	0.309091	0.109091	0.109091	0.209091	0.00909091	0.109091	0.00909091	0.00909091	
0.0227273	0.0227273	0.0227273	0.0227273	0.272727	0.272727	0.0227273	0.272727	0.0227273	0.0227273	0.0227273	
0.010101	0.010101	0.010101	0.232323	0.010101	0.010101	0.454545	0.010101	0.232323	0.010101	0.010101	


Vector Pi :

0.00149031	0.591654	0.198212	0.099851	0.0342772	0.0342772	0.00149031	0.00149031	0.0178838	0.00149031	0.0178838	


Vector Phi :

0.000829876	0.613278	0.228216	0.0871369	0.026556	0.0157676	0.00912864	0.00165975	0.00746889	0.00331951	0.00663901	
