
Parameters: 11 states AND 11 symbols

Matrix A :

0.090909	0.090909	0.090909	0.090909	0.090909	0.090909	0.090909	0.090909	0.090909	0.090909	0.090909	
0.000164	0.960595	0.027142	0.005559	0.001962	0.001962	0.000164	0.000164	0.000164	0.000164	0.001962	
0.003247	0.467532	0.288961	0.074675	0.074675	0.003247	0.038961	0.038961	0.003247	0.003247	0.003247	
0.011364	0.386364	0.261364	0.136364	0.136364	0.011364	0.011364	0.011364	0.011364	0.011364	0.011364	
0.018182	0.418182	0.218182	0.218182	0.018182	0.018182	0.018182	0.018182	0.018182	0.018182	0.018182	
0.045455	0.045455	0.045455	0.045455	0.045455	0.045455	0.545455	0.045455	0.045455	0.045455	0.045455	
0.030303	0.363636	0.363636	0.030303	0.030303	0.030303	0.030303	0.030303	0.030303	0.030303	0.030303	
0.045455	0.545455	0.045455	0.045455	0.045455	0.045455	0.045455	0.045455	0.045455	0.045455	0.045455	
0.090909	0.090909	0.090909	0.090909	0.090909	0.090909	0.090909	0.090909	0.090909	0.090909	0.090909	
0.090909	0.090909	0.090909	0.090909	0.090909	0.090909	0.090909	0.090909	0.090909	0.090909	0.090909	
0.045455	0.545455	0.045455	0.045455	0.045455	0.045455	0.045455	0.045455	0.045455	0.045455	0.045455	


Matrix B :

0.090909	0.090909	0.090909	0.090909	0.090909	0.090909	0.090909	0.090909	0.090909	0.090909	0.090909	
0.000156	0.247154	0.422111	0.197412	0.092780	0.019024	0.013878	0.003586	0.000156	0.000156	0.003586	
0.003247	0.003247	0.288961	0.288961	0.217532	0.146104	0.038961	0.003247	0.003247	0.003247	0.003247	
0.009091	0.009091	0.109091	0.209091	0.609091	0.009091	0.009091	0.009091	0.009091	0.009091	0.009091	
0.018182	0.018182	0.218182	0.018182	0.218182	0.018182	0.418182	0.018182	0.018182	0.018182	0.018182	
0.030303	0.030303	0.030303	0.696970	0.030303	0.030303	0.030303	0.030303	0.030303	0.030303	0.030303	
0.030303	0.030303	0.030303	0.696970	0.030303	0.030303	0.030303	0.030303	0.030303	0.030303	0.030303	
0.045455	0.045455	0.045455	0.045455	0.545455	0.045455	0.045455	0.045455	0.045455	0.045455	0.045455	
0.090909	0.090909	0.090909	0.090909	0.090909	0.090909	0.090909	0.090909	0.090909	0.090909	0.090909	
0.090909	0.090909	0.090909	0.090909	0.090909	0.090909	0.090909	0.090909	0.090909	0.090909	0.090909	
0.045455	0.045455	0.045455	0.045455	0.045455	0.045455	0.545455	0.045455	0.045455	0.045455	0.045455	


Vector Pi :

0.002933	0.873900	0.002933	0.067449	0.002933	0.035191	0.002933	0.002933	0.002933	0.002933	0.002933	


Vector Phi :

0.001642	0.912972	0.045977	0.013136	0.008210	0.003284	0.004926	0.003284	0.001642	0.001642	0.003284	
