
Parameters: 11 states AND 11 symbols

Matrix A :

0.0454545	0.545455	0.0454545	0.0454545	0.0454545	0.0454545	0.0454545	0.0454545	0.0454545	0.0454545	0.0454545	
0.00113874	0.874834	0.0773392	0.0209717	0.00844563	0.00218258	0.00427026	0.00113874	0.00322642	0.00427026	0.00218258	
0.000644745	0.553836	0.241779	0.0999355	0.0361057	0.0219213	0.0219213	0.00773694	0.00773694	0.000644745	0.00773694	
0.00171527	0.397942	0.284734	0.190395	0.0394511	0.058319	0.0205832	0.00171527	0.00171527	0.00171527	0.00171527	
0.00505051	0.282828	0.282828	0.227273	0.0606061	0.0606061	0.00505051	0.0606061	0.00505051	0.00505051	0.00505051	
0.00909091	0.309091	0.409091	0.109091	0.109091	0.00909091	0.00909091	0.00909091	0.00909091	0.00909091	0.00909091	
0.010101	0.343434	0.343434	0.232323	0.010101	0.010101	0.010101	0.010101	0.010101	0.010101	0.010101	
0.0227273	0.272727	0.272727	0.272727	0.0227273	0.0227273	0.0227273	0.0227273	0.0227273	0.0227273	0.0227273	
0.0181818	0.618182	0.218182	0.0181818	0.0181818	0.0181818	0.0181818	0.0181818	0.0181818	0.0181818	0.0181818	
0.0181818	0.618182	0.218182	0.0181818	0.0181818	0.0181818	0.0181818	0.0181818	0.0181818	0.0181818	0.0181818	
0.0227273	0.272727	0.522727	0.0227273	0.0227273	0.0227273	0.0227273	0.0227273	0.0227273	0.0227273	0.0227273	


Matrix B :

0.0454545	0.0454545	0.0454545	0.0454545	0.0454545	0.0454545	0.545455	0.0454545	0.0454545	0.0454545	0.0454545	
9.05469e-05	0.335748	0.423397	0.154473	0.0628396	0.0170228	0.00407461	9.05469e-05	0.00108656	9.05469e-05	0.00108656	
0.000606061	0.0472727	0.193939	0.440606	0.200606	0.0739394	0.0206061	0.00727273	0.00727273	0.00727273	0.000606061	
0.0015949	0.0366826	0.0366826	0.457735	0.212121	0.177033	0.0366826	0.0191388	0.0015949	0.0015949	0.0191388	
0.00478469	0.00478469	0.267943	0.215311	0.320574	0.110048	0.0574163	0.00478469	0.00478469	0.00478469	0.00478469	
0.00909091	0.00909091	0.109091	0.309091	0.109091	0.309091	0.109091	0.00909091	0.00909091	0.00909091	0.00909091	
0.010101	0.010101	0.121212	0.232323	0.343434	0.121212	0.121212	0.010101	0.010101	0.010101	0.010101	
0.0227273	0.0227273	0.0227273	0.522727	0.272727	0.0227273	0.0227273	0.0227273	0.0227273	0.0227273	0.0227273	
0.0181818	0.0181818	0.0181818	0.0181818	0.218182	0.218182	0.0181818	0.418182	0.0181818	0.0181818	0.0181818	
0.0181818	0.218182	0.0181818	0.0181818	0.0181818	0.418182	0.218182	0.0181818	0.0181818	0.0181818	0.0181818	
0.0227273	0.0227273	0.522727	0.0227273	0.0227273	0.0227273	0.272727	0.0227273	0.0227273	0.0227273	0.0227273	


Vector Pi :

0.00149031	0.755589	0.149031	0.0670641	0.0178838	0.00149031	0.00149031	0.00149031	0.00149031	0.00149031	0.00149031	


Vector Phi :

0.00165426	0.79239	0.116625	0.0438379	0.0148883	0.0082713	0.00744417	0.00330852	0.00413565	0.00413565	0.00330852	
