
Parameters: 11 states AND 11 symbols

Matrix A :

0.090909	0.090909	0.090909	0.090909	0.090909	0.090909	0.090909	0.090909	0.090909	0.090909	0.090909	
0.000220	0.915474	0.060753	0.009905	0.002641	0.002641	0.000220	0.000220	0.002641	0.000220	0.005063	
0.001443	0.398268	0.271284	0.160173	0.080808	0.017316	0.001443	0.001443	0.001443	0.033189	0.033189	
0.002525	0.141414	0.335859	0.224747	0.169192	0.058081	0.030303	0.030303	0.002525	0.002525	0.002525	
0.004329	0.099567	0.099567	0.290043	0.242424	0.099567	0.099567	0.051948	0.004329	0.004329	0.004329	
0.005682	0.068182	0.068182	0.380682	0.005682	0.255682	0.130682	0.068182	0.005682	0.005682	0.005682	
0.007576	0.007576	0.174242	0.007576	0.174242	0.090909	0.174242	0.257576	0.007576	0.090909	0.007576	
0.006993	0.006993	0.006993	0.083916	0.006993	0.237762	0.237762	0.237762	0.160839	0.006993	0.006993	
0.012987	0.012987	0.155844	0.012987	0.155844	0.155844	0.012987	0.155844	0.155844	0.012987	0.155844	
0.010101	0.121212	0.010101	0.010101	0.010101	0.010101	0.121212	0.121212	0.232323	0.232323	0.121212	
0.006494	0.006494	0.149351	0.006494	0.006494	0.006494	0.006494	0.077922	0.006494	0.220779	0.506494	


Matrix B :

0.090909	0.090909	0.090909	0.090909	0.090909	0.090909	0.090909	0.090909	0.090909	0.090909	0.090909	
0.000209	0.262882	0.304357	0.242145	0.110809	0.046292	0.014034	0.002514	0.007122	0.004818	0.004818	
0.001377	0.304408	0.183196	0.258953	0.137741	0.061983	0.001377	0.046832	0.001377	0.001377	0.001377	
0.002457	0.272727	0.299754	0.218673	0.083538	0.083538	0.029484	0.002457	0.002457	0.002457	0.002457	
0.003953	0.047431	0.438735	0.308300	0.090909	0.047431	0.047431	0.003953	0.003953	0.003953	0.003953	
0.005348	0.005348	0.534759	0.240642	0.064171	0.122995	0.005348	0.005348	0.005348	0.005348	0.005348	
0.007576	0.007576	0.007576	0.424242	0.340909	0.090909	0.007576	0.090909	0.007576	0.007576	0.007576	
0.006993	0.006993	0.160839	0.391608	0.006993	0.083916	0.083916	0.160839	0.083916	0.006993	0.006993	
0.012987	0.012987	0.155844	0.441558	0.012987	0.012987	0.155844	0.012987	0.012987	0.012987	0.155844	
0.008264	0.008264	0.008264	0.190083	0.462810	0.099174	0.099174	0.008264	0.099174	0.008264	0.008264	
0.006494	0.006494	0.077922	0.077922	0.149351	0.292208	0.220779	0.006494	0.006494	0.149351	0.006494	


Vector Pi :

0.002933	0.680352	0.099707	0.035191	0.067449	0.035191	0.002933	0.002933	0.002933	0.067449	0.002933	


Vector Phi :

0.001653	0.682645	0.104132	0.059504	0.034711	0.026446	0.019835	0.021488	0.011570	0.014876	0.023140	
