
Parameters: 11 states AND 11 symbols

Matrix A :

0.0909091	0.0909091	0.0909091	0.0909091	0.0909091	0.0909091	0.0909091	0.0909091	0.0909091	0.0909091	0.0909091	
9.06372e-05	0.978156	0.0200308	9.06372e-05	9.06372e-05	9.06372e-05	9.06372e-05	9.06372e-05	0.00108765	9.06372e-05	9.06372e-05	
0.000804505	0.186645	0.753017	0.0539019	0.000804505	0.000804505	0.000804505	0.000804505	0.000804505	0.000804505	0.000804505	
0.004329	0.004329	0.242424	0.480519	0.242424	0.004329	0.004329	0.004329	0.004329	0.004329	0.004329	
0.00478469	0.00478469	0.0574163	0.162679	0.583732	0.162679	0.00478469	0.00478469	0.00478469	0.00478469	0.00478469	
0.00568182	0.0681818	0.00568182	0.00568182	0.130682	0.630682	0.0681818	0.0681818	0.00568182	0.00568182	0.00568182	
0.030303	0.030303	0.030303	0.030303	0.030303	0.363636	0.030303	0.030303	0.363636	0.030303	0.030303	
0.0113636	0.0113636	0.136364	0.0113636	0.0113636	0.0113636	0.136364	0.511364	0.136364	0.0113636	0.0113636	
0.0113636	0.0113636	0.0113636	0.0113636	0.0113636	0.0113636	0.0113636	0.261364	0.386364	0.136364	0.136364	
0.0181818	0.0181818	0.0181818	0.0181818	0.0181818	0.0181818	0.0181818	0.0181818	0.218182	0.418182	0.218182	
0.030303	0.030303	0.030303	0.030303	0.030303	0.363636	0.030303	0.030303	0.030303	0.363636	0.030303	


Matrix B :

0.0909091	0.0909091	0.0909091	0.0909091	0.0909091	0.0909091	0.0909091	0.0909091	0.0909091	0.0909091	0.0909091	
8.61698e-05	0.125205	0.301508	0.254115	0.182077	0.0929772	0.0256786	0.0105127	0.00387764	0.0019819	0.0019819	
0.000777001	0.00932401	0.214452	0.24864	0.24864	0.0862471	0.0947941	0.0606061	0.000777001	0.026418	0.00932401	
0.00395257	0.00395257	0.177866	0.351779	0.264822	0.177866	0.00395257	0.00395257	0.00395257	0.00395257	0.00395257	
0.00454545	0.00454545	0.00454545	0.354545	0.354545	0.204545	0.0545455	0.00454545	0.00454545	0.00454545	0.00454545	
0.00568182	0.193182	0.00568182	0.130682	0.380682	0.193182	0.0681818	0.00568182	0.00568182	0.00568182	0.00568182	
0.0227273	0.0227273	0.0227273	0.0227273	0.522727	0.0227273	0.272727	0.0227273	0.0227273	0.0227273	0.0227273	
0.0113636	0.0113636	0.0113636	0.136364	0.261364	0.136364	0.261364	0.136364	0.0113636	0.0113636	0.0113636	
0.0113636	0.0113636	0.0113636	0.636364	0.0113636	0.136364	0.0113636	0.136364	0.0113636	0.0113636	0.0113636	
0.0181818	0.0181818	0.418182	0.418182	0.0181818	0.0181818	0.0181818	0.0181818	0.0181818	0.0181818	0.0181818	
0.030303	0.030303	0.363636	0.363636	0.030303	0.030303	0.030303	0.030303	0.030303	0.030303	0.030303	


Vector Pi :

0.00149031	0.837556	0.0670641	0.0506706	0.0178838	0.00149031	0.0178838	0.00149031	0.00149031	0.00149031	0.00149031	


Vector Phi :

0.000775351	0.845574	0.0916448	0.0149578	0.0138846	0.0120581	0.00230671	0.00621898	0.00631739	0.00391391	0.00234811	
