
Parameters: 11 states AND 11 symbols

Matrix A :

0.0909091	0.0909091	0.0909091	0.0909091	0.0909091	0.0909091	0.0909091	0.0909091	0.0909091	0.0909091	0.0909091	
0.000243072	0.767623	0.206125	0.0189596	0.00291687	0.00291687	0.000243072	0.000243072	0.000243072	0.000243072	0.000243072	
0.000263505	0.208959	0.597365	0.162582	0.0205534	0.00895916	0.000263505	0.000263505	0.000263505	0.000263505	0.000263505	
0.000407664	0.0587036	0.24256	0.560946	0.121484	0.00937627	0.000407664	0.000407664	0.00489197	0.000407664	0.000407664	
0.000977517	0.0117302	0.0332356	0.312805	0.420332	0.194526	0.0117302	0.0117302	0.000977517	0.000977517	0.000977517	
0.0015949	0.0015949	0.0717703	0.0893142	0.212121	0.38756	0.15949	0.0366826	0.0191388	0.0015949	0.0191388	
0.00284091	0.00284091	0.00284091	0.00284091	0.190341	0.190341	0.440341	0.0653409	0.0965909	0.00284091	0.00284091	
0.00478469	0.00478469	0.00478469	0.00478469	0.00478469	0.162679	0.267943	0.478469	0.00478469	0.0574163	0.00478469	
0.00606061	0.00606061	0.00606061	0.00606061	0.00606061	0.0727273	0.0727273	0.206061	0.206061	0.406061	0.00606061	
0.0034965	0.0034965	0.0034965	0.0034965	0.0034965	0.0034965	0.041958	0.041958	0.157343	0.58042	0.157343	
0.00606061	0.00606061	0.00606061	0.00606061	0.00606061	0.00606061	0.00606061	0.00606061	0.139394	0.206061	0.606061	


Matrix B :

0.0909091	0.0909091	0.0909091	0.0909091	0.0909091	0.0909091	0.0909091	0.0909091	0.0909091	0.0909091	0.0909091	
0.000227273	0.312727	0.425227	0.182727	0.0527273	0.0152273	0.0102273	0.000227273	0.000227273	0.000227273	0.000227273	
0.000254647	0.0982939	0.482047	0.291571	0.0674815	0.031067	0.0142602	0.0142602	0.000254647	0.000254647	0.000254647	
0.000390168	0.0518923	0.240734	0.455326	0.197815	0.0518923	0.000390168	0.000390168	0.000390168	0.000390168	0.000390168	
0.000918274	0.0918274	0.303949	0.354454	0.182736	0.0514233	0.0110193	0.000918274	0.000918274	0.000918274	0.000918274	
0.00154083	0.0523883	0.272727	0.374422	0.0693374	0.103236	0.103236	0.01849	0.00154083	0.00154083	0.00154083	
0.00275482	0.00275482	0.305785	0.366391	0.275482	0.00275482	0.00275482	0.0330579	0.00275482	0.00275482	0.00275482	
0.004329	0.004329	0.004329	0.194805	0.623377	0.0519481	0.0519481	0.0519481	0.004329	0.004329	0.004329	
0.00606061	0.0727273	0.0727273	0.472727	0.0727273	0.206061	0.00606061	0.0727273	0.00606061	0.00606061	0.00606061	
0.003367	0.040404	0.188552	0.262626	0.188552	0.0774411	0.040404	0.003367	0.188552	0.003367	0.003367	
0.00606061	0.00606061	0.00606061	0.206061	0.206061	0.139394	0.0727273	0.00606061	0.0727273	0.139394	0.139394	


Vector Pi :

0.00149031	0.42772	0.198212	0.165425	0.099851	0.0342772	0.0178838	0.0342772	0.00149031	0.0178838	0.00149031	


Vector Phi :

0.000833472	0.311649	0.287488	0.185831	0.0775029	0.0475044	0.0266718	0.0158372	0.0125036	0.0216748	0.0125047	
