
Parameters: 11 states AND 11 symbols

Matrix A :

0.0909091	0.0909091	0.0909091	0.0909091	0.0909091	0.0909091	0.0909091	0.0909091	0.0909091	0.0909091	0.0909091	
0.00011279	0.900857	0.08448	0.011279	0.00259418	0.00011279	0.00011279	0.00011279	0.00011279	0.00011279	0.00011279	
0.000371058	0.290167	0.624861	0.0697588	0.012616	0.000371058	0.000371058	0.000371058	0.000371058	0.000371058	0.000371058	
0.00135685	0.105834	0.284939	0.374491	0.165536	0.0312076	0.0162822	0.0162822	0.00135685	0.00135685	0.00135685	
0.0021645	0.025974	0.0497835	0.311688	0.406926	0.145022	0.0021645	0.0497835	0.0021645	0.0021645	0.0021645	
0.00649351	0.00649351	0.0779221	0.0779221	0.363636	0.220779	0.220779	0.00649351	0.00649351	0.00649351	0.00649351	
0.00909091	0.00909091	0.109091	0.109091	0.209091	0.109091	0.209091	0.109091	0.00909091	0.109091	0.00909091	
0.0181818	0.0181818	0.0181818	0.0181818	0.0181818	0.0181818	0.0181818	0.0181818	0.218182	0.618182	0.0181818	
0.0151515	0.0151515	0.0151515	0.0151515	0.181818	0.181818	0.515152	0.0151515	0.0151515	0.0151515	0.0151515	
0.0151515	0.0151515	0.0151515	0.0151515	0.0151515	0.0151515	0.0151515	0.0151515	0.348485	0.181818	0.348485	
0.030303	0.030303	0.030303	0.030303	0.030303	0.030303	0.030303	0.030303	0.69697	0.030303	0.030303	


Matrix B :

0.0909091	0.0909091	0.0909091	0.0909091	0.0909091	0.0909091	0.0909091	0.0909091	0.0909091	0.0909091	0.0909091	
0.000107712	0.278544	0.459823	0.151766	0.0676433	0.0320982	0.00840155	0.00129255	0.000107712	0.000107712	0.000107712	
0.000346981	0.00416378	0.29424	0.446912	0.137752	0.0728661	0.0385149	0.000346981	0.000346981	0.00416378	0.000346981	
0.00135685	0.00135685	0.046133	0.225237	0.419267	0.180461	0.0610583	0.046133	0.00135685	0.0162822	0.00135685	
0.00206612	0.00206612	0.00206612	0.0929752	0.229339	0.252066	0.229339	0.0475207	0.0702479	0.0475207	0.0247934	
0.00606061	0.00606061	0.00606061	0.00606061	0.272727	0.272727	0.272727	0.0727273	0.00606061	0.00606061	0.0727273	
0.00909091	0.00909091	0.00909091	0.00909091	0.309091	0.00909091	0.209091	0.309091	0.109091	0.00909091	0.00909091	
0.0181818	0.0181818	0.0181818	0.0181818	0.0181818	0.418182	0.0181818	0.418182	0.0181818	0.0181818	0.0181818	
0.012987	0.012987	0.012987	0.012987	0.012987	0.012987	0.441558	0.012987	0.298701	0.155844	0.012987	
0.012987	0.012987	0.012987	0.012987	0.012987	0.012987	0.298701	0.441558	0.012987	0.155844	0.012987	
0.030303	0.030303	0.030303	0.030303	0.030303	0.030303	0.030303	0.363636	0.363636	0.030303	0.030303	


Vector Pi :

0.00149031	0.624441	0.280179	0.00149031	0.0342772	0.0178838	0.00149031	0.00149031	0.0178838	0.0178838	0.00149031	


Vector Phi :

0.000829876	0.66888	0.20332	0.0556017	0.0348548	0.0116183	0.00829876	0.00414938	0.00497925	0.00497925	0.00248963	
