
Parameters: 11 states AND 11 symbols

Matrix A :

0.0909091	0.0909091	0.0909091	0.0909091	0.0909091	0.0909091	0.0909091	0.0909091	0.0909091	0.0909091	0.0909091	
0.000128766	0.902395	0.0936132	0.00296163	0.000128766	0.000128766	0.000128766	0.000128766	0.000128766	0.000128766	0.000128766	
0.00026738	0.191444	0.726738	0.0796791	0.00026738	0.00026738	0.00026738	0.00026738	0.00026738	0.00026738	0.00026738	
0.000927644	0.0213358	0.266234	0.572356	0.113173	0.0111317	0.0111317	0.000927644	0.000927644	0.000927644	0.000927644	
0.0031348	0.0376176	0.0031348	0.382445	0.451411	0.106583	0.0031348	0.0031348	0.0031348	0.0031348	0.0031348	
0.00757576	0.00757576	0.00757576	0.00757576	0.257576	0.507576	0.174242	0.00757576	0.00757576	0.00757576	0.00757576	
0.0227273	0.0227273	0.0227273	0.272727	0.272727	0.0227273	0.0227273	0.0227273	0.272727	0.0227273	0.0227273	
0.0454545	0.0454545	0.0454545	0.0454545	0.0454545	0.545455	0.0454545	0.0454545	0.0454545	0.0454545	0.0454545	
0.0454545	0.0454545	0.0454545	0.0454545	0.0454545	0.0454545	0.0454545	0.0454545	0.0454545	0.0454545	0.545455	
0.0454545	0.0454545	0.0454545	0.0454545	0.0454545	0.0454545	0.0454545	0.545455	0.0454545	0.0454545	0.0454545	
0.0227273	0.0227273	0.0227273	0.0227273	0.0227273	0.0227273	0.0227273	0.0227273	0.0227273	0.272727	0.522727	


Matrix B :

0.0909091	0.0909091	0.0909091	0.0909091	0.0909091	0.0909091	0.0909091	0.0909091	0.0909091	0.0909091	0.0909091	
0.00012285	0.163636	0.314988	0.26769	0.108231	0.0676904	0.0325553	0.0271499	0.0136364	0.0041769	0.00012285	
0.000253936	0.000253936	0.0170137	0.201371	0.346623	0.223718	0.100813	0.0589132	0.0226003	0.0170137	0.0114271	
0.000891266	0.0204991	0.0204991	0.0695187	0.177362	0.265597	0.216578	0.0989305	0.0499109	0.000891266	0.0793226	
0.00275482	0.00275482	0.123967	0.0330579	0.123967	0.0633609	0.123967	0.305785	0.184573	0.0330579	0.00275482	
0.00757576	0.00757576	0.00757576	0.174242	0.0909091	0.174242	0.0909091	0.00757576	0.00757576	0.0909091	0.340909	
0.0227273	0.272727	0.0227273	0.0227273	0.0227273	0.272727	0.0227273	0.272727	0.0227273	0.0227273	0.0227273	
0.0454545	0.0454545	0.0454545	0.545455	0.0454545	0.0454545	0.0454545	0.0454545	0.0454545	0.0454545	0.0454545	
0.0454545	0.0454545	0.0454545	0.0454545	0.0454545	0.545455	0.0454545	0.0454545	0.0454545	0.0454545	0.0454545	
0.0454545	0.0454545	0.0454545	0.545455	0.0454545	0.0454545	0.0454545	0.0454545	0.0454545	0.0454545	0.0454545	
0.0227273	0.0227273	0.0227273	0.0227273	0.272727	0.522727	0.0227273	0.0227273	0.0227273	0.0227273	0.0227273	


Vector Pi :

0.00149031	0.558867	0.296572	0.0670641	0.0670641	0.00149031	0.00149031	0.00149031	0.00149031	0.00149031	0.00149031	


Vector Phi :

0.000833335	0.588333	0.283333	0.0816667	0.0241667	0.01	0.00333334	0.00166667	0.00166667	0.00166667	0.00333334	
