
Parameters: 11 states AND 11 symbols

Matrix A :

0.090909	0.090909	0.090909	0.090909	0.090909	0.090909	0.090909	0.090909	0.090909	0.090909	0.090909	
0.000387	0.872727	0.119536	0.000387	0.000387	0.004642	0.000387	0.000387	0.000387	0.000387	0.000387	
0.000640	0.190781	0.676697	0.113316	0.007682	0.000640	0.000640	0.000640	0.000640	0.000640	0.007682	
0.001466	0.033724	0.211144	0.533724	0.162757	0.033724	0.001466	0.001466	0.001466	0.001466	0.017595	
0.002165	0.002165	0.002165	0.240260	0.525974	0.168831	0.049784	0.002165	0.002165	0.002165	0.002165	
0.003497	0.003497	0.041958	0.080420	0.234266	0.311189	0.234266	0.041958	0.003497	0.041958	0.003497	
0.003636	0.003636	0.003636	0.003636	0.083636	0.203636	0.483636	0.203636	0.003636	0.003636	0.003636	
0.004785	0.057416	0.004785	0.004785	0.004785	0.110048	0.215311	0.320574	0.162679	0.110048	0.004785	
0.005348	0.005348	0.064171	0.005348	0.005348	0.005348	0.005348	0.299465	0.417112	0.181818	0.005348	
0.005348	0.005348	0.005348	0.005348	0.005348	0.005348	0.005348	0.064171	0.299465	0.417112	0.181818	
0.006494	0.006494	0.077922	0.006494	0.006494	0.006494	0.006494	0.006494	0.077922	0.220779	0.577922	


Matrix B :

0.090909	0.090909	0.090909	0.090909	0.090909	0.090909	0.090909	0.090909	0.090909	0.090909	0.090909	
0.000368	0.421421	0.352595	0.133971	0.044902	0.012514	0.028708	0.004417	0.000368	0.000368	0.000368	
0.000606	0.087273	0.300606	0.287273	0.147273	0.040606	0.053939	0.033939	0.040606	0.007273	0.000606	
0.001420	0.110795	0.142045	0.235795	0.313920	0.063920	0.048295	0.001420	0.048295	0.032670	0.001420	
0.002114	0.002114	0.071882	0.234672	0.327696	0.048626	0.071882	0.048626	0.025370	0.118393	0.048626	
0.003367	0.040404	0.077441	0.114478	0.225589	0.336700	0.040404	0.077441	0.003367	0.003367	0.077441	
0.003247	0.003247	0.146104	0.146104	0.253247	0.074675	0.074675	0.110390	0.146104	0.038961	0.003247	
0.004785	0.057416	0.162679	0.215311	0.215311	0.162679	0.110048	0.057416	0.004785	0.004785	0.004785	
0.005348	0.064171	0.181818	0.358289	0.064171	0.064171	0.240642	0.005348	0.005348	0.005348	0.005348	
0.004785	0.057416	0.267943	0.267943	0.162679	0.110048	0.110048	0.004785	0.004785	0.004785	0.004785	
0.006061	0.072727	0.072727	0.072727	0.472727	0.139394	0.139394	0.006061	0.006061	0.006061	0.006061	


Vector Pi :

0.002933	0.357771	0.293255	0.067449	0.035191	0.035191	0.099707	0.002933	0.002933	0.067449	0.035191	


Vector Phi :

0.001655	0.398960	0.233176	0.102024	0.069246	0.042974	0.041307	0.031397	0.028086	0.028081	0.023095	
