
Parameters: 11 states AND 11 symbols

Matrix A :

0.0454545	0.0454545	0.0454545	0.0454545	0.0454545	0.0454545	0.0454545	0.0454545	0.0454545	0.0454545	0.545455	
0.000124023	0.904626	0.0819794	0.00694531	0.00148828	0.000124023	0.00148828	0.00148828	0.00148828	0.000124023	0.000124023	
0.000337952	0.219669	0.662048	0.0932748	0.0152078	0.000337952	0.000337952	0.000337952	0.00405542	0.00405542	0.000337952	
0.00104493	0.0585162	0.31139	0.472309	0.115987	0.0355277	0.00104493	0.00104493	0.00104493	0.00104493	0.00104493	
0.00227273	0.0522727	0.0522727	0.252273	0.427273	0.152273	0.0272727	0.00227273	0.00227273	0.00227273	0.0272727	
0.00363636	0.00363636	0.00363636	0.0836364	0.283636	0.483636	0.0436364	0.0836364	0.00363636	0.00363636	0.00363636	
0.0113636	0.0113636	0.0113636	0.261364	0.0113636	0.136364	0.261364	0.136364	0.0113636	0.136364	0.0113636	
0.00699301	0.0839161	0.0839161	0.00699301	0.00699301	0.0839161	0.160839	0.468531	0.0839161	0.00699301	0.00699301	
0.010101	0.232323	0.010101	0.010101	0.010101	0.010101	0.010101	0.232323	0.232323	0.232323	0.010101	
0.00568182	0.00568182	0.00568182	0.0681818	0.00568182	0.0681818	0.00568182	0.00568182	0.193182	0.630682	0.00568182	
0.363636	0.030303	0.030303	0.030303	0.030303	0.030303	0.030303	0.030303	0.030303	0.363636	0.030303	


Matrix B :

0.0454545	0.0454545	0.0454545	0.0454545	0.545455	0.0454545	0.0454545	0.0454545	0.0454545	0.0454545	0.0454545	
0.000118835	0.393583	0.421034	0.145217	0.0236482	0.0144979	0.000118835	0.00142602	0.000118835	0.000118835	0.000118835	
0.000322373	0.00741457	0.305287	0.521599	0.12089	0.0357834	0.00741457	0.000322373	0.000322373	0.000322373	0.000322373	
0.000999001	0.011988	0.0559441	0.352647	0.341658	0.220779	0.011988	0.000999001	0.000999001	0.000999001	0.000999001	
0.0021645	0.025974	0.0735931	0.383117	0.335498	0.0974026	0.0735931	0.0021645	0.0021645	0.0021645	0.0021645	
0.0031348	0.0031348	0.0721003	0.554859	0.278997	0.0376176	0.0376176	0.0031348	0.0031348	0.0031348	0.0031348	
0.0113636	0.0113636	0.0113636	0.0113636	0.0113636	0.511364	0.261364	0.136364	0.0113636	0.0113636	0.0113636	
0.00649351	0.00649351	0.00649351	0.220779	0.149351	0.435065	0.149351	0.00649351	0.00649351	0.00649351	0.00649351	
0.00909091	0.00909091	0.00909091	0.00909091	0.109091	0.409091	0.309091	0.109091	0.00909091	0.00909091	0.00909091	
0.00478469	0.00478469	0.0574163	0.0574163	0.00478469	0.162679	0.267943	0.162679	0.00478469	0.110048	0.162679	
0.030303	0.030303	0.030303	0.030303	0.69697	0.030303	0.030303	0.030303	0.030303	0.030303	0.030303	


Vector Pi :

0.00149031	0.52608	0.214605	0.0670641	0.0342772	0.0670641	0.00149031	0.0178838	0.0178838	0.0506706	0.00149031	


Vector Phi :

0.00165975	0.608299	0.223237	0.0721992	0.033195	0.0207469	0.00663901	0.0107884	0.00746888	0.013278	0.00248963	
