
Parameters: 11 states AND 11 symbols

Matrix A :

0.0909091	0.0909091	0.0909091	0.0909091	0.0909091	0.0909091	0.0909091	0.0909091	0.0909091	0.0909091	0.0909091	
0.000101916	0.936201	0.0583979	0.00234407	0.000101916	0.000101916	0.000101916	0.000101916	0.000101916	0.000101916	0.00234407	
0.000437063	0.260052	0.635052	0.0869755	0.0100524	0.000437063	0.000437063	0.000437063	0.000437063	0.000437063	0.00524476	
0.00165289	0.0380165	0.328926	0.47438	0.128926	0.0198347	0.00165289	0.00165289	0.00165289	0.00165289	0.00165289	
0.00454545	0.00454545	0.104545	0.404545	0.304545	0.154545	0.00454545	0.00454545	0.00454545	0.00454545	0.00454545	
0.010101	0.010101	0.010101	0.010101	0.343434	0.343434	0.232323	0.010101	0.010101	0.010101	0.010101	
0.0181818	0.0181818	0.0181818	0.0181818	0.218182	0.218182	0.418182	0.0181818	0.0181818	0.0181818	0.0181818	
0.0909091	0.0909091	0.0909091	0.0909091	0.0909091	0.0909091	0.0909091	0.0909091	0.0909091	0.0909091	0.0909091	
0.0454545	0.0454545	0.0454545	0.0454545	0.0454545	0.0454545	0.0454545	0.0454545	0.0454545	0.545455	0.0454545	
0.0181818	0.218182	0.418182	0.0181818	0.0181818	0.0181818	0.0181818	0.0181818	0.0181818	0.0181818	0.218182	
0.012987	0.012987	0.012987	0.012987	0.012987	0.012987	0.012987	0.012987	0.155844	0.441558	0.298701	


Matrix B :

0.0909091	0.0909091	0.0909091	0.0909091	0.0909091	0.0909091	0.0909091	0.0909091	0.0909091	0.0909091	0.0909091	
9.6918e-05	0.446792	0.405214	0.115236	0.0267494	0.00222911	0.00116302	0.00222911	9.6918e-05	9.6918e-05	9.6918e-05	
0.000424809	0.117247	0.514444	0.229397	0.084537	0.037808	0.00509771	0.000424809	0.000424809	0.0097706	0.000424809	
0.00151515	0.0515152	0.284848	0.301515	0.284848	0.0681818	0.00151515	0.00151515	0.00151515	0.00151515	0.00151515	
0.00413223	0.231405	0.27686	0.322314	0.140496	0.00413223	0.00413223	0.00413223	0.00413223	0.00413223	0.00413223	
0.010101	0.010101	0.343434	0.343434	0.121212	0.121212	0.010101	0.010101	0.010101	0.010101	0.010101	
0.0181818	0.0181818	0.0181818	0.818182	0.0181818	0.0181818	0.0181818	0.0181818	0.0181818	0.0181818	0.0181818	
0.0909091	0.0909091	0.0909091	0.0909091	0.0909091	0.0909091	0.0909091	0.0909091	0.0909091	0.0909091	0.0909091	
0.0454545	0.0454545	0.545455	0.0454545	0.0454545	0.0454545	0.0454545	0.0454545	0.0454545	0.0454545	0.0454545	
0.218182	0.0181818	0.0181818	0.218182	0.0181818	0.218182	0.0181818	0.218182	0.0181818	0.0181818	0.0181818	
0.0113636	0.0113636	0.136364	0.0113636	0.0113636	0.261364	0.0113636	0.136364	0.0113636	0.136364	0.261364	


Vector Pi :

0.00149031	0.739195	0.116244	0.0834575	0.0342772	0.00149031	0.00149031	0.00149031	0.00149031	0.00149031	0.0178838	


Vector Phi :

0.000824106	0.743417	0.170305	0.045131	0.0164186	0.00739491	0.00411236	0.000824106	0.00165131	0.00413136	0.00579041	
