
Parameters: 11 states AND 11 symbols

Matrix A :

0.090909	0.090909	0.090909	0.090909	0.090909	0.090909	0.090909	0.090909	0.090909	0.090909	0.090909	
0.000544	0.371802	0.305934	0.186173	0.078389	0.036473	0.012520	0.006532	0.000544	0.000544	0.000544	
0.000606	0.333939	0.333939	0.180606	0.080606	0.047273	0.020606	0.000606	0.000606	0.000606	0.000606	
0.000826	0.282645	0.173554	0.173554	0.155372	0.109917	0.082645	0.009917	0.009917	0.000826	0.000826	
0.001245	0.124533	0.206725	0.179328	0.179328	0.138232	0.056040	0.069738	0.014944	0.028643	0.001245	
0.001783	0.139037	0.139037	0.276292	0.158645	0.099822	0.060606	0.040998	0.040998	0.040998	0.001783	
0.002674	0.149733	0.090909	0.090909	0.120321	0.090909	0.237968	0.090909	0.061497	0.032086	0.032086	
0.004545	0.054545	0.104545	0.054545	0.154545	0.154545	0.154545	0.204545	0.104545	0.004545	0.004545	
0.006494	0.077922	0.149351	0.006494	0.077922	0.149351	0.006494	0.149351	0.220779	0.149351	0.006494	
0.008264	0.008264	0.008264	0.008264	0.099174	0.190083	0.099174	0.008264	0.190083	0.280992	0.099174	
0.030303	0.030303	0.030303	0.030303	0.030303	0.030303	0.363636	0.363636	0.030303	0.030303	0.030303	


Matrix B :

0.090909	0.090909	0.090909	0.090909	0.090909	0.090909	0.090909	0.090909	0.090909	0.090909	0.090909	
0.000532	0.415736	0.287081	0.164274	0.088251	0.018075	0.006380	0.006380	0.006380	0.006380	0.000532	
0.000598	0.355861	0.309809	0.191388	0.072967	0.026914	0.026914	0.013756	0.000598	0.000598	0.000598	
0.000770	0.246533	0.305855	0.263482	0.110940	0.034669	0.017720	0.000770	0.000770	0.000770	0.017720	
0.001196	0.185407	0.395933	0.172249	0.106459	0.093301	0.027512	0.001196	0.014354	0.001196	0.001196	
0.001715	0.001715	0.473413	0.228130	0.171527	0.058319	0.020583	0.020583	0.020583	0.001715	0.001715	
0.002525	0.002525	0.446970	0.308081	0.169192	0.030303	0.002525	0.002525	0.002525	0.030303	0.002525	
0.003953	0.003953	0.221344	0.221344	0.177866	0.177866	0.047431	0.047431	0.090909	0.003953	0.003953	
0.006494	0.006494	0.149351	0.363636	0.077922	0.220779	0.149351	0.006494	0.006494	0.006494	0.006494	
0.007576	0.007576	0.007576	0.257576	0.090909	0.257576	0.257576	0.090909	0.007576	0.007576	0.007576	
0.030303	0.030303	0.363636	0.363636	0.030303	0.030303	0.030303	0.030303	0.030303	0.030303	0.030303	


Vector Pi :

0.003497	0.157343	0.080420	0.349650	0.118881	0.080420	0.041958	0.118881	0.003497	0.041958	0.003497	


Vector Phi :

0.001588	0.262920	0.236249	0.171655	0.115101	0.080485	0.055595	0.031820	0.022289	0.017485	0.004812	
