
Parameters: 11 states AND 11 symbols

Matrix A :

0.0909091	0.0909091	0.0909091	0.0909091	0.0909091	0.0909091	0.0909091	0.0909091	0.0909091	0.0909091	0.0909091	
0.000109135	0.946088	0.0505293	0.00130961	0.000109135	0.000109135	0.00130961	0.000109135	0.000109135	0.000109135	0.000109135	
0.000418936	0.198576	0.714705	0.0695434	0.00963553	0.00502723	0.000418936	0.000418936	0.000418936	0.000418936	0.000418936	
0.00135685	0.0162822	0.240163	0.613297	0.12076	0.00135685	0.00135685	0.00135685	0.00135685	0.00135685	0.00135685	
0.00284091	0.00284091	0.0965909	0.252841	0.534091	0.0340909	0.0653409	0.00284091	0.00284091	0.00284091	0.00284091	
0.00826446	0.00826446	0.00826446	0.00826446	0.190083	0.644628	0.00826446	0.00826446	0.00826446	0.0991736	0.00826446	
0.00909091	0.00909091	0.00909091	0.109091	0.109091	0.109091	0.409091	0.109091	0.00909091	0.109091	0.00909091	
0.0181818	0.218182	0.0181818	0.0181818	0.0181818	0.0181818	0.218182	0.218182	0.218182	0.0181818	0.0181818	
0.0227273	0.0227273	0.0227273	0.0227273	0.0227273	0.0227273	0.272727	0.0227273	0.0227273	0.522727	0.0227273	
0.0113636	0.0113636	0.0113636	0.0113636	0.136364	0.0113636	0.0113636	0.136364	0.261364	0.136364	0.261364	
0.00757576	0.00757576	0.00757576	0.00757576	0.00757576	0.00757576	0.00757576	0.00757576	0.00757576	0.174242	0.757576	


Matrix B :

0.0909091	0.0909091	0.0909091	0.0909091	0.0909091	0.0909091	0.0909091	0.0909091	0.0909091	0.0909091	0.0909091	
0.000103423	0.162788	0.294756	0.30272	0.1571	0.044472	0.0183059	0.0103423	0.00692936	0.00237874	0.000103423	
0.00040404	0.00040404	0.120404	0.187071	0.15596	0.258182	0.178182	0.0759596	0.0226263	0.00040404	0.00040404	
0.0012987	0.0012987	0.0584416	0.158442	0.144156	0.12987	0.158442	0.101299	0.144156	0.0584416	0.0441558	
0.00275482	0.00275482	0.00275482	0.0936639	0.123967	0.366391	0.15427	0.0330579	0.0936639	0.123967	0.00275482	
0.00757576	0.00757576	0.00757576	0.00757576	0.0909091	0.0909091	0.257576	0.340909	0.174242	0.00757576	0.00757576	
0.00909091	0.00909091	0.00909091	0.00909091	0.209091	0.109091	0.00909091	0.109091	0.209091	0.309091	0.00909091	
0.0181818	0.0181818	0.0181818	0.0181818	0.218182	0.218182	0.0181818	0.0181818	0.418182	0.0181818	0.0181818	
0.0227273	0.0227273	0.0227273	0.0227273	0.272727	0.0227273	0.272727	0.0227273	0.272727	0.0227273	0.0227273	
0.010101	0.010101	0.010101	0.010101	0.232323	0.232323	0.232323	0.121212	0.121212	0.010101	0.010101	
0.00757576	0.00757576	0.00757576	0.00757576	0.00757576	0.00757576	0.507576	0.257576	0.174242	0.00757576	0.00757576	


Vector Pi :

0.00149031	0.739195	0.132638	0.0506706	0.0178838	0.0178838	0.00149031	0.0178838	0.00149031	0.0178838	0.00149031	


Vector Phi :

0.000755306	0.701906	0.180621	0.0546922	0.0255906	0.00860708	0.00742264	0.00279387	0.00278906	0.00589948	0.00892317	
