
Parameters: 11 states AND 11 symbols

Matrix A :

0.090909	0.090909	0.090909	0.090909	0.090909	0.090909	0.090909	0.090909	0.090909	0.090909	0.090909	
0.000250	0.862887	0.110140	0.019481	0.000250	0.000250	0.002997	0.000250	0.000250	0.000250	0.002997	
0.000957	0.358852	0.306220	0.211483	0.022010	0.053589	0.022010	0.011483	0.000957	0.000957	0.011483	
0.001855	0.185529	0.348794	0.267161	0.063080	0.063080	0.042672	0.001855	0.001855	0.001855	0.022263	
0.005051	0.227273	0.171717	0.116162	0.227273	0.227273	0.005051	0.005051	0.005051	0.005051	0.005051	
0.003367	0.003367	0.077441	0.077441	0.225589	0.373737	0.151515	0.077441	0.003367	0.003367	0.003367	
0.005682	0.068182	0.068182	0.193182	0.068182	0.255682	0.068182	0.130682	0.068182	0.005682	0.068182	
0.010101	0.010101	0.121212	0.010101	0.010101	0.010101	0.565657	0.232323	0.010101	0.010101	0.010101	
0.011364	0.011364	0.136364	0.011364	0.136364	0.011364	0.011364	0.136364	0.386364	0.136364	0.011364	
0.015152	0.181818	0.181818	0.015152	0.015152	0.015152	0.015152	0.015152	0.181818	0.348485	0.015152	
0.007576	0.007576	0.007576	0.007576	0.007576	0.007576	0.007576	0.007576	0.174242	0.174242	0.590909	


Matrix B :

0.090909	0.090909	0.090909	0.090909	0.090909	0.090909	0.090909	0.090909	0.090909	0.090909	0.090909	
0.000237	0.193449	0.370995	0.203893	0.115120	0.039402	0.023736	0.023736	0.021125	0.005459	0.002848	
0.000918	0.051423	0.374656	0.334252	0.091827	0.061524	0.021120	0.021120	0.021120	0.021120	0.000918	
0.001783	0.001783	0.197861	0.354724	0.256684	0.139037	0.021390	0.001783	0.021390	0.001783	0.001783	
0.004785	0.004785	0.320574	0.215311	0.320574	0.057416	0.057416	0.004785	0.004785	0.004785	0.004785	
0.003135	0.003135	0.106583	0.210031	0.347962	0.175549	0.106583	0.037618	0.003135	0.003135	0.003135	
0.005348	0.005348	0.064171	0.122995	0.299465	0.181818	0.240642	0.064171	0.005348	0.005348	0.005348	
0.010101	0.010101	0.121212	0.121212	0.010101	0.121212	0.232323	0.232323	0.121212	0.010101	0.010101	
0.010101	0.010101	0.343434	0.232323	0.121212	0.232323	0.010101	0.010101	0.010101	0.010101	0.010101	
0.015152	0.015152	0.015152	0.181818	0.181818	0.181818	0.348485	0.015152	0.015152	0.015152	0.015152	
0.007576	0.090909	0.257576	0.090909	0.174242	0.257576	0.090909	0.007576	0.007576	0.007576	0.007576	


Vector Pi :

0.002933	0.615836	0.099707	0.099707	0.035191	0.067449	0.035191	0.002933	0.035191	0.002933	0.002933	


Vector Phi :

0.001647	0.602651	0.158529	0.079123	0.029575	0.044462	0.026353	0.014849	0.013173	0.009879	0.019759	
