
Parameters: 11 states AND 11 symbols

Matrix A :

0.090909	0.090909	0.090909	0.090909	0.090909	0.090909	0.090909	0.090909	0.090909	0.090909	0.090909	
0.000364	0.856364	0.112364	0.020364	0.008364	0.000364	0.000364	0.000364	0.000364	0.000364	0.000364	
0.000764	0.227655	0.614209	0.093201	0.034377	0.009167	0.009167	0.000764	0.009167	0.000764	0.000764	
0.001653	0.110744	0.310744	0.328926	0.183471	0.056198	0.001653	0.001653	0.001653	0.001653	0.001653	
0.002597	0.059740	0.002597	0.402597	0.174026	0.231169	0.088312	0.031169	0.002597	0.002597	0.002597	
0.003497	0.003497	0.003497	0.080420	0.234266	0.272727	0.272727	0.118881	0.003497	0.003497	0.003497	
0.003135	0.003135	0.003135	0.141066	0.175549	0.106583	0.347962	0.106583	0.072100	0.037618	0.003135	
0.003497	0.003497	0.003497	0.003497	0.041958	0.041958	0.157343	0.465035	0.272727	0.003497	0.003497	
0.003953	0.047431	0.003953	0.003953	0.003953	0.047431	0.047431	0.177866	0.395257	0.221344	0.047431	
0.004329	0.004329	0.004329	0.004329	0.004329	0.051948	0.051948	0.051948	0.099567	0.528139	0.194805	
0.006061	0.006061	0.006061	0.006061	0.006061	0.006061	0.072727	0.072727	0.072727	0.206061	0.539394	


Matrix B :

0.090909	0.090909	0.090909	0.090909	0.090909	0.090909	0.090909	0.090909	0.090909	0.090909	0.090909	
0.000343	0.332419	0.211664	0.173928	0.177702	0.056947	0.026758	0.000343	0.007890	0.011664	0.000343	
0.000733	0.170088	0.250733	0.218475	0.194282	0.089443	0.049120	0.000733	0.000733	0.016862	0.008798	
0.001567	0.277429	0.311912	0.242947	0.070533	0.001567	0.036050	0.036050	0.001567	0.001567	0.018809	
0.002457	0.326781	0.326781	0.137592	0.083538	0.029484	0.002457	0.083538	0.002457	0.002457	0.002457	
0.003367	0.003367	0.262626	0.262626	0.151515	0.077441	0.151515	0.040404	0.003367	0.003367	0.040404	
0.002933	0.099707	0.486804	0.196481	0.067449	0.067449	0.067449	0.002933	0.002933	0.002933	0.002933	
0.003497	0.041958	0.157343	0.388112	0.080420	0.234266	0.003497	0.041958	0.003497	0.003497	0.041958	
0.003953	0.090909	0.047431	0.003953	0.134387	0.308300	0.221344	0.003953	0.003953	0.047431	0.134387	
0.003953	0.047431	0.090909	0.047431	0.177866	0.177866	0.308300	0.134387	0.003953	0.003953	0.003953	
0.006061	0.006061	0.206061	0.139394	0.139394	0.139394	0.206061	0.139394	0.006061	0.006061	0.006061	


Vector Pi :

0.002933	0.454545	0.164223	0.099707	0.067449	0.035191	0.067449	0.002933	0.002933	0.067449	0.035191	


Vector Phi :

0.001578	0.433099	0.202696	0.091456	0.057488	0.042023	0.045820	0.040328	0.035362	0.030873	0.019278	
