
Parameters: 11 states AND 11 symbols

Matrix A :

0.045455	0.045455	0.045455	0.045455	0.045455	0.045455	0.045455	0.045455	0.045455	0.045455	0.545455	
0.000380	0.841385	0.125903	0.025485	0.000380	0.000380	0.000380	0.004564	0.000380	0.000380	0.000380	
0.000716	0.252684	0.520401	0.158196	0.032212	0.024338	0.008590	0.000716	0.000716	0.000716	0.000716	
0.001082	0.060606	0.274892	0.453463	0.143939	0.036797	0.012987	0.001082	0.001082	0.012987	0.001082	
0.001934	0.001934	0.065764	0.342360	0.384913	0.108317	0.023211	0.023211	0.044487	0.001934	0.001934	
0.037618	0.037618	0.072100	0.106583	0.175549	0.278997	0.141066	0.106583	0.037618	0.003135	0.003135	
0.005682	0.005682	0.068182	0.005682	0.193182	0.255682	0.193182	0.193182	0.005682	0.068182	0.005682	
0.004329	0.004329	0.051948	0.004329	0.147186	0.147186	0.147186	0.194805	0.147186	0.147186	0.004329	
0.005682	0.005682	0.005682	0.005682	0.005682	0.068182	0.005682	0.380682	0.318182	0.193182	0.005682	
0.005051	0.005051	0.005051	0.005051	0.005051	0.060606	0.116162	0.005051	0.227273	0.505051	0.060606	
0.015152	0.015152	0.015152	0.015152	0.015152	0.015152	0.015152	0.348485	0.015152	0.015152	0.515152	


Matrix B :

0.045455	0.045455	0.045455	0.045455	0.045455	0.045455	0.045455	0.545455	0.045455	0.045455	0.045455	
0.000359	0.332375	0.387711	0.158462	0.071506	0.043838	0.004312	0.000359	0.000359	0.000359	0.000359	
0.000689	0.129477	0.258264	0.273416	0.265840	0.053719	0.015840	0.000689	0.000689	0.000689	0.000689	
0.001021	0.023493	0.326864	0.259448	0.203269	0.135853	0.001021	0.023493	0.012257	0.012257	0.001021	
0.001894	0.085227	0.335227	0.231061	0.231061	0.064394	0.001894	0.022727	0.001894	0.022727	0.001894	
0.002933	0.002933	0.325513	0.293255	0.196481	0.099707	0.035191	0.035191	0.002933	0.002933	0.002933	
0.005682	0.005682	0.505682	0.130682	0.130682	0.130682	0.068182	0.005682	0.005682	0.005682	0.005682	
0.004132	0.049587	0.185950	0.276860	0.276860	0.095041	0.049587	0.004132	0.004132	0.049587	0.004132	
0.005682	0.005682	0.005682	0.193182	0.318182	0.130682	0.068182	0.068182	0.005682	0.130682	0.068182	
0.004785	0.004785	0.162679	0.057416	0.267943	0.057416	0.057416	0.057416	0.004785	0.110048	0.215311	
0.012987	0.012987	0.298701	0.012987	0.012987	0.012987	0.441558	0.155844	0.012987	0.012987	0.012987	


Vector Pi :

0.002933	0.422287	0.164223	0.164223	0.067449	0.067449	0.002933	0.035191	0.002933	0.035191	0.035191	


Vector Phi :

0.003234	0.404925	0.210380	0.136723	0.073786	0.046743	0.025840	0.033900	0.025707	0.029056	0.009707	
