
Parameters: 11 states AND 11 symbols

Matrix A :

0.0909091	0.0909091	0.0909091	0.0909091	0.0909091	0.0909091	0.0909091	0.0909091	0.0909091	0.0909091	0.0909091	
0.000293255	0.729326	0.2261	0.0357771	0.00674487	0.000293255	0.000293255	0.000293255	0.000293255	0.000293255	0.000293255	
0.000312402	0.261481	0.532958	0.168697	0.0346767	0.000312402	0.000312402	0.000312402	0.000312402	0.000312402	0.000312402	
0.000407664	0.0317978	0.238076	0.547493	0.139421	0.0362821	0.00489197	0.000407664	0.000407664	0.000407664	0.000407664	
0.000598086	0.00717703	0.0663876	0.250598	0.480861	0.17823	0.000598086	0.013756	0.000598086	0.000598086	0.000598086	
0.000811688	0.000811688	0.0186688	0.0186688	0.286526	0.491883	0.152597	0.0275974	0.000811688	0.000811688	0.000811688	
0.00162338	0.00162338	0.00162338	0.00162338	0.0551948	0.340909	0.483766	0.108766	0.00162338	0.00162338	0.00162338	
0.00378788	0.00378788	0.00378788	0.00378788	0.00378788	0.0454545	0.253788	0.295455	0.253788	0.128788	0.00378788	
0.00568182	0.00568182	0.00568182	0.00568182	0.00568182	0.0681818	0.193182	0.255682	0.380682	0.0681818	0.00568182	
0.0113636	0.0113636	0.0113636	0.0113636	0.0113636	0.0113636	0.136364	0.0113636	0.136364	0.261364	0.386364	
0.012987	0.012987	0.012987	0.012987	0.012987	0.012987	0.012987	0.012987	0.298701	0.155844	0.441558	


Matrix B :

0.0909091	0.0909091	0.0909091	0.0909091	0.0909091	0.0909091	0.0909091	0.0909091	0.0909091	0.0909091	0.0909091	
0.00027972	0.271049	0.415664	0.197203	0.0464336	0.0187413	0.0187413	0.0156643	0.0156643	0.00027972	0.00027972	
0.00030003	0.0333033	0.307231	0.39964	0.171917	0.069607	0.00690069	0.010201	0.00030003	0.00030003	0.00030003	
0.000395257	0.000395257	0.0351779	0.422134	0.309091	0.187352	0.0264822	0.0134387	0.00474308	0.000395257	0.000395257	
0.000557724	0.000557724	0.00669269	0.123257	0.380926	0.172337	0.0987172	0.104852	0.0680424	0.0435025	0.000557724	
0.00909091	0.000757576	0.000757576	0.0257576	0.167424	0.267424	0.325758	0.0757576	0.00909091	0.0507576	0.0674242	
0.00151515	0.00151515	0.00151515	0.00151515	0.0515152	0.168182	0.334848	0.184848	0.134848	0.0848485	0.0348485	
0.00363636	0.00363636	0.00363636	0.00363636	0.00363636	0.123636	0.123636	0.523636	0.0436364	0.163636	0.00363636	
0.00534759	0.00534759	0.00534759	0.00534759	0.00534759	0.181818	0.122995	0.299465	0.240642	0.00534759	0.122995	
0.0113636	0.0113636	0.0113636	0.0113636	0.0113636	0.0113636	0.0113636	0.511364	0.261364	0.136364	0.0113636	
0.0113636	0.0113636	0.0113636	0.0113636	0.0113636	0.0113636	0.0113636	0.136364	0.261364	0.511364	0.0113636	


Vector Pi :

0.00149031	0.230999	0.198212	0.116244	0.181818	0.132638	0.0670641	0.0342772	0.0178838	0.00149031	0.0178838	


Vector Phi :

0.000800237	0.264274	0.24552	0.18671	0.125667	0.0911355	0.0443776	0.017903	0.0121265	0.00608928	0.00539653	
