
Parameters: 11 states AND 11 symbols

Matrix A :

0.0909091	0.0909091	0.0909091	0.0909091	0.0909091	0.0909091	0.0909091	0.0909091	0.0909091	0.0909091	0.0909091	
0.000176866	0.858154	0.130527	0.00990449	0.000176866	0.000176866	0.000176866	0.000176866	0.000176866	0.000176866	0.000176866	
0.000248385	0.183308	0.707899	0.106806	0.000248385	0.000248385	0.000248385	0.000248385	0.000248385	0.000248385	0.000248385	
0.000541126	0.0183983	0.238636	0.601732	0.113636	0.00649351	0.00649351	0.0124459	0.000541126	0.000541126	0.000541126	
0.0013986	0.0013986	0.0013986	0.278322	0.555245	0.155245	0.0013986	0.0013986	0.0013986	0.0013986	0.0013986	
0.00221729	0.00221729	0.00221729	0.0997783	0.221729	0.563193	0.0997783	0.00221729	0.00221729	0.00221729	0.00221729	
0.010101	0.121212	0.010101	0.010101	0.010101	0.232323	0.232323	0.232323	0.121212	0.010101	0.010101	
0.00699301	0.0839161	0.00699301	0.00699301	0.00699301	0.314685	0.0839161	0.314685	0.0839161	0.0839161	0.00699301	
0.00909091	0.00909091	0.00909091	0.00909091	0.00909091	0.00909091	0.00909091	0.309091	0.509091	0.109091	0.00909091	
0.0151515	0.0151515	0.0151515	0.0151515	0.0151515	0.0151515	0.0151515	0.181818	0.348485	0.181818	0.181818	
0.012987	0.012987	0.012987	0.012987	0.012987	0.012987	0.012987	0.012987	0.012987	0.298701	0.584416	


Matrix B :

0.0909091	0.0909091	0.0909091	0.0909091	0.0909091	0.0909091	0.0909091	0.0909091	0.0909091	0.0909091	0.0909091	
0.000168663	0.497386	0.348963	0.0818013	0.0391297	0.0187215	0.00573453	0.00573453	0.00202395	0.000168663	0.000168663	
0.000236128	0.00283353	0.358678	0.431405	0.114522	0.0807556	0.00543093	0.00543093	0.000236128	0.000236128	0.000236128	
0.000522466	0.00626959	0.0464995	0.34535	0.333856	0.178683	0.069488	0.0120167	0.000522466	0.00626959	0.000522466	
0.00126263	0.00126263	0.00126263	0.181818	0.306818	0.348485	0.0707071	0.084596	0.00126263	0.00126263	0.00126263	
0.00206612	0.00206612	0.0247934	0.00206612	0.206612	0.0929752	0.433884	0.13843	0.0702479	0.0247934	0.00206612	
0.010101	0.010101	0.010101	0.010101	0.121212	0.010101	0.010101	0.232323	0.343434	0.121212	0.121212	
0.00699301	0.00699301	0.0839161	0.0839161	0.160839	0.160839	0.00699301	0.00699301	0.00699301	0.160839	0.314685	
0.00909091	0.00909091	0.00909091	0.00909091	0.109091	0.209091	0.00909091	0.109091	0.109091	0.309091	0.109091	
0.0151515	0.0151515	0.0151515	0.181818	0.0151515	0.348485	0.181818	0.0151515	0.0151515	0.0151515	0.181818	
0.012987	0.012987	0.012987	0.012987	0.155844	0.012987	0.012987	0.155844	0.155844	0.155844	0.298701	


Vector Pi :

0.00149031	0.411326	0.296572	0.099851	0.116244	0.0506706	0.00149031	0.00149031	0.00149031	0.00149031	0.0178838	


Vector Phi :

0.000745553	0.432785	0.309642	0.140132	0.0532622	0.0326594	0.00708847	0.0097145	0.00704837	0.00373115	0.00319066	
