
Parameters: 11 states AND 11 symbols

Matrix A :

0.0909091	0.0909091	0.0909091	0.0909091	0.0909091	0.0909091	0.0909091	0.0909091	0.0909091	0.0909091	0.0909091	
0.0001998	0.782617	0.191409	0.01998	0.0045954	0.0001998	0.0001998	0.0001998	0.0001998	0.0001998	0.0001998	
0.00026976	0.249528	0.555166	0.160507	0.0299434	0.00323712	0.00026976	0.00026976	0.00026976	0.00026976	0.00026976	
0.000483559	0.0643133	0.277079	0.479207	0.128143	0.0323985	0.0111219	0.00580271	0.000483559	0.000483559	0.000483559	
0.00108225	0.0248918	0.0725108	0.322511	0.358225	0.167749	0.0487013	0.00108225	0.00108225	0.00108225	0.00108225	
0.00185529	0.00185529	0.0630798	0.103896	0.267161	0.267161	0.205937	0.0834879	0.00185529	0.00185529	0.00185529	
0.00239234	0.00239234	0.0287081	0.0287081	0.0813397	0.26555	0.344498	0.133971	0.0550239	0.0550239	0.00239234	
0.00378788	0.00378788	0.00378788	0.00378788	0.0871212	0.0871212	0.253788	0.337121	0.128788	0.0454545	0.0454545	
0.00568182	0.00568182	0.00568182	0.00568182	0.00568182	0.130682	0.130682	0.318182	0.193182	0.193182	0.00568182	
0.010101	0.010101	0.010101	0.010101	0.010101	0.010101	0.010101	0.010101	0.565657	0.232323	0.121212	
0.0227273	0.0227273	0.0227273	0.0227273	0.0227273	0.0227273	0.0227273	0.0227273	0.522727	0.0227273	0.272727	


Matrix B :

0.0909091	0.0909091	0.0909091	0.0909091	0.0909091	0.0909091	0.0909091	0.0909091	0.0909091	0.0909091	0.0909091	
0.000189394	0.400189	0.308523	0.164773	0.0876894	0.0189394	0.0147727	0.00435606	0.000189394	0.000189394	0.000189394	
0.000258264	0.0116219	0.440599	0.341167	0.150826	0.0315083	0.0144628	0.00309917	0.00594008	0.000258264	0.000258264	
0.000459137	0.000459137	0.0206612	0.500459	0.252984	0.11157	0.0812672	0.0307622	0.000459137	0.000459137	0.000459137	
0.0010101	0.0010101	0.0010101	0.0565657	0.50101	0.256566	0.089899	0.0787879	0.0121212	0.0010101	0.0010101	
0.00178253	0.00178253	0.00178253	0.00178253	0.0606061	0.511586	0.2959	0.0802139	0.0409982	0.00178253	0.00178253	
0.002331	0.002331	0.002331	0.002331	0.002331	0.181818	0.438228	0.284382	0.0536131	0.027972	0.002331	
0.00378788	0.00378788	0.00378788	0.00378788	0.00378788	0.00378788	0.0454545	0.462121	0.337121	0.128788	0.00378788	
0.00568182	0.00568182	0.00568182	0.00568182	0.00568182	0.00568182	0.00568182	0.130682	0.318182	0.443182	0.0681818	
0.00909091	0.00909091	0.00909091	0.00909091	0.00909091	0.00909091	0.00909091	0.00909091	0.509091	0.209091	0.209091	
0.272727	0.0227273	0.0227273	0.0227273	0.0227273	0.0227273	0.0227273	0.0227273	0.0227273	0.0227273	0.522727	


Vector Pi :

0.00149031	0.411326	0.247392	0.181818	0.0834575	0.0342772	0.0178838	0.00149031	0.00149031	0.0178838	0.00149031	


Vector Phi :

0.0008347	0.376782	0.279048	0.15511	0.0710141	0.0410633	0.0318246	0.0200715	0.0133814	0.00752788	0.00334326	
