
Parameters: 11 states AND 11 symbols

Matrix A :

0.0909091	0.0909091	0.0909091	0.0909091	0.0909091	0.0909091	0.0909091	0.0909091	0.0909091	0.0909091	0.0909091	
0.000189	0.815158	0.162351	0.016821	0.002268	0.002268	0.000189	0.000189	0.000189	0.000189	0.000189	
0.00030303	0.260303	0.550303	0.173636	0.0069697	0.0069697	0.00030303	0.00030303	0.00030303	0.00030303	0.00030303	
0.000519481	0.0290909	0.269091	0.480519	0.206234	0.00623377	0.00623377	0.000519481	0.000519481	0.000519481	0.000519481	
0.000811688	0.036526	0.0811688	0.232955	0.429383	0.161526	0.036526	0.0186688	0.000811688	0.000811688	0.000811688	
0.00151515	0.00151515	0.00151515	0.0848485	0.301515	0.451515	0.118182	0.0181818	0.0181818	0.00151515	0.00151515	
0.0026738	0.0026738	0.0026738	0.0026738	0.149733	0.237968	0.355615	0.208556	0.0320856	0.0026738	0.0026738	
0.004329	0.004329	0.004329	0.004329	0.0519481	0.0995671	0.337662	0.290043	0.0995671	0.0995671	0.004329	
0.00909091	0.00909091	0.00909091	0.00909091	0.00909091	0.00909091	0.209091	0.309091	0.309091	0.109091	0.00909091	
0.0151515	0.0151515	0.0151515	0.0151515	0.0151515	0.0151515	0.0151515	0.181818	0.181818	0.181818	0.348485	
0.0181818	0.0181818	0.0181818	0.0181818	0.0181818	0.0181818	0.0181818	0.0181818	0.218182	0.218182	0.418182	


Matrix B :

0.0909091	0.0909091	0.0909091	0.0909091	0.0909091	0.0909091	0.0909091	0.0909091	0.0909091	0.0909091	0.0909091	
0.000179662	0.464607	0.348006	0.13852	0.0416816	0.00413223	0.000179662	0.00215595	0.000179662	0.000179662	0.000179662	
0.000285878	0.324185	0.446827	0.157519	0.0506003	0.0160091	0.00343053	0.000285878	0.000285878	0.000285878	0.000285878	
0.00050226	0.00050226	0.696635	0.227022	0.050226	0.0170768	0.00050226	0.00602712	0.00050226	0.00050226	0.00050226	
0.000777001	0.000777001	0.317016	0.530692	0.137529	0.000777001	0.000777001	0.00932401	0.000777001	0.000777001	0.000777001	
0.00142045	0.00142045	0.0795455	0.72017	0.142045	0.0326705	0.00142045	0.00142045	0.0170455	0.00142045	0.00142045	
0.0025974	0.0025974	0.0025974	0.316883	0.574026	0.0597403	0.0311688	0.0025974	0.0025974	0.0025974	0.0025974	
0.004329	0.004329	0.004329	0.0519481	0.575758	0.242424	0.0519481	0.004329	0.004329	0.0519481	0.004329	
0.00826446	0.00826446	0.00826446	0.00826446	0.280992	0.371901	0.0991736	0.00826446	0.00826446	0.00826446	0.190083	
0.0151515	0.0151515	0.0151515	0.0151515	0.0151515	0.515152	0.348485	0.0151515	0.0151515	0.0151515	0.0151515	
0.0181818	0.0181818	0.0181818	0.0181818	0.0181818	0.0181818	0.818182	0.0181818	0.0181818	0.0181818	0.0181818	


Vector Pi :

0.00149031	0.42772	0.296572	0.0834575	0.0834575	0.0670641	0.0178838	0.00149031	0.0178838	0.00149031	0.00149031	


Vector Phi :

0.000835549	0.395135	0.248899	0.147225	0.0939888	0.0502587	0.0284911	0.0175921	0.00837143	0.00502152	0.00418233	
