
Parameters: 11 states AND 11 symbols

Matrix A :

0.0909091	0.0909091	0.0909091	0.0909091	0.0909091	0.0909091	0.0909091	0.0909091	0.0909091	0.0909091	0.0909091	
0.000121536	0.899854	0.0937044	0.00413223	0.000121536	0.00145843	0.000121536	0.000121536	0.000121536	0.000121536	0.000121536	
0.00035791	0.275948	0.610594	0.0948461	0.0161059	0.00035791	0.00035791	0.00035791	0.00035791	0.00035791	0.00035791	
0.00104493	0.0470219	0.276907	0.483804	0.161964	0.0125392	0.00104493	0.00104493	0.00104493	0.0125392	0.00104493	
0.00206612	0.00206612	0.0702479	0.320248	0.365702	0.161157	0.0475207	0.00206612	0.0247934	0.00206612	0.00206612	
0.00378788	0.00378788	0.0454545	0.128788	0.253788	0.378788	0.128788	0.00378788	0.00378788	0.0454545	0.00378788	
0.00606061	0.00606061	0.0727273	0.00606061	0.139394	0.272727	0.272727	0.206061	0.00606061	0.00606061	0.00606061	
0.00909091	0.00909091	0.00909091	0.00909091	0.00909091	0.109091	0.409091	0.209091	0.209091	0.00909091	0.00909091	
0.00757576	0.00757576	0.00757576	0.00757576	0.00757576	0.00757576	0.0909091	0.340909	0.424242	0.0909091	0.00757576	
0.012987	0.012987	0.012987	0.012987	0.155844	0.012987	0.012987	0.012987	0.298701	0.298701	0.155844	
0.030303	0.030303	0.030303	0.030303	0.030303	0.030303	0.030303	0.030303	0.030303	0.363636	0.363636	


Matrix B :

0.0909091	0.0909091	0.0909091	0.0909091	0.0909091	0.0909091	0.0909091	0.0909091	0.0909091	0.0909091	0.0909091	
0.000115513	0.211043	0.367333	0.232644	0.111933	0.0585653	0.00901005	0.00646875	0.00265681	0.000115513	0.000115513	
0.000337952	0.0114904	0.186212	0.360933	0.241974	0.108145	0.0672525	0.0114904	0.000337952	0.00405542	0.0077729	
0.00104493	0.00104493	0.0815047	0.207941	0.345873	0.104493	0.092999	0.104493	0.0585162	0.00104493	0.00104493	
0.0020202	0.0242424	0.0242424	0.157576	0.246465	0.224242	0.113131	0.135354	0.0020202	0.0464646	0.0242424	
0.003367	0.040404	0.003367	0.040404	0.114478	0.114478	0.410774	0.188552	0.0774411	0.003367	0.003367	
0.00606061	0.00606061	0.206061	0.00606061	0.0727273	0.272727	0.206061	0.139394	0.0727273	0.00606061	0.00606061	
0.00826446	0.00826446	0.190083	0.190083	0.00826446	0.280992	0.00826446	0.190083	0.0991736	0.00826446	0.00826446	
0.00757576	0.00757576	0.0909091	0.507576	0.00757576	0.00757576	0.257576	0.0909091	0.00757576	0.00757576	0.00757576	
0.012987	0.012987	0.012987	0.012987	0.441558	0.441558	0.012987	0.012987	0.012987	0.012987	0.012987	
0.0227273	0.0227273	0.0227273	0.0227273	0.0227273	0.772727	0.0227273	0.0227273	0.0227273	0.0227273	0.0227273	


Vector Pi :

0.00149031	0.640835	0.230999	0.00149031	0.0178838	0.0506706	0.00149031	0.0178838	0.0178838	0.00149031	0.0178838	


Vector Phi :

0.000767511	0.626777	0.213298	0.0716728	0.0354881	0.01876	0.0110907	0.00692325	0.00765878	0.00528112	0.00228294	
