
Parameters: 11 states AND 11 symbols

Matrix A :

0.0909091	0.0909091	0.0909091	0.0909091	0.0909091	0.0909091	0.0909091	0.0909091	0.0909091	0.0909091	0.0909091	
9.80681e-05	0.950476	0.047563	0.00117682	9.80681e-05	9.80681e-05	9.80681e-05	9.80681e-05	9.80681e-05	9.80681e-05	9.80681e-05	
0.0004662	0.231235	0.682517	0.0773893	0.00559441	0.0004662	0.0004662	0.0004662	0.0004662	0.0004662	0.0004662	
0.00197628	0.00197628	0.328063	0.545455	0.0889328	0.0237154	0.00197628	0.00197628	0.00197628	0.00197628	0.00197628	
0.00699301	0.00699301	0.0839161	0.314685	0.391608	0.160839	0.00699301	0.00699301	0.00699301	0.00699301	0.00699301	
0.010101	0.010101	0.010101	0.010101	0.121212	0.565657	0.232323	0.010101	0.010101	0.010101	0.010101	
0.0181818	0.0181818	0.0181818	0.0181818	0.218182	0.0181818	0.418182	0.0181818	0.0181818	0.0181818	0.218182	
0.0909091	0.0909091	0.0909091	0.0909091	0.0909091	0.0909091	0.0909091	0.0909091	0.0909091	0.0909091	0.0909091	
0.0454545	0.0454545	0.545455	0.0454545	0.0454545	0.0454545	0.0454545	0.0454545	0.0454545	0.0454545	0.0454545	
0.0909091	0.0909091	0.0909091	0.0909091	0.0909091	0.0909091	0.0909091	0.0909091	0.0909091	0.0909091	0.0909091	
0.0181818	0.0181818	0.0181818	0.0181818	0.0181818	0.0181818	0.0181818	0.0181818	0.218182	0.0181818	0.618182	


Matrix B :

0.0909091	0.0909091	0.0909091	0.0909091	0.0909091	0.0909091	0.0909091	0.0909091	0.0909091	0.0909091	0.0909091	
9.32401e-05	0.311888	0.375478	0.182657	0.0759907	0.0400932	0.0113753	0.00214452	9.32401e-05	9.32401e-05	9.32401e-05	
0.000443459	0.00532151	0.23459	0.229712	0.249224	0.161419	0.054102	0.0394678	0.0248337	0.000443459	0.000443459	
0.00189394	0.00189394	0.0643939	0.272727	0.314394	0.168561	0.106061	0.0435606	0.00189394	0.00189394	0.0227273	
0.00699301	0.00699301	0.0839161	0.314685	0.468531	0.00699301	0.00699301	0.00699301	0.00699301	0.00699301	0.0839161	
0.010101	0.010101	0.232323	0.232323	0.010101	0.010101	0.121212	0.121212	0.121212	0.010101	0.121212	
0.0181818	0.0181818	0.0181818	0.618182	0.0181818	0.218182	0.0181818	0.0181818	0.0181818	0.0181818	0.0181818	
0.0909091	0.0909091	0.0909091	0.0909091	0.0909091	0.0909091	0.0909091	0.0909091	0.0909091	0.0909091	0.0909091	
0.0454545	0.0454545	0.0454545	0.0454545	0.0454545	0.0454545	0.545455	0.0454545	0.0454545	0.0454545	0.0454545	
0.0909091	0.0909091	0.0909091	0.0909091	0.0909091	0.0909091	0.0909091	0.0909091	0.0909091	0.0909091	0.0909091	
0.0181818	0.0181818	0.0181818	0.0181818	0.0181818	0.0181818	0.0181818	0.418182	0.418182	0.0181818	0.0181818	


Vector Pi :

0.00149031	0.788376	0.165425	0.0342772	0.00149031	0.00149031	0.00149031	0.00149031	0.00149031	0.00149031	0.00149031	


Vector Phi :

0.000829881	0.769294	0.161826	0.0381744	0.0107884	0.00746893	0.00414941	0.000829881	0.00165977	0.000829881	0.00414942	
