
Parameters: 11 states AND 11 symbols

Matrix A :

0.0909091	0.0909091	0.0909091	0.0909091	0.0909091	0.0909091	0.0909091	0.0909091	0.0909091	0.0909091	0.0909091	
0.000226142	0.724107	0.236545	0.0325645	0.0027137	0.0027137	0.000226142	0.000226142	0.000226142	0.000226142	0.000226142	
0.000308166	0.332512	0.430817	0.186749	0.0409861	0.003698	0.003698	0.000308166	0.000308166	0.000308166	0.000308166	
0.000434972	0.0434972	0.292301	0.459765	0.172684	0.0195737	0.0100043	0.000434972	0.000434972	0.000434972	0.000434972	
0.000704722	0.0162086	0.0704722	0.295278	0.38055	0.186751	0.0394644	0.00845666	0.000704722	0.000704722	0.000704722	
0.0012285	0.0012285	0.014742	0.0823096	0.339066	0.379607	0.136364	0.014742	0.0282555	0.0012285	0.0012285	
0.002331	0.027972	0.027972	0.027972	0.104895	0.258741	0.258741	0.156177	0.104895	0.027972	0.002331	
0.00478469	0.00478469	0.00478469	0.00478469	0.0574163	0.215311	0.215311	0.267943	0.215311	0.00478469	0.00478469	
0.00478469	0.00478469	0.00478469	0.00478469	0.00478469	0.00478469	0.162679	0.162679	0.373206	0.162679	0.110048	
0.00826446	0.00826446	0.00826446	0.00826446	0.00826446	0.0991736	0.280992	0.190083	0.0991736	0.0991736	0.190083	
0.012987	0.012987	0.012987	0.012987	0.012987	0.012987	0.012987	0.012987	0.012987	0.584416	0.298701	


Matrix B :

0.0909091	0.0909091	0.0909091	0.0909091	0.0909091	0.0909091	0.0909091	0.0909091	0.0909091	0.0909091	0.0909091	
0.000212902	0.417075	0.295295	0.15478	0.0657867	0.0283159	0.0119225	0.0212902	0.00255482	0.00255482	0.000212902	
0.000294204	0.0520741	0.556929	0.246249	0.0909091	0.0261842	0.0164754	0.00353045	0.00353045	0.000294204	0.00353045	
0.00041511	0.00954753	0.146534	0.520963	0.173931	0.0506434	0.0232462	0.0323786	0.0369448	0.00498132	0.00041511	
0.000683527	0.000683527	0.0157211	0.339029	0.331511	0.136022	0.120984	0.0307587	0.0157211	0.00820232	0.000683527	
0.00119617	0.00119617	0.0143541	0.0406699	0.461722	0.330144	0.0933014	0.027512	0.00119617	0.027512	0.00119617	
0.002331	0.002331	0.002331	0.027972	0.104895	0.540793	0.156177	0.0536131	0.0792541	0.002331	0.027972	
0.00413223	0.00413223	0.00413223	0.0950413	0.0950413	0.0950413	0.367769	0.0950413	0.0495868	0.0495868	0.140496	
0.004329	0.004329	0.004329	0.0519481	0.004329	0.147186	0.337662	0.0519481	0.147186	0.0519481	0.194805	
0.00826446	0.00826446	0.00826446	0.00826446	0.280992	0.00826446	0.0991736	0.190083	0.190083	0.0991736	0.0991736	
0.012987	0.012987	0.012987	0.012987	0.012987	0.012987	0.298701	0.155844	0.298701	0.155844	0.012987	


Vector Pi :

0.00149031	0.411326	0.230999	0.149031	0.0670641	0.0342772	0.00149031	0.0506706	0.0342772	0.0178838	0.00149031	


Vector Phi :

0.000799087	0.335751	0.246531	0.175351	0.106881	0.060449	0.0312615	0.0149633	0.0150243	0.00769658	0.00529195	
