
Parameters: 11 states AND 11 symbols

Matrix A :

0.090909	0.090909	0.090909	0.090909	0.090909	0.090909	0.090909	0.090909	0.090909	0.090909	0.090909	
0.000446	0.750446	0.230838	0.010250	0.005348	0.000446	0.000446	0.000446	0.000446	0.000446	0.000446	
0.000529	0.273784	0.517970	0.192389	0.012156	0.000529	0.000529	0.000529	0.000529	0.000529	0.000529	
0.000673	0.015488	0.267340	0.571044	0.141414	0.000673	0.000673	0.000673	0.000673	0.000673	0.000673	
0.001212	0.001212	0.001212	0.294545	0.574545	0.121212	0.001212	0.001212	0.001212	0.001212	0.001212	
0.003953	0.003953	0.003953	0.003953	0.395257	0.482213	0.047431	0.003953	0.003953	0.047431	0.003953	
0.045455	0.045455	0.045455	0.045455	0.045455	0.045455	0.045455	0.545455	0.045455	0.045455	0.045455	
0.018182	0.018182	0.018182	0.018182	0.018182	0.418182	0.018182	0.218182	0.218182	0.018182	0.018182	
0.030303	0.030303	0.030303	0.030303	0.030303	0.030303	0.030303	0.363636	0.030303	0.363636	0.030303	
0.030303	0.030303	0.030303	0.030303	0.030303	0.030303	0.030303	0.363636	0.030303	0.030303	0.363636	
0.045455	0.045455	0.045455	0.045455	0.045455	0.045455	0.045455	0.045455	0.545455	0.045455	0.045455	


Matrix B :

0.090909	0.090909	0.090909	0.090909	0.090909	0.090909	0.090909	0.090909	0.090909	0.090909	0.090909	
0.000425	0.210705	0.224724	0.196686	0.140612	0.107901	0.065845	0.042481	0.009771	0.000425	0.000425	
0.000508	0.061960	0.302184	0.190452	0.190452	0.128999	0.067547	0.028441	0.017268	0.006094	0.006094	
0.000649	0.000649	0.072078	0.272078	0.264935	0.122078	0.122078	0.064935	0.064935	0.014935	0.000649	
0.001196	0.001196	0.040670	0.080144	0.303828	0.132775	0.211722	0.198565	0.027512	0.001196	0.001196	
0.003788	0.003788	0.003788	0.003788	0.212121	0.378788	0.087121	0.212121	0.045455	0.045455	0.003788	
0.030303	0.030303	0.030303	0.030303	0.030303	0.030303	0.030303	0.030303	0.030303	0.696970	0.030303	
0.018182	0.018182	0.018182	0.018182	0.018182	0.018182	0.418182	0.018182	0.018182	0.018182	0.418182	
0.030303	0.030303	0.030303	0.030303	0.030303	0.030303	0.363636	0.030303	0.030303	0.030303	0.363636	
0.030303	0.030303	0.030303	0.030303	0.030303	0.030303	0.030303	0.363636	0.030303	0.030303	0.363636	
0.045455	0.045455	0.045455	0.045455	0.045455	0.045455	0.045455	0.045455	0.545455	0.045455	0.045455	


Vector Pi :

0.003497	0.426573	0.234266	0.195804	0.041958	0.041958	0.041958	0.003497	0.003497	0.003497	0.003497	


Vector Phi :

0.001604	0.322335	0.277256	0.217218	0.120562	0.036954	0.003211	0.008023	0.004813	0.004815	0.003209	
