
Parameters: 11 states AND 11 symbols

Matrix A :

0.090909	0.090909	0.090909	0.090909	0.090909	0.090909	0.090909	0.090909	0.090909	0.090909	0.090909	
0.000283	0.888134	0.096856	0.009629	0.003398	0.000283	0.000283	0.000283	0.000283	0.000283	0.000283	
0.000751	0.273479	0.529677	0.141247	0.033809	0.000751	0.000751	0.000751	0.000751	0.009016	0.009016	
0.001748	0.020979	0.309441	0.405594	0.155594	0.020979	0.020979	0.020979	0.020979	0.020979	0.001748	
0.004329	0.051948	0.099567	0.242424	0.147186	0.194805	0.099567	0.004329	0.004329	0.147186	0.004329	
0.008264	0.008264	0.190083	0.008264	0.280992	0.099174	0.099174	0.190083	0.099174	0.008264	0.008264	
0.006494	0.006494	0.077922	0.006494	0.077922	0.292208	0.292208	0.220779	0.006494	0.006494	0.006494	
0.005682	0.005682	0.130682	0.068182	0.005682	0.005682	0.193182	0.255682	0.130682	0.193182	0.005682	
0.011364	0.136364	0.011364	0.011364	0.011364	0.011364	0.136364	0.011364	0.011364	0.386364	0.261364	
0.003953	0.003953	0.047431	0.047431	0.003953	0.003953	0.047431	0.090909	0.090909	0.351779	0.308300	
0.005348	0.005348	0.064171	0.122995	0.005348	0.005348	0.005348	0.181818	0.064171	0.181818	0.358289	


Matrix B :

0.090909	0.090909	0.090909	0.090909	0.090909	0.090909	0.090909	0.090909	0.090909	0.090909	0.090909	
0.000269	0.100861	0.302044	0.275417	0.165949	0.080151	0.032813	0.012103	0.012103	0.006186	0.012103	
0.000722	0.016595	0.215007	0.222944	0.080087	0.199134	0.103896	0.064214	0.056277	0.016595	0.024531	
0.001684	0.001684	0.020202	0.242424	0.242424	0.186869	0.131313	0.149832	0.020202	0.001684	0.001684	
0.003788	0.003788	0.253788	0.128788	0.295455	0.128788	0.170455	0.003788	0.003788	0.003788	0.003788	
0.007576	0.007576	0.174242	0.257576	0.174242	0.174242	0.174242	0.007576	0.007576	0.007576	0.007576	
0.006061	0.006061	0.006061	0.206061	0.206061	0.072727	0.339394	0.139394	0.006061	0.006061	0.006061	
0.005682	0.005682	0.193182	0.068182	0.130682	0.193182	0.068182	0.068182	0.193182	0.068182	0.005682	
0.011364	0.011364	0.136364	0.261364	0.011364	0.136364	0.011364	0.261364	0.136364	0.011364	0.011364	
0.003788	0.003788	0.045455	0.087121	0.128788	0.170455	0.087121	0.295455	0.003788	0.170455	0.003788	
0.005348	0.005348	0.240642	0.299465	0.064171	0.181818	0.064171	0.005348	0.122995	0.005348	0.005348	


Vector Pi :

0.002933	0.519062	0.164223	0.099707	0.099707	0.035191	0.035191	0.002933	0.002933	0.035191	0.002933	


Vector Phi :

0.001617	0.540418	0.198707	0.082312	0.033782	0.017665	0.022486	0.025717	0.012853	0.037027	0.027418	
