
Parameters: 11 states AND 11 symbols

Matrix A :

0.0909091	0.0909091	0.0909091	0.0909091	0.0909091	0.0909091	0.0909091	0.0909091	0.0909091	0.0909091	0.0909091	
0.000148302	0.84191	0.135548	0.0148302	0.00504227	0.00177962	0.000148302	0.000148302	0.000148302	0.000148302	0.000148302	
0.000296121	0.273912	0.576843	0.133847	0.0100681	0.000296121	0.00355345	0.000296121	0.000296121	0.000296121	0.000296121	
0.00071582	0.071582	0.268432	0.433787	0.16607	0.0400859	0.0164639	0.00071582	0.00071582	0.00071582	0.00071582	
0.00119617	0.0406699	0.145933	0.238038	0.395933	0.0933014	0.0669856	0.0143541	0.00119617	0.00119617	0.00119617	
0.003367	0.003367	0.040404	0.114478	0.373737	0.188552	0.151515	0.0774411	0.040404	0.003367	0.003367	
0.0034965	0.0034965	0.041958	0.0034965	0.234266	0.195804	0.311189	0.0804196	0.0804196	0.041958	0.0034965	
0.00757576	0.00757576	0.00757576	0.00757576	0.0909091	0.257576	0.257576	0.257576	0.00757576	0.0909091	0.00757576	
0.0151515	0.0151515	0.0151515	0.0151515	0.0151515	0.0151515	0.181818	0.181818	0.181818	0.348485	0.0151515	
0.012987	0.012987	0.012987	0.012987	0.012987	0.012987	0.155844	0.298701	0.155844	0.155844	0.155844	
0.030303	0.030303	0.030303	0.030303	0.030303	0.030303	0.030303	0.030303	0.030303	0.363636	0.363636	


Matrix B :

0.0909091	0.0909091	0.0909091	0.0909091	0.0909091	0.0909091	0.0909091	0.0909091	0.0909091	0.0909091	0.0909091	
0.000141603	0.721325	0.227556	0.0359671	0.0126027	0.000141603	0.000141603	0.00169924	0.000141603	0.000141603	0.000141603	
0.000277162	0.271619	0.579545	0.122228	0.0155211	0.00332594	0.000277162	0.00637472	0.000277162	0.000277162	0.000277162	
0.000710227	0.000710227	0.56321	0.34446	0.0788352	0.00852273	0.000710227	0.000710227	0.000710227	0.000710227	0.000710227	
0.00113636	0.00113636	0.0636364	0.563636	0.301136	0.0636364	0.00113636	0.00113636	0.00113636	0.00113636	0.00113636	
0.00324675	0.00324675	0.00324675	0.181818	0.538961	0.217532	0.00324675	0.00324675	0.038961	0.00324675	0.00324675	
0.003367	0.003367	0.003367	0.003367	0.484848	0.3367	0.114478	0.040404	0.003367	0.003367	0.003367	
0.00699301	0.00699301	0.00699301	0.00699301	0.00699301	0.545455	0.0839161	0.160839	0.00699301	0.160839	0.00699301	
0.012987	0.012987	0.012987	0.012987	0.012987	0.012987	0.584416	0.298701	0.012987	0.012987	0.012987	
0.012987	0.012987	0.012987	0.012987	0.012987	0.012987	0.441558	0.012987	0.298701	0.012987	0.155844	
0.0227273	0.0227273	0.0227273	0.0227273	0.0227273	0.0227273	0.0227273	0.0227273	0.0227273	0.0227273	0.772727	


Vector Pi :

0.00149031	0.4769	0.329359	0.0178838	0.0834575	0.0178838	0.0178838	0.0178838	0.0178838	0.00149031	0.0178838	


Vector Phi :

0.000819699	0.510662	0.256327	0.104932	0.0611903	0.0220191	0.0211955	0.00978215	0.00489906	0.00571831	0.0024549	
