
Parameters: 11 states AND 11 symbols

Matrix A :

0.0909091	0.0909091	0.0909091	0.0909091	0.0909091	0.0909091	0.0909091	0.0909091	0.0909091	0.0909091	0.0909091	
0.000170882	0.81784	0.169344	0.0114491	0.000170882	0.000170882	0.000170882	0.000170882	0.000170882	0.000170882	0.000170882	
0.000258264	0.258781	0.579804	0.147986	0.0116219	0.000258264	0.000258264	0.000258264	0.000258264	0.000258264	0.000258264	
0.000531632	0.0239234	0.310473	0.532695	0.111643	0.0122275	0.00637959	0.000531632	0.000531632	0.000531632	0.000531632	
0.00126263	0.0151515	0.0568182	0.292929	0.445707	0.15404	0.0290404	0.00126263	0.00126263	0.00126263	0.00126263	
0.00252525	0.00252525	0.00252525	0.00252525	0.363636	0.474747	0.113636	0.030303	0.00252525	0.00252525	0.00252525	
0.00699301	0.00699301	0.00699301	0.00699301	0.160839	0.237762	0.160839	0.314685	0.0839161	0.00699301	0.00699301	
0.00699301	0.00699301	0.00699301	0.00699301	0.0839161	0.160839	0.237762	0.160839	0.314685	0.00699301	0.00699301	
0.010101	0.010101	0.010101	0.010101	0.010101	0.010101	0.010101	0.454545	0.343434	0.121212	0.010101	
0.030303	0.030303	0.030303	0.030303	0.030303	0.030303	0.030303	0.363636	0.030303	0.030303	0.363636	
0.030303	0.030303	0.030303	0.030303	0.030303	0.030303	0.030303	0.030303	0.030303	0.363636	0.363636	


Matrix B :

0.0909091	0.0909091	0.0909091	0.0909091	0.0909091	0.0909091	0.0909091	0.0909091	0.0909091	0.0909091	0.0909091	
0.000162628	0.187998	0.329322	0.216621	0.10213	0.0574077	0.0413075	0.0269963	0.0180517	0.0198406	0.000162628	
0.000247709	0.0056973	0.278177	0.3027	0.174635	0.090166	0.0547436	0.0465692	0.0274957	0.0084221	0.0111469	
0.000496771	0.000496771	0.0278192	0.213612	0.404868	0.148038	0.0660705	0.0988574	0.0387481	0.000496771	0.000496771	
0.00119617	0.00119617	0.00119617	0.0669856	0.435407	0.316986	0.119617	0.0538278	0.00119617	0.00119617	0.00119617	
0.002457	0.002457	0.002457	0.002457	0.191646	0.353808	0.353808	0.0835381	0.002457	0.002457	0.002457	
0.00699301	0.00699301	0.00699301	0.00699301	0.00699301	0.391608	0.314685	0.237762	0.00699301	0.00699301	0.00699301	
0.00649351	0.00649351	0.00649351	0.00649351	0.00649351	0.220779	0.220779	0.506494	0.00649351	0.00649351	0.00649351	
0.010101	0.010101	0.010101	0.010101	0.010101	0.232323	0.232323	0.343434	0.121212	0.010101	0.010101	
0.030303	0.030303	0.030303	0.030303	0.030303	0.030303	0.030303	0.363636	0.363636	0.030303	0.030303	
0.030303	0.030303	0.030303	0.030303	0.030303	0.030303	0.030303	0.030303	0.69697	0.030303	0.030303	


Vector Pi :

0.00149031	0.444113	0.247392	0.198212	0.0670641	0.0178838	0.00149031	0.0178838	0.00149031	0.00149031	0.00149031	


Vector Phi :

0.000829888	0.441492	0.292116	0.141909	0.0597516	0.029876	0.0107886	0.0107886	0.00746907	0.00248968	0.00248968	
