
Parameters: 11 states AND 11 symbols

Matrix A :

0.0909091	0.0909091	0.0909091	0.0909091	0.0909091	0.0909091	0.0909091	0.0909091	0.0909091	0.0909091	0.0909091	
0.000139218	0.756648	0.190032	0.0445496	0.00626479	0.000139218	0.00167061	0.000139218	0.000139218	0.000139218	0.000139218	
0.000307125	0.43274	0.392199	0.125307	0.0340909	0.0104423	0.0036855	0.000307125	0.000307125	0.000307125	0.000307125	
0.000733138	0.162023	0.307185	0.258798	0.170088	0.0571848	0.0329912	0.00879765	0.000733138	0.000733138	0.000733138	
0.00146628	0.0982405	0.227273	0.195015	0.195015	0.178886	0.0821114	0.00146628	0.0175953	0.00146628	0.00146628	
0.00252525	0.0858586	0.0580808	0.169192	0.280303	0.19697	0.0580808	0.113636	0.030303	0.00252525	0.00252525	
0.00505051	0.00505051	0.00505051	0.282828	0.116162	0.227273	0.171717	0.00505051	0.0606061	0.0606061	0.0606061	
0.0113636	0.136364	0.0113636	0.0113636	0.261364	0.261364	0.0113636	0.136364	0.0113636	0.0113636	0.136364	
0.0227273	0.0227273	0.0227273	0.272727	0.0227273	0.272727	0.272727	0.0227273	0.0227273	0.0227273	0.0227273	
0.030303	0.030303	0.030303	0.363636	0.030303	0.030303	0.030303	0.363636	0.030303	0.030303	0.030303	
0.0227273	0.0227273	0.272727	0.0227273	0.0227273	0.0227273	0.0227273	0.0227273	0.0227273	0.272727	0.272727	


Matrix B :

0.0909091	0.0909091	0.0909091	0.0909091	0.0909091	0.0909091	0.0909091	0.0909091	0.0909091	0.0909091	0.0909091	
0.000132908	0.520601	0.30715	0.118554	0.0264487	0.0132908	0.00890484	0.00451887	0.000132908	0.000132908	0.000132908	
0.000294204	0.168579	0.456605	0.249485	0.0553104	0.0229479	0.0261842	0.0100029	0.00353045	0.0067667	0.000294204	
0.000693963	0.122831	0.382373	0.328938	0.122831	0.000693963	0.0312283	0.00832755	0.000693963	0.000693963	0.000693963	
0.00135685	0.0162822	0.240163	0.34464	0.210312	0.0909091	0.0759837	0.0162822	0.00135685	0.00135685	0.00135685	
0.00227273	0.00227273	0.0272727	0.452273	0.327273	0.0772727	0.0522727	0.00227273	0.00227273	0.00227273	0.0522727	
0.00505051	0.00505051	0.0606061	0.338384	0.338384	0.116162	0.0606061	0.0606061	0.00505051	0.00505051	0.00505051	
0.0113636	0.0113636	0.0113636	0.136364	0.261364	0.261364	0.261364	0.0113636	0.0113636	0.0113636	0.0113636	
0.0227273	0.0227273	0.0227273	0.272727	0.0227273	0.522727	0.0227273	0.0227273	0.0227273	0.0227273	0.0227273	
0.030303	0.030303	0.030303	0.030303	0.363636	0.363636	0.030303	0.030303	0.030303	0.030303	0.030303	
0.0227273	0.0227273	0.0227273	0.0227273	0.0227273	0.522727	0.272727	0.0227273	0.0227273	0.0227273	0.0227273	


Vector Pi :

0.00149031	0.509687	0.214605	0.116244	0.0834575	0.0670641	0.00149031	0.00149031	0.00149031	0.00149031	0.00149031	


Vector Phi :

0.00082713	0.540116	0.24483	0.102564	0.0512821	0.0297767	0.0148883	0.00661704	0.00330852	0.00248139	0.00330852	
