
Parameters: 11 states AND 11 symbols

Matrix A :

0.090909	0.090909	0.090909	0.090909	0.090909	0.090909	0.090909	0.090909	0.090909	0.090909	0.090909	
0.000359	0.806683	0.182178	0.008264	0.000359	0.000359	0.000359	0.000359	0.000359	0.000359	0.000359	
0.000554	0.287140	0.524945	0.165188	0.006652	0.006652	0.006652	0.000554	0.000554	0.000554	0.000554	
0.000758	0.009091	0.242424	0.592424	0.142424	0.009091	0.000758	0.000758	0.000758	0.000758	0.000758	
0.001420	0.017045	0.001420	0.282670	0.642045	0.048295	0.001420	0.001420	0.001420	0.001420	0.001420	
0.010101	0.010101	0.121212	0.010101	0.343434	0.121212	0.232323	0.121212	0.010101	0.010101	0.010101	
0.012987	0.012987	0.012987	0.012987	0.155844	0.155844	0.155844	0.298701	0.155844	0.012987	0.012987	
0.018182	0.018182	0.018182	0.218182	0.018182	0.018182	0.418182	0.018182	0.018182	0.218182	0.018182	
0.045455	0.045455	0.045455	0.045455	0.045455	0.545455	0.045455	0.045455	0.045455	0.045455	0.045455	
0.045455	0.045455	0.045455	0.045455	0.045455	0.045455	0.045455	0.045455	0.045455	0.045455	0.545455	
0.030303	0.030303	0.030303	0.030303	0.030303	0.030303	0.030303	0.363636	0.030303	0.030303	0.363636	


Matrix B :

0.090909	0.090909	0.090909	0.090909	0.090909	0.090909	0.090909	0.090909	0.090909	0.090909	0.090909	
0.000347	0.465996	0.378210	0.118668	0.023248	0.011797	0.000347	0.000347	0.000347	0.000347	0.000347	
0.000525	0.145034	0.723069	0.098791	0.023647	0.006306	0.000525	0.000525	0.000525	0.000525	0.000525	
0.000733	0.000733	0.412023	0.460411	0.065249	0.032991	0.024927	0.000733	0.000733	0.000733	0.000733	
0.001377	0.001377	0.031680	0.516529	0.365014	0.061983	0.016529	0.001377	0.001377	0.001377	0.001377	
0.010101	0.010101	0.010101	0.343434	0.232323	0.121212	0.121212	0.121212	0.010101	0.010101	0.010101	
0.011364	0.011364	0.011364	0.011364	0.761364	0.011364	0.011364	0.011364	0.136364	0.011364	0.011364	
0.018182	0.018182	0.018182	0.018182	0.418182	0.018182	0.018182	0.218182	0.018182	0.218182	0.018182	
0.045455	0.045455	0.045455	0.045455	0.045455	0.545455	0.045455	0.045455	0.045455	0.045455	0.045455	
0.045455	0.045455	0.045455	0.045455	0.045455	0.045455	0.045455	0.045455	0.045455	0.045455	0.545455	
0.030303	0.030303	0.030303	0.030303	0.030303	0.030303	0.030303	0.030303	0.030303	0.363636	0.363636	


Vector Pi :

0.003497	0.311189	0.388112	0.157343	0.080420	0.003497	0.041958	0.003497	0.003497	0.003497	0.003497	


Vector Phi :

0.001580	0.406238	0.258026	0.189109	0.100872	0.014190	0.011040	0.007891	0.003157	0.003158	0.004739	
