
Parameters: 11 states AND 11 symbols

Matrix A :

0.0909091	0.0909091	0.0909091	0.0909091	0.0909091	0.0909091	0.0909091	0.0909091	0.0909091	0.0909091	0.0909091	
9.73331e-05	0.896243	0.0996691	0.00223866	9.73331e-05	0.001168	9.73331e-05	9.73331e-05	9.73331e-05	9.73331e-05	9.73331e-05	
0.0004329	0.429004	0.452814	0.095671	0.0194805	0.0004329	0.0004329	0.0004329	0.0004329	0.0004329	0.0004329	
0.0025974	0.174026	0.431169	0.288312	0.0597403	0.0025974	0.0311688	0.0025974	0.0025974	0.0025974	0.0025974	
0.00534759	0.0641711	0.299465	0.122995	0.358289	0.122995	0.00534759	0.00534759	0.00534759	0.00534759	0.00534759	
0.0227273	0.0227273	0.0227273	0.0227273	0.522727	0.0227273	0.272727	0.0227273	0.0227273	0.0227273	0.0227273	
0.030303	0.030303	0.030303	0.030303	0.363636	0.030303	0.030303	0.030303	0.030303	0.030303	0.363636	
0.0909091	0.0909091	0.0909091	0.0909091	0.0909091	0.0909091	0.0909091	0.0909091	0.0909091	0.0909091	0.0909091	
0.0909091	0.0909091	0.0909091	0.0909091	0.0909091	0.0909091	0.0909091	0.0909091	0.0909091	0.0909091	0.0909091	
0.0909091	0.0909091	0.0909091	0.0909091	0.0909091	0.0909091	0.0909091	0.0909091	0.0909091	0.0909091	0.0909091	
0.0454545	0.0454545	0.0454545	0.0454545	0.545455	0.0454545	0.0454545	0.0454545	0.0454545	0.0454545	0.0454545	


Matrix B :

0.0909091	0.0909091	0.0909091	0.0909091	0.0909091	0.0909091	0.0909091	0.0909091	0.0909091	0.0909091	0.0909091	
9.27644e-05	0.644991	0.266419	0.0653989	0.0174397	0.00213358	0.00315399	9.27644e-05	9.27644e-05	9.27644e-05	9.27644e-05	
0.000413223	0.00950413	0.632231	0.209504	0.0958678	0.0367769	0.00950413	0.000413223	0.00495868	0.000413223	0.000413223	
0.00252525	0.00252525	0.030303	0.44697	0.391414	0.0580808	0.030303	0.030303	0.00252525	0.00252525	0.00252525	
0.00454545	0.00454545	0.00454545	0.0545455	0.454545	0.354545	0.104545	0.00454545	0.00454545	0.00454545	0.00454545	
0.0227273	0.0227273	0.0227273	0.0227273	0.0227273	0.272727	0.272727	0.272727	0.0227273	0.0227273	0.0227273	
0.030303	0.030303	0.030303	0.030303	0.030303	0.030303	0.69697	0.030303	0.030303	0.030303	0.030303	
0.0909091	0.0909091	0.0909091	0.0909091	0.0909091	0.0909091	0.0909091	0.0909091	0.0909091	0.0909091	0.0909091	
0.0909091	0.0909091	0.0909091	0.0909091	0.0909091	0.0909091	0.0909091	0.0909091	0.0909091	0.0909091	0.0909091	
0.0909091	0.0909091	0.0909091	0.0909091	0.0909091	0.0909091	0.0909091	0.0909091	0.0909091	0.0909091	0.0909091	
0.0454545	0.0454545	0.0454545	0.0454545	0.0454545	0.0454545	0.0454545	0.0454545	0.0454545	0.0454545	0.545455	


Vector Pi :

0.00149031	0.739195	0.181818	0.0178838	0.0506706	0.00149031	0.00149031	0.00149031	0.00149031	0.00149031	0.00149031	


Vector Phi :

0.000823255	0.774283	0.172292	0.0287475	0.0139737	0.00329621	0.00246867	0.000823255	0.000823255	0.000823255	0.00164614	
