
Parameters: 11 states AND 11 symbols

Matrix A :

0.0909091	0.0909091	0.0909091	0.0909091	0.0909091	0.0909091	0.0909091	0.0909091	0.0909091	0.0909091	0.0909091	
0.000210438	0.595118	0.294192	0.0789141	0.0233586	0.00715488	0.000210438	0.000210438	0.000210438	0.000210438	0.000210438	
0.000260485	0.375619	0.398541	0.154988	0.0403751	0.0231831	0.00599114	0.000260485	0.000260485	0.000260485	0.000260485	
0.0004995	0.170829	0.291708	0.26973	0.176324	0.0609391	0.0224775	0.00599401	0.0004995	0.0004995	0.0004995	
0.000797448	0.0797448	0.176236	0.220096	0.246411	0.202552	0.062201	0.000797448	0.00956938	0.000797448	0.000797448	
0.00135685	0.0162822	0.12076	0.135685	0.31479	0.225237	0.046133	0.0759837	0.046133	0.00135685	0.0162822	
0.0025974	0.0883117	0.0025974	0.25974	0.145455	0.116883	0.25974	0.0311688	0.0597403	0.0025974	0.0311688	
0.00699301	0.00699301	0.00699301	0.0839161	0.237762	0.00699301	0.314685	0.0839161	0.0839161	0.160839	0.00699301	
0.0113636	0.0113636	0.0113636	0.0113636	0.0113636	0.261364	0.261364	0.261364	0.0113636	0.136364	0.0113636	
0.0227273	0.0227273	0.0227273	0.0227273	0.0227273	0.0227273	0.522727	0.272727	0.0227273	0.0227273	0.0227273	
0.0227273	0.0227273	0.0227273	0.0227273	0.0227273	0.0227273	0.272727	0.272727	0.0227273	0.0227273	0.272727	


Matrix B :

0.0909091	0.0909091	0.0909091	0.0909091	0.0909091	0.0909091	0.0909091	0.0909091	0.0909091	0.0909091	0.0909091	
0.00020024	0.522227	0.339407	0.088306	0.0332399	0.00901081	0.00680817	0.00020024	0.00020024	0.00020024	0.00020024	
0.000247709	0.17191	0.618776	0.136487	0.0574684	0.0138717	0.000247709	0.000247709	0.000247709	0.000247709	0.000247709	
0.000473485	0.000473485	0.490057	0.422348	0.0473485	0.0369318	0.000473485	0.000473485	0.000473485	0.000473485	0.000473485	
0.000745156	0.000745156	0.0499255	0.71386	0.197466	0.0253353	0.00894188	0.000745156	0.000745156	0.000745156	0.000745156	
0.0013369	0.0013369	0.0160428	0.221925	0.692513	0.0307487	0.0013369	0.0307487	0.0013369	0.0013369	0.0013369	
0.0025974	0.0025974	0.0025974	0.0025974	0.488312	0.374026	0.0883117	0.0025974	0.0025974	0.0025974	0.0311688	
0.00649351	0.00649351	0.00649351	0.00649351	0.292208	0.506494	0.149351	0.00649351	0.00649351	0.00649351	0.00649351	
0.0113636	0.0113636	0.0113636	0.0113636	0.0113636	0.511364	0.261364	0.136364	0.0113636	0.0113636	0.0113636	
0.0227273	0.0227273	0.0227273	0.0227273	0.0227273	0.0227273	0.272727	0.522727	0.0227273	0.0227273	0.0227273	
0.0227273	0.0227273	0.0227273	0.0227273	0.0227273	0.0227273	0.522727	0.272727	0.0227273	0.0227273	0.0227273	


Vector Pi :

0.00149031	0.345753	0.312966	0.165425	0.132638	0.0178838	0.00149031	0.0178838	0.00149031	0.00149031	0.00149031	


Vector Phi :

0.000826619	0.358472	0.287777	0.150434	0.0942287	0.0553707	0.0289228	0.010744	0.00661167	0.00330601	0.00330588	
