
Parameters: 11 states AND 11 symbols

Matrix A :

0.0909091	0.0909091	0.0909091	0.0909091	0.0909091	0.0909091	0.0909091	0.0909091	0.0909091	0.0909091	0.0909091	
0.000156201	0.788816	0.18916	0.0173383	0.00187441	0.00187441	0.000156201	0.000156201	0.000156201	0.000156201	0.000156201	
0.000246366	0.303769	0.542252	0.133038	0.0137965	0.000246366	0.00566642	0.000246366	0.000246366	0.000246366	0.000246366	
0.000626959	0.0695925	0.310972	0.386834	0.166144	0.0489028	0.0144201	0.000626959	0.000626959	0.000626959	0.000626959	
0.001443	0.001443	0.207792	0.287157	0.30303	0.128427	0.033189	0.001443	0.017316	0.017316	0.001443	
0.00324675	0.00324675	0.00324675	0.396104	0.396104	0.146104	0.00324675	0.038961	0.00324675	0.00324675	0.00324675	
0.00826446	0.00826446	0.00826446	0.00826446	0.190083	0.371901	0.371901	0.00826446	0.00826446	0.00826446	0.00826446	
0.0454545	0.0454545	0.0454545	0.0454545	0.0454545	0.545455	0.0454545	0.0454545	0.0454545	0.0454545	0.0454545	
0.030303	0.030303	0.030303	0.030303	0.030303	0.363636	0.030303	0.030303	0.030303	0.030303	0.363636	
0.030303	0.030303	0.030303	0.030303	0.030303	0.363636	0.030303	0.030303	0.363636	0.030303	0.030303	
0.0454545	0.0454545	0.0454545	0.0454545	0.0454545	0.0454545	0.0454545	0.0454545	0.0454545	0.545455	0.0454545	


Matrix B :

0.0909091	0.0909091	0.0909091	0.0909091	0.0909091	0.0909091	0.0909091	0.0909091	0.0909091	0.0909091	0.0909091	
0.000150761	0.24559	0.373285	0.204131	0.116237	0.0316599	0.0183929	0.00512589	0.00180914	0.000150761	0.00346751	
0.000231911	0.000231911	0.222171	0.428803	0.237477	0.0640074	0.0257421	0.00788497	0.012987	0.000231911	0.000231911	
0.00058651	0.00058651	0.00703812	0.142522	0.432845	0.219941	0.148974	0.026393	0.0199413	0.00058651	0.00058651	
0.0013369	0.0013369	0.0013369	0.0160428	0.13369	0.38369	0.31016	0.104278	0.0454545	0.0013369	0.0013369	
0.0031348	0.0031348	0.0031348	0.0031348	0.106583	0.0376176	0.244514	0.416928	0.141066	0.0376176	0.0031348	
0.00826446	0.00826446	0.00826446	0.00826446	0.00826446	0.00826446	0.0991736	0.553719	0.190083	0.00826446	0.0991736	
0.0454545	0.0454545	0.0454545	0.0454545	0.0454545	0.545455	0.0454545	0.0454545	0.0454545	0.0454545	0.0454545	
0.030303	0.030303	0.030303	0.030303	0.030303	0.030303	0.030303	0.363636	0.030303	0.363636	0.030303	
0.030303	0.030303	0.030303	0.030303	0.030303	0.030303	0.030303	0.030303	0.030303	0.363636	0.363636	
0.0454545	0.0454545	0.0454545	0.0454545	0.0454545	0.0454545	0.0454545	0.0454545	0.0454545	0.545455	0.0454545	


Vector Pi :

0.00149031	0.345753	0.378539	0.165425	0.0834575	0.0178838	0.00149031	0.00149031	0.00149031	0.00149031	0.00149031	


Vector Phi :

0.00082713	0.48139	0.305211	0.119934	0.0521092	0.0231596	0.00909843	0.00165426	0.00248139	0.00248139	0.00165426	
