
Parameters: 11 states AND 11 symbols

Matrix A :

0.0909091	0.0909091	0.0909091	0.0909091	0.0909091	0.0909091	0.0909091	0.0909091	0.0909091	0.0909091	0.0909091	
0.0001665	0.752914	0.212621	0.0258075	0.0038295	0.0038295	0.0001665	0.0001665	0.0001665	0.0001665	0.0001665	
0.000280584	0.312009	0.478676	0.160774	0.0373176	0.003367	0.00645342	0.000280584	0.000280584	0.000280584	0.000280584	
0.000550964	0.182369	0.261157	0.358127	0.146006	0.0187328	0.030854	0.000550964	0.000550964	0.000550964	0.000550964	
0.0012285	0.0282555	0.0958231	0.379607	0.244472	0.136364	0.0687961	0.0282555	0.014742	0.0012285	0.0012285	
0.0026738	0.0026738	0.0320856	0.237968	0.355615	0.179144	0.149733	0.0320856	0.0026738	0.0026738	0.0026738	
0.00293255	0.0351906	0.0351906	0.0351906	0.131965	0.260997	0.196481	0.228739	0.0351906	0.0351906	0.00293255	
0.00454545	0.00454545	0.00454545	0.0545455	0.0545455	0.154545	0.154545	0.304545	0.204545	0.0545455	0.00454545	
0.0113636	0.0113636	0.0113636	0.136364	0.0113636	0.0113636	0.261364	0.386364	0.0113636	0.136364	0.0113636	
0.0227273	0.0227273	0.0227273	0.0227273	0.0227273	0.0227273	0.522727	0.0227273	0.0227273	0.0227273	0.272727	
0.0454545	0.0454545	0.0454545	0.0454545	0.0454545	0.0454545	0.0454545	0.0454545	0.545455	0.0454545	0.0454545	


Matrix B :

0.0909091	0.0909091	0.0909091	0.0909091	0.0909091	0.0909091	0.0909091	0.0909091	0.0909091	0.0909091	0.0909091	
0.000158378	0.313747	0.381691	0.151726	0.0785556	0.0454545	0.0158378	0.00538486	0.00190054	0.00190054	0.0036427	
0.000268168	0.000268168	0.251006	0.460445	0.197908	0.0563154	0.0209171	0.00616787	0.00321802	0.000268168	0.00321802	
0.000528541	0.000528541	0.0121564	0.285412	0.366808	0.238901	0.0528541	0.0354123	0.00634249	0.000528541	0.000528541	
0.0011655	0.0011655	0.0011655	0.039627	0.206294	0.398601	0.219114	0.0909091	0.013986	0.013986	0.013986	
0.00252525	0.00252525	0.00252525	0.00252525	0.0858586	0.0858586	0.419192	0.280303	0.113636	0.00252525	0.00252525	
0.00284091	0.00284091	0.00284091	0.00284091	0.0653409	0.0965909	0.190341	0.346591	0.190341	0.0965909	0.00284091	
0.00413223	0.00413223	0.00413223	0.00413223	0.00413223	0.0495868	0.367769	0.0950413	0.231405	0.0495868	0.18595	
0.010101	0.010101	0.010101	0.010101	0.010101	0.010101	0.121212	0.232323	0.454545	0.121212	0.010101	
0.0227273	0.0227273	0.0227273	0.0227273	0.0227273	0.0227273	0.272727	0.272727	0.0227273	0.0227273	0.272727	
0.0454545	0.0454545	0.0454545	0.0454545	0.0454545	0.0454545	0.0454545	0.0454545	0.0454545	0.545455	0.0454545	


Vector Pi :

0.00149031	0.460507	0.247392	0.116244	0.0670641	0.0342772	0.0178838	0.0342772	0.0178838	0.00149031	0.00149031	


Vector Phi :

0.00082713	0.451613	0.26799	0.136476	0.0612076	0.0281224	0.025641	0.0165426	0.00661704	0.00330852	0.00165426	
