
Parameters: 11 states AND 11 symbols

Matrix A :

0.0909091	0.0909091	0.0909091	0.0909091	0.0909091	0.0909091	0.0909091	0.0909091	0.0909091	0.0909091	0.0909091	
0.000131562	0.748323	0.230233	0.0131562	0.0044731	0.00157874	0.000131562	0.000131562	0.000131562	0.000131562	0.00157874	
0.000262743	0.430899	0.413558	0.12165	0.0176038	0.0118234	0.00315292	0.000262743	0.000262743	0.000262743	0.000262743	
0.00105708	0.175476	0.419662	0.256871	0.0824524	0.0359408	0.00105708	0.00105708	0.012685	0.00105708	0.012685	
0.002457	0.191646	0.137592	0.218673	0.2457	0.110565	0.0835381	0.002457	0.002457	0.002457	0.002457	
0.00395257	0.0909091	0.0909091	0.134387	0.3083	0.221344	0.134387	0.00395257	0.00395257	0.00395257	0.00395257	
0.00649351	0.00649351	0.00649351	0.00649351	0.292208	0.220779	0.363636	0.00649351	0.00649351	0.0779221	0.00649351	
0.030303	0.030303	0.030303	0.030303	0.030303	0.363636	0.030303	0.030303	0.030303	0.363636	0.030303	
0.0454545	0.0454545	0.0454545	0.0454545	0.0454545	0.0454545	0.0454545	0.545455	0.0454545	0.0454545	0.0454545	
0.030303	0.363636	0.030303	0.030303	0.030303	0.030303	0.030303	0.363636	0.030303	0.030303	0.030303	
0.030303	0.030303	0.030303	0.363636	0.030303	0.030303	0.363636	0.030303	0.030303	0.030303	0.030303	


Matrix B :

0.0909091	0.0909091	0.0909091	0.0909091	0.0909091	0.0909091	0.0909091	0.0909091	0.0909091	0.0909091	0.0909091	
0.000125913	0.46273	0.354697	0.134475	0.037522	0.00705112	0.00151095	0.00151095	0.000125913	0.000125913	0.000125913	
0.000248385	0.123199	0.500248	0.237953	0.106806	0.0221063	0.00571287	0.00298063	0.000248385	0.000248385	0.000248385	
0.000999001	0.000999001	0.286713	0.286713	0.187812	0.176823	0.044955	0.011988	0.000999001	0.000999001	0.000999001	
0.002331	0.002331	0.104895	0.2331	0.130536	0.258741	0.156177	0.0536131	0.0536131	0.002331	0.002331	
0.00378788	0.00378788	0.00378788	0.0454545	0.295455	0.0871212	0.295455	0.00378788	0.128788	0.0871212	0.0454545	
0.00606061	0.00606061	0.00606061	0.272727	0.139394	0.206061	0.206061	0.139394	0.00606061	0.00606061	0.00606061	
0.030303	0.030303	0.030303	0.363636	0.030303	0.030303	0.030303	0.030303	0.363636	0.030303	0.030303	
0.0454545	0.0454545	0.0454545	0.0454545	0.545455	0.0454545	0.0454545	0.0454545	0.0454545	0.0454545	0.0454545	
0.030303	0.030303	0.030303	0.030303	0.363636	0.030303	0.363636	0.030303	0.030303	0.030303	0.030303	
0.030303	0.030303	0.030303	0.030303	0.363636	0.030303	0.030303	0.030303	0.030303	0.363636	0.030303	


Vector Pi :

0.00149031	0.493294	0.329359	0.0834575	0.0342772	0.0342772	0.0178838	0.00149031	0.00149031	0.00149031	0.00149031	


Vector Phi :

0.000812043	0.574085	0.286547	0.0707761	0.0298997	0.0177211	0.0111967	0.00243768	0.00163502	0.00242437	0.00246582	
