
Parameters: 11 states AND 11 symbols

Matrix A :

0.0909091	0.0909091	0.0909091	0.0909091	0.0909091	0.0909091	0.0909091	0.0909091	0.0909091	0.0909091	0.0909091	
0.000153046	0.745944	0.224059	0.0220386	0.00520355	0.00183655	0.000153046	0.000153046	0.000153046	0.000153046	0.000153046	
0.000263505	0.379974	0.452437	0.130698	0.0321476	0.000263505	0.00316206	0.000263505	0.000263505	0.000263505	0.000263505	
0.000635728	0.0985378	0.3363	0.357279	0.154482	0.0356008	0.0146217	0.000635728	0.000635728	0.000635728	0.000635728	
0.00142045	0.0482955	0.0795455	0.40767	0.267045	0.15767	0.0170455	0.0170455	0.00142045	0.00142045	0.00142045	
0.002457	0.029484	0.0565111	0.164619	0.2457	0.353808	0.0835381	0.0565111	0.002457	0.002457	0.002457	
0.00757576	0.00757576	0.00757576	0.174242	0.00757576	0.340909	0.340909	0.00757576	0.00757576	0.00757576	0.0909091	
0.0181818	0.0181818	0.0181818	0.0181818	0.218182	0.218182	0.0181818	0.0181818	0.0181818	0.418182	0.0181818	
0.0909091	0.0909091	0.0909091	0.0909091	0.0909091	0.0909091	0.0909091	0.0909091	0.0909091	0.0909091	0.0909091	
0.030303	0.030303	0.030303	0.030303	0.030303	0.363636	0.030303	0.030303	0.030303	0.030303	0.363636	
0.0227273	0.0227273	0.0227273	0.0227273	0.0227273	0.272727	0.0227273	0.272727	0.0227273	0.0227273	0.272727	


Matrix B :

0.0909091	0.0909091	0.0909091	0.0909091	0.0909091	0.0909091	0.0909091	0.0909091	0.0909091	0.0909091	0.0909091	
0.000146628	0.379179	0.387243	0.142082	0.0549853	0.0227273	0.00821114	0.00175953	0.00337243	0.000146628	0.000146628	
0.000250438	0.00300526	0.385925	0.424493	0.099424	0.0553469	0.0167794	0.0085149	0.00300526	0.000250438	0.00300526	
0.000598086	0.000598086	0.0269139	0.395335	0.382177	0.145335	0.0400718	0.00717703	0.000598086	0.000598086	0.000598086	
0.0013986	0.0013986	0.0167832	0.0629371	0.401399	0.324476	0.0937063	0.0475524	0.0167832	0.0167832	0.0167832	
0.002331	0.002331	0.002331	0.002331	0.130536	0.412587	0.181818	0.156177	0.0536131	0.0536131	0.002331	
0.00649351	0.00649351	0.00649351	0.00649351	0.506494	0.220779	0.149351	0.0779221	0.00649351	0.00649351	0.00649351	
0.012987	0.012987	0.012987	0.012987	0.298701	0.012987	0.012987	0.441558	0.012987	0.155844	0.012987	
0.0909091	0.0909091	0.0909091	0.0909091	0.0909091	0.0909091	0.0909091	0.0909091	0.0909091	0.0909091	0.0909091	
0.030303	0.030303	0.030303	0.030303	0.030303	0.030303	0.030303	0.030303	0.69697	0.030303	0.030303	
0.0227273	0.0227273	0.0227273	0.0227273	0.0227273	0.0227273	0.0227273	0.272727	0.522727	0.0227273	0.0227273	


Vector Pi :

0.00149031	0.444113	0.296572	0.132638	0.0178838	0.0342772	0.0342772	0.0342772	0.00149031	0.00149031	0.00149031	


Vector Phi :

0.000832128	0.488865	0.285412	0.119846	0.0533496	0.0308585	0.0100068	0.00416673	0.000832128	0.00249882	0.00333196	
