
Parameters: 11 states AND 11 symbols

Matrix A :

0.090909	0.090909	0.090909	0.090909	0.090909	0.090909	0.090909	0.090909	0.090909	0.090909	0.090909	
0.000191	0.863349	0.078086	0.027560	0.004402	0.008612	0.002297	0.006507	0.000191	0.004402	0.004402	
0.001337	0.530749	0.221925	0.060160	0.074866	0.030749	0.016043	0.001337	0.016043	0.030749	0.016043	
0.003030	0.469697	0.236364	0.236364	0.036364	0.003030	0.003030	0.003030	0.003030	0.003030	0.003030	
0.010101	0.232323	0.454545	0.121212	0.010101	0.010101	0.121212	0.010101	0.010101	0.010101	0.010101	
0.012987	0.155844	0.298701	0.441558	0.012987	0.012987	0.012987	0.012987	0.012987	0.012987	0.012987	
0.022727	0.522727	0.022727	0.272727	0.022727	0.022727	0.022727	0.022727	0.022727	0.022727	0.022727	
0.022727	0.272727	0.522727	0.022727	0.022727	0.022727	0.022727	0.022727	0.022727	0.022727	0.022727	
0.045455	0.545455	0.045455	0.045455	0.045455	0.045455	0.045455	0.045455	0.045455	0.045455	0.045455	
0.018182	0.818182	0.018182	0.018182	0.018182	0.018182	0.018182	0.018182	0.018182	0.018182	0.018182	
0.022727	0.772727	0.022727	0.022727	0.022727	0.022727	0.022727	0.022727	0.022727	0.022727	0.022727	


Matrix B :

0.090909	0.090909	0.090909	0.090909	0.090909	0.090909	0.090909	0.090909	0.090909	0.090909	0.090909	
0.000182	0.388182	0.312182	0.162182	0.074182	0.036182	0.006182	0.004182	0.008182	0.006182	0.002182	
0.001280	0.113956	0.254802	0.212548	0.212548	0.085787	0.043534	0.043534	0.015365	0.015365	0.001280	
0.002933	0.035191	0.131965	0.293255	0.260997	0.164223	0.035191	0.035191	0.002933	0.035191	0.002933	
0.010101	0.010101	0.121212	0.343434	0.232323	0.010101	0.010101	0.010101	0.121212	0.010101	0.121212	
0.012987	0.012987	0.155844	0.012987	0.298701	0.012987	0.155844	0.012987	0.012987	0.155844	0.155844	
0.018182	0.018182	0.018182	0.218182	0.418182	0.218182	0.018182	0.018182	0.018182	0.018182	0.018182	
0.022727	0.022727	0.022727	0.022727	0.022727	0.022727	0.272727	0.522727	0.022727	0.022727	0.022727	
0.045455	0.045455	0.045455	0.045455	0.045455	0.045455	0.545455	0.045455	0.045455	0.045455	0.045455	
0.018182	0.018182	0.018182	0.218182	0.018182	0.218182	0.218182	0.018182	0.018182	0.218182	0.018182	
0.022727	0.022727	0.022727	0.022727	0.022727	0.272727	0.272727	0.022727	0.272727	0.022727	0.022727	


Vector Pi :

0.002933	0.809384	0.099707	0.035191	0.002933	0.002933	0.035191	0.002933	0.002933	0.002933	0.002933	


Vector Phi :

0.001642	0.779967	0.111658	0.049261	0.014778	0.011494	0.006568	0.006568	0.003284	0.008210	0.006568	
