
Parameters: 11 states AND 11 symbols

Matrix A :

0.090909	0.090909	0.090909	0.090909	0.090909	0.090909	0.090909	0.090909	0.090909	0.090909	0.090909	
0.000373	0.820045	0.143815	0.024963	0.008569	0.000373	0.000373	0.000373	0.000373	0.000373	0.000373	
0.000727	0.264727	0.560727	0.120727	0.032727	0.016727	0.000727	0.000727	0.000727	0.000727	0.000727	
0.001715	0.096055	0.265866	0.228130	0.284734	0.058319	0.001715	0.039451	0.001715	0.001715	0.020583	
0.002066	0.024793	0.092975	0.229339	0.274793	0.161157	0.115702	0.092975	0.002066	0.002066	0.002066	
0.004785	0.004785	0.004785	0.162679	0.373206	0.162679	0.162679	0.057416	0.057416	0.004785	0.004785	
0.003135	0.037618	0.037618	0.141066	0.106583	0.037618	0.347962	0.175549	0.106583	0.003135	0.003135	
0.003030	0.036364	0.003030	0.036364	0.003030	0.036364	0.169697	0.336364	0.236364	0.069697	0.069697	
0.003367	0.040404	0.040404	0.003367	0.003367	0.003367	0.151515	0.151515	0.373737	0.151515	0.077441	
0.005682	0.005682	0.005682	0.005682	0.005682	0.005682	0.068182	0.193182	0.318182	0.380682	0.005682	
0.007576	0.090909	0.007576	0.007576	0.007576	0.090909	0.007576	0.007576	0.007576	0.257576	0.507576	


Matrix B :

0.090909	0.090909	0.090909	0.090909	0.090909	0.090909	0.090909	0.090909	0.090909	0.090909	0.090909	
0.000354	0.175451	0.385568	0.202688	0.113194	0.023700	0.043155	0.023700	0.023700	0.008136	0.000354	
0.000705	0.031712	0.248767	0.365046	0.178999	0.085976	0.047216	0.016209	0.008457	0.016209	0.000705	
0.001653	0.001653	0.183471	0.383471	0.183471	0.092562	0.074380	0.056198	0.019835	0.001653	0.001653	
0.001976	0.001976	0.154150	0.371542	0.175889	0.132411	0.110672	0.001976	0.001976	0.045455	0.001976	
0.004545	0.004545	0.104545	0.204545	0.354545	0.054545	0.004545	0.154545	0.104545	0.004545	0.004545	
0.002933	0.002933	0.067449	0.131965	0.325513	0.228739	0.035191	0.035191	0.035191	0.099707	0.035191	
0.002674	0.002674	0.149733	0.326203	0.149733	0.090909	0.237968	0.002674	0.002674	0.032086	0.002674	
0.003247	0.003247	0.146104	0.074675	0.110390	0.253247	0.181818	0.146104	0.038961	0.038961	0.003247	
0.005682	0.005682	0.130682	0.255682	0.130682	0.130682	0.255682	0.005682	0.068182	0.005682	0.005682	
0.006993	0.006993	0.083916	0.237762	0.006993	0.006993	0.160839	0.083916	0.160839	0.237762	0.006993	


Vector Pi :

0.002933	0.422287	0.099707	0.099707	0.067449	0.035191	0.067449	0.131965	0.035191	0.002933	0.035191	


Vector Phi :

0.001651	0.409441	0.211449	0.086247	0.072402	0.031311	0.047725	0.049320	0.044421	0.026318	0.019714	
