
Parameters: 11 states AND 11 symbols

Matrix A :

0.0909091	0.0909091	0.0909091	0.0909091	0.0909091	0.0909091	0.0909091	0.0909091	0.0909091	0.0909091	0.0909091	
0.000105708	0.878013	0.108245	0.00824524	0.00359408	0.000105708	0.0012685	0.000105708	0.000105708	0.000105708	0.000105708	
0.000335458	0.354579	0.568601	0.059376	0.00771553	0.00402549	0.000335458	0.000335458	0.000335458	0.000335458	0.00402549	
0.0021645	0.168831	0.430736	0.24026	0.0497835	0.0735931	0.0021645	0.025974	0.0021645	0.0021645	0.0021645	
0.00606061	0.00606061	0.272727	0.206061	0.339394	0.00606061	0.00606061	0.0727273	0.0727273	0.00606061	0.00606061	
0.0151515	0.0151515	0.0151515	0.181818	0.348485	0.181818	0.181818	0.0151515	0.0151515	0.0151515	0.0151515	
0.0227273	0.272727	0.272727	0.272727	0.0227273	0.0227273	0.0227273	0.0227273	0.0227273	0.0227273	0.0227273	
0.0227273	0.0227273	0.0227273	0.522727	0.0227273	0.0227273	0.272727	0.0227273	0.0227273	0.0227273	0.0227273	
0.030303	0.030303	0.030303	0.363636	0.030303	0.030303	0.030303	0.030303	0.363636	0.030303	0.030303	
0.0909091	0.0909091	0.0909091	0.0909091	0.0909091	0.0909091	0.0909091	0.0909091	0.0909091	0.0909091	0.0909091	
0.0454545	0.0454545	0.0454545	0.0454545	0.0454545	0.0454545	0.0454545	0.545455	0.0454545	0.0454545	0.0454545	


Matrix B :

0.0909091	0.0909091	0.0909091	0.0909091	0.0909091	0.0909091	0.0909091	0.0909091	0.0909091	0.0909091	0.0909091	
0.000100452	0.264189	0.395681	0.21336	0.0851833	0.0288297	0.0100452	0.0023104	0.000100452	0.000100452	0.000100452	
0.000320102	0.00736236	0.0777849	0.324264	0.327785	0.134123	0.0707426	0.0425736	0.0144046	0.000320102	0.000320102	
0.00211416	0.00211416	0.02537	0.141649	0.211416	0.420719	0.118393	0.0718816	0.00211416	0.00211416	0.00211416	
0.00568182	0.00568182	0.00568182	0.193182	0.00568182	0.0681818	0.0681818	0.318182	0.00568182	0.255682	0.0681818	
0.0151515	0.0151515	0.0151515	0.0151515	0.0151515	0.0151515	0.348485	0.515152	0.0151515	0.0151515	0.0151515	
0.0227273	0.0227273	0.0227273	0.0227273	0.772727	0.0227273	0.0227273	0.0227273	0.0227273	0.0227273	0.0227273	
0.0227273	0.0227273	0.0227273	0.0227273	0.0227273	0.0227273	0.272727	0.522727	0.0227273	0.0227273	0.0227273	
0.030303	0.030303	0.030303	0.030303	0.030303	0.363636	0.030303	0.030303	0.363636	0.030303	0.030303	
0.0909091	0.0909091	0.0909091	0.0909091	0.0909091	0.0909091	0.0909091	0.0909091	0.0909091	0.0909091	0.0909091	
0.0454545	0.0454545	0.0454545	0.0454545	0.0454545	0.545455	0.0454545	0.0454545	0.0454545	0.0454545	0.0454545	


Vector Pi :

0.00149031	0.739195	0.214605	0.0178838	0.0178838	0.00149031	0.00149031	0.00149031	0.00149031	0.00149031	0.00149031	


Vector Phi :

0.00082713	0.711332	0.224152	0.0347395	0.0124069	0.00496278	0.00330852	0.00330852	0.00248139	0.00082713	0.00165426	
