
Parameters: 11 states AND 11 symbols

Matrix A :

0.090909	0.090909	0.090909	0.090909	0.090909	0.090909	0.090909	0.090909	0.090909	0.090909	0.090909	
0.000180	0.915199	0.059468	0.010061	0.002156	0.002156	0.002156	0.000180	0.000180	0.000180	0.008085	
0.001399	0.478322	0.370629	0.047552	0.062937	0.016783	0.016783	0.001399	0.001399	0.001399	0.001399	
0.006993	0.314685	0.314685	0.160839	0.083916	0.083916	0.006993	0.006993	0.006993	0.006993	0.006993	
0.012987	0.155844	0.298701	0.298701	0.012987	0.155844	0.012987	0.012987	0.012987	0.012987	0.012987	
0.015152	0.348485	0.348485	0.015152	0.015152	0.181818	0.015152	0.015152	0.015152	0.015152	0.015152	
0.030303	0.030303	0.696970	0.030303	0.030303	0.030303	0.030303	0.030303	0.030303	0.030303	0.030303	
0.090909	0.090909	0.090909	0.090909	0.090909	0.090909	0.090909	0.090909	0.090909	0.090909	0.090909	
0.090909	0.090909	0.090909	0.090909	0.090909	0.090909	0.090909	0.090909	0.090909	0.090909	0.090909	
0.090909	0.090909	0.090909	0.090909	0.090909	0.090909	0.090909	0.090909	0.090909	0.090909	0.090909	
0.018182	0.818182	0.018182	0.018182	0.018182	0.018182	0.018182	0.018182	0.018182	0.018182	0.018182	


Matrix B :

0.090909	0.090909	0.090909	0.090909	0.090909	0.090909	0.090909	0.090909	0.090909	0.090909	0.090909	
0.000172	0.556775	0.222813	0.137907	0.045455	0.022813	0.005832	0.002058	0.003945	0.000172	0.002058	
0.001357	0.210312	0.374491	0.165536	0.180461	0.046133	0.016282	0.001357	0.001357	0.001357	0.001357	
0.006494	0.077922	0.149351	0.292208	0.292208	0.149351	0.006494	0.006494	0.006494	0.006494	0.006494	
0.011364	0.011364	0.386364	0.011364	0.511364	0.011364	0.011364	0.011364	0.011364	0.011364	0.011364	
0.012987	0.298701	0.155844	0.298701	0.012987	0.155844	0.012987	0.012987	0.012987	0.012987	0.012987	
0.022727	0.022727	0.522727	0.022727	0.022727	0.022727	0.272727	0.022727	0.022727	0.022727	0.022727	
0.090909	0.090909	0.090909	0.090909	0.090909	0.090909	0.090909	0.090909	0.090909	0.090909	0.090909	
0.090909	0.090909	0.090909	0.090909	0.090909	0.090909	0.090909	0.090909	0.090909	0.090909	0.090909	
0.090909	0.090909	0.090909	0.090909	0.090909	0.090909	0.090909	0.090909	0.090909	0.090909	0.090909	
0.018182	0.218182	0.218182	0.018182	0.218182	0.018182	0.018182	0.018182	0.018182	0.018182	0.218182	


Vector Pi :

0.002933	0.777126	0.067449	0.035191	0.035191	0.035191	0.035191	0.002933	0.002933	0.002933	0.002933	


Vector Phi :

0.001642	0.830870	0.106732	0.021346	0.011494	0.009852	0.004926	0.001642	0.001642	0.001642	0.008210	
