
Parameters: 11 states AND 11 symbols

Matrix A :

0.0909091	0.0909091	0.0909091	0.0909091	0.0909091	0.0909091	0.0909091	0.0909091	0.0909091	0.0909091	0.0909091	
0.000224467	0.55578	0.284175	0.108866	0.0298541	0.0026936	0.0125701	0.0026936	0.0026936	0.000224467	0.000224467	
0.000276319	0.361978	0.377176	0.194805	0.045869	0.0154739	0.00331583	0.000276319	0.000276319	0.000276319	0.000276319	
0.000420875	0.218013	0.282828	0.255051	0.167088	0.0420875	0.0189394	0.00968013	0.00505051	0.000420875	0.000420875	
0.000777001	0.0777001	0.137529	0.257187	0.240093	0.137529	0.0777001	0.043512	0.017871	0.00932401	0.000777001	
0.00151515	0.0515152	0.168182	0.168182	0.184848	0.201515	0.151515	0.0515152	0.00151515	0.00151515	0.0181818	
0.0021645	0.0021645	0.0021645	0.21645	0.21645	0.287879	0.192641	0.0497835	0.025974	0.0021645	0.0021645	
0.00454545	0.00454545	0.104545	0.154545	0.204545	0.204545	0.104545	0.104545	0.0545455	0.00454545	0.0545455	
0.00826446	0.00826446	0.00826446	0.00826446	0.0991736	0.00826446	0.0991736	0.371901	0.190083	0.0991736	0.0991736	
0.0227273	0.0227273	0.0227273	0.0227273	0.0227273	0.0227273	0.272727	0.0227273	0.272727	0.272727	0.0227273	
0.0227273	0.272727	0.0227273	0.0227273	0.0227273	0.0227273	0.272727	0.0227273	0.272727	0.0227273	0.0227273	


Matrix B :

0.0909091	0.0909091	0.0909091	0.0909091	0.0909091	0.0909091	0.0909091	0.0909091	0.0909091	0.0909091	0.0909091	
0.000214915	0.378466	0.309908	0.18934	0.0687728	0.0333118	0.00257898	0.00967118	0.00257898	0.000214915	0.00494305	
0.000262743	0.202575	0.497373	0.176563	0.0782974	0.0233841	0.00604309	0.00604309	0.00315292	0.00315292	0.00315292	
0.000396983	0.0571655	0.437078	0.275506	0.140135	0.0396983	0.022231	0.0134974	0.000396983	0.00913061	0.0047638	
0.000739098	0.0495196	0.269032	0.301552	0.195861	0.10643	0.0413895	0.0332594	0.000739098	0.000739098	0.000739098	
0.00142045	0.00142045	0.12642	0.47017	0.173295	0.12642	0.0639205	0.00142045	0.0326705	0.00142045	0.00142045	
0.00211416	0.00211416	0.188161	0.188161	0.30444	0.118393	0.0718816	0.0718816	0.00211416	0.02537	0.02537	
0.00454545	0.00454545	0.104545	0.254545	0.154545	0.304545	0.104545	0.00454545	0.0545455	0.00454545	0.00454545	
0.00757576	0.00757576	0.00757576	0.257576	0.0909091	0.424242	0.174242	0.00757576	0.00757576	0.00757576	0.00757576	
0.0227273	0.0227273	0.0227273	0.0227273	0.0227273	0.272727	0.272727	0.272727	0.0227273	0.0227273	0.0227273	
0.0227273	0.0227273	0.0227273	0.0227273	0.272727	0.522727	0.0227273	0.0227273	0.0227273	0.0227273	0.0227273	


Vector Pi :

0.00149031	0.296572	0.280179	0.214605	0.099851	0.0670641	0.0178838	0.00149031	0.0178838	0.00149031	0.00149031	


Vector Phi :

0.00082713	0.334988	0.272126	0.17866	0.0967742	0.0496278	0.0347395	0.0165426	0.00909843	0.00330852	0.00330852	
