
Parameters: 11 states AND 11 symbols

Matrix A :

0.0909091	0.0909091	0.0909091	0.0909091	0.0909091	0.0909091	0.0909091	0.0909091	0.0909091	0.0909091	0.0909091	
8.56825e-05	0.95296	0.0406135	0.00574072	8.56825e-05	8.56825e-05	8.56825e-05	8.56825e-05	8.56825e-05	8.56825e-05	8.56825e-05	
0.000967118	0.479691	0.394584	0.10735	0.000967118	0.0116054	0.000967118	0.000967118	0.000967118	0.000967118	0.000967118	
0.003367	0.114478	0.262626	0.225589	0.299663	0.040404	0.003367	0.003367	0.003367	0.003367	0.040404	
0.00649351	0.0779221	0.363636	0.292208	0.0779221	0.149351	0.00649351	0.00649351	0.00649351	0.00649351	0.00649351	
0.0181818	0.0181818	0.0181818	0.0181818	0.818182	0.0181818	0.0181818	0.0181818	0.0181818	0.0181818	0.0181818	
0.0454545	0.0454545	0.545455	0.0454545	0.0454545	0.0454545	0.0454545	0.0454545	0.0454545	0.0454545	0.0454545	
0.0909091	0.0909091	0.0909091	0.0909091	0.0909091	0.0909091	0.0909091	0.0909091	0.0909091	0.0909091	0.0909091	
0.0909091	0.0909091	0.0909091	0.0909091	0.0909091	0.0909091	0.0909091	0.0909091	0.0909091	0.0909091	0.0909091	
0.0909091	0.0909091	0.0909091	0.0909091	0.0909091	0.0909091	0.0909091	0.0909091	0.0909091	0.0909091	0.0909091	
0.0454545	0.0454545	0.0454545	0.0454545	0.0454545	0.0454545	0.545455	0.0454545	0.0454545	0.0454545	0.0454545	


Matrix B :

0.0909091	0.0909091	0.0909091	0.0909091	0.0909091	0.0909091	0.0909091	0.0909091	0.0909091	0.0909091	0.0909091	
8.18264e-05	0.549137	0.347517	0.0792897	0.00998282	0.00998282	0.0027821	0.000981916	8.18264e-05	8.18264e-05	8.18264e-05	
0.000891266	0.030303	0.491087	0.265597	0.0597148	0.0695187	0.0204991	0.030303	0.0106952	0.0106952	0.0106952	
0.0031348	0.0031348	0.106583	0.347962	0.31348	0.106583	0.0721003	0.0031348	0.0031348	0.0031348	0.0376176	
0.00649351	0.00649351	0.0779221	0.292208	0.220779	0.149351	0.220779	0.00649351	0.00649351	0.00649351	0.00649351	
0.0181818	0.0181818	0.0181818	0.0181818	0.218182	0.0181818	0.218182	0.0181818	0.0181818	0.218182	0.218182	
0.0454545	0.0454545	0.0454545	0.0454545	0.0454545	0.0454545	0.0454545	0.0454545	0.0454545	0.545455	0.0454545	
0.0909091	0.0909091	0.0909091	0.0909091	0.0909091	0.0909091	0.0909091	0.0909091	0.0909091	0.0909091	0.0909091	
0.0909091	0.0909091	0.0909091	0.0909091	0.0909091	0.0909091	0.0909091	0.0909091	0.0909091	0.0909091	0.0909091	
0.0909091	0.0909091	0.0909091	0.0909091	0.0909091	0.0909091	0.0909091	0.0909091	0.0909091	0.0909091	0.0909091	
0.0454545	0.0454545	0.0454545	0.0454545	0.0454545	0.0454545	0.0454545	0.545455	0.0454545	0.0454545	0.0454545	


Vector Pi :

0.00149031	0.821162	0.132638	0.0342772	0.00149031	0.00149031	0.00149031	0.00149031	0.00149031	0.00149031	0.00149031	


Vector Phi :

0.00082713	0.877585	0.0777502	0.0223325	0.0115798	0.00413565	0.00165426	0.00082713	0.00082713	0.00082713	0.00165426	
