
Parameters: 11 states AND 11 symbols

Matrix A :

0.090909	0.090909	0.090909	0.090909	0.090909	0.090909	0.090909	0.090909	0.090909	0.090909	0.090909	
0.000260	0.914545	0.074545	0.005974	0.003117	0.000260	0.000260	0.000260	0.000260	0.000260	0.000260	
0.000900	0.248425	0.624662	0.099910	0.020702	0.000900	0.000900	0.000900	0.000900	0.000900	0.000900	
0.003367	0.077441	0.225589	0.262626	0.114478	0.188552	0.003367	0.040404	0.077441	0.003367	0.003367	
0.005051	0.005051	0.116162	0.171717	0.282828	0.171717	0.060606	0.116162	0.060606	0.005051	0.005051	
0.006061	0.006061	0.072727	0.139394	0.139394	0.139394	0.272727	0.072727	0.072727	0.072727	0.006061	
0.004785	0.057416	0.057416	0.057416	0.162679	0.057416	0.373206	0.215311	0.004785	0.004785	0.004785	
0.006494	0.077922	0.006494	0.077922	0.006494	0.077922	0.220779	0.077922	0.220779	0.220779	0.006494	
0.006494	0.006494	0.006494	0.006494	0.077922	0.077922	0.077922	0.149351	0.220779	0.292208	0.077922	
0.005051	0.060606	0.060606	0.005051	0.005051	0.060606	0.116162	0.060606	0.116162	0.227273	0.282828	
0.003953	0.003953	0.003953	0.003953	0.003953	0.003953	0.003953	0.047431	0.047431	0.177866	0.699605	


Matrix B :

0.090909	0.090909	0.090909	0.090909	0.090909	0.090909	0.090909	0.090909	0.090909	0.090909	0.090909	
0.000246	0.347130	0.230599	0.152008	0.070707	0.078837	0.059867	0.027347	0.027347	0.005666	0.000246	
0.000866	0.105628	0.277056	0.267532	0.162771	0.096104	0.067532	0.010390	0.000866	0.010390	0.000866	
0.003367	0.151515	0.262626	0.151515	0.151515	0.114478	0.040404	0.040404	0.003367	0.040404	0.040404	
0.004545	0.004545	0.504545	0.304545	0.004545	0.004545	0.004545	0.054545	0.054545	0.054545	0.004545	
0.006061	0.139394	0.272727	0.339394	0.072727	0.072727	0.006061	0.006061	0.006061	0.072727	0.006061	
0.004545	0.104545	0.104545	0.504545	0.054545	0.004545	0.004545	0.004545	0.154545	0.054545	0.004545	
0.006494	0.077922	0.006494	0.506494	0.149351	0.006494	0.149351	0.077922	0.006494	0.006494	0.006494	
0.006494	0.006494	0.220779	0.435065	0.077922	0.077922	0.149351	0.006494	0.006494	0.006494	0.006494	
0.004329	0.051948	0.099567	0.290043	0.099567	0.242424	0.004329	0.147186	0.004329	0.051948	0.004329	
0.003788	0.003788	0.170455	0.212121	0.045455	0.087121	0.045455	0.128788	0.128788	0.087121	0.087121	


Vector Pi :

0.002933	0.583578	0.131965	0.002933	0.067449	0.002933	0.035191	0.002933	0.002933	0.131965	0.035191	


Vector Phi :

0.001579	0.599186	0.169494	0.044458	0.029064	0.023932	0.029521	0.021811	0.021717	0.025592	0.033645	
