
Parameters: 11 states AND 11 symbols

Matrix A :

0.0909091	0.0909091	0.0909091	0.0909091	0.0909091	0.0909091	0.0909091	0.0909091	0.0909091	0.0909091	0.0909091	
0.00014806	0.882884	0.110897	0.00177672	0.00014806	0.00014806	0.00177672	0.00014806	0.00177672	0.00014806	0.00014806	
0.000284981	0.210316	0.693075	0.0817897	0.0128242	0.000284981	0.000284981	0.000284981	0.000284981	0.000284981	0.000284981	
0.000882613	0.0203001	0.263019	0.573698	0.127096	0.0105914	0.000882613	0.000882613	0.000882613	0.000882613	0.000882613	
0.00206612	0.00206612	0.0702479	0.320248	0.274793	0.274793	0.0475207	0.00206612	0.00206612	0.00206612	0.00206612	
0.00197628	0.0237154	0.00197628	0.0237154	0.262846	0.480237	0.15415	0.0237154	0.0237154	0.00197628	0.00197628	
0.00363636	0.00363636	0.00363636	0.0436364	0.0436364	0.323636	0.403636	0.0836364	0.0836364	0.00363636	0.00363636	
0.00568182	0.00568182	0.00568182	0.00568182	0.00568182	0.00568182	0.255682	0.568182	0.0681818	0.0681818	0.00568182	
0.00757576	0.0909091	0.00757576	0.00757576	0.0909091	0.00757576	0.00757576	0.257576	0.257576	0.0909091	0.174242	
0.00909091	0.00909091	0.00909091	0.00909091	0.00909091	0.109091	0.00909091	0.00909091	0.209091	0.409091	0.209091	
0.00909091	0.00909091	0.00909091	0.00909091	0.00909091	0.00909091	0.00909091	0.00909091	0.109091	0.309091	0.509091	


Matrix B :

0.0909091	0.0909091	0.0909091	0.0909091	0.0909091	0.0909091	0.0909091	0.0909091	0.0909091	0.0909091	0.0909091	
0.000141603	0.24469	0.398895	0.235344	0.0764656	0.0297366	0.0141603	0.000141603	0.000141603	0.000141603	0.000141603	
0.000265816	0.0207337	0.237108	0.324827	0.225412	0.125997	0.0616693	0.00318979	0.000265816	0.000265816	0.000265816	
0.000857633	0.0291595	0.0951973	0.217839	0.236707	0.170669	0.189537	0.0480274	0.000857633	0.0102916	0.000857633	
0.00197628	0.00197628	0.0889328	0.262846	0.197628	0.132411	0.15415	0.0671937	0.0454545	0.00197628	0.0454545	
0.00189394	0.00189394	0.0435606	0.147727	0.147727	0.293561	0.189394	0.0852273	0.0643939	0.00189394	0.0227273	
0.0034965	0.041958	0.041958	0.34965	0.272727	0.195804	0.041958	0.041958	0.0034965	0.0034965	0.0034965	
0.00568182	0.00568182	0.0681818	0.0681818	0.318182	0.193182	0.255682	0.00568182	0.0681818	0.00568182	0.00568182	
0.00757576	0.00757576	0.257576	0.424242	0.0909091	0.174242	0.00757576	0.00757576	0.00757576	0.00757576	0.00757576	
0.00826446	0.00826446	0.0991736	0.46281	0.00826446	0.190083	0.00826446	0.00826446	0.0991736	0.0991736	0.00826446	
0.00909091	0.00909091	0.209091	0.309091	0.00909091	0.209091	0.00909091	0.00909091	0.00909091	0.209091	0.00909091	


Vector Pi :

0.00149031	0.460507	0.362146	0.0506706	0.0342772	0.0506706	0.0178838	0.00149031	0.00149031	0.0178838	0.00149031	


Vector Phi :

0.00080384	0.516634	0.269347	0.0851476	0.0352898	0.0351081	0.0195766	0.0126136	0.0095388	0.00796649	0.00797467	
