
Parameters: 11 states AND 11 symbols

Matrix A :

0.0909091	0.0909091	0.0909091	0.0909091	0.0909091	0.0909091	0.0909091	0.0909091	0.0909091	0.0909091	0.0909091	
0.000192197	0.839516	0.154526	0.00442053	0.000192197	0.000192197	0.000192197	0.000192197	0.000192197	0.000192197	0.000192197	
0.000265041	0.201431	0.664988	0.125629	0.00609594	0.000265041	0.000265041	0.000265041	0.000265041	0.000265041	0.000265041	
0.000516529	0.0402893	0.227789	0.551653	0.176653	0.000516529	0.000516529	0.000516529	0.000516529	0.000516529	0.000516529	
0.000770416	0.000770416	0.00924499	0.263482	0.585516	0.11094	0.0261941	0.000770416	0.000770416	0.000770416	0.000770416	
0.0021645	0.0021645	0.0021645	0.0497835	0.335498	0.406926	0.168831	0.025974	0.0021645	0.0021645	0.0021645	
0.00284091	0.00284091	0.00284091	0.00284091	0.00284091	0.346591	0.534091	0.0965909	0.00284091	0.00284091	0.00284091	
0.0113636	0.0113636	0.0113636	0.0113636	0.0113636	0.0113636	0.511364	0.261364	0.0113636	0.136364	0.0113636	
0.0909091	0.0909091	0.0909091	0.0909091	0.0909091	0.0909091	0.0909091	0.0909091	0.0909091	0.0909091	0.0909091	
0.030303	0.030303	0.030303	0.030303	0.030303	0.030303	0.030303	0.363636	0.030303	0.030303	0.363636	
0.030303	0.030303	0.030303	0.030303	0.030303	0.030303	0.030303	0.030303	0.030303	0.363636	0.363636	


Matrix B :

0.0909091	0.0909091	0.0909091	0.0909091	0.0909091	0.0909091	0.0909091	0.0909091	0.0909091	0.0909091	0.0909091	
0.000181455	0.231718	0.273635	0.197786	0.143894	0.0919978	0.0401016	0.0141535	0.00616948	0.000181455	0.000181455	
0.000251826	0.00302191	0.324352	0.388063	0.149836	0.0861244	0.0224125	0.0251826	0.000251826	0.000251826	0.000251826	
0.000505051	0.000505051	0.0227273	0.272727	0.344949	0.189394	0.150505	0.0171717	0.000505051	0.000505051	0.000505051	
0.000739098	0.000739098	0.000739098	0.0495196	0.382853	0.220251	0.228381	0.0983001	0.0169993	0.000739098	0.000739098	
0.00197628	0.00197628	0.00197628	0.0237154	0.132411	0.262846	0.197628	0.197628	0.132411	0.0454545	0.00197628	
0.00284091	0.00284091	0.00284091	0.00284091	0.221591	0.00284091	0.346591	0.127841	0.0653409	0.0965909	0.127841	
0.010101	0.010101	0.010101	0.010101	0.121212	0.121212	0.010101	0.010101	0.121212	0.010101	0.565657	
0.0909091	0.0909091	0.0909091	0.0909091	0.0909091	0.0909091	0.0909091	0.0909091	0.0909091	0.0909091	0.0909091	
0.030303	0.030303	0.030303	0.030303	0.030303	0.030303	0.030303	0.363636	0.030303	0.030303	0.363636	
0.030303	0.030303	0.030303	0.030303	0.030303	0.030303	0.030303	0.030303	0.030303	0.363636	0.363636	


Vector Pi :

0.00149031	0.444113	0.296572	0.0670641	0.099851	0.0670641	0.00149031	0.0178838	0.00149031	0.00149031	0.00149031	


Vector Phi :

0.000817176	0.400797	0.28745	0.144765	0.0944951	0.0337415	0.0257634	0.00646609	0.000817176	0.00244087	0.00244623	
