
Parameters: 11 states AND 11 symbols

Matrix A :

0.0909091	0.0909091	0.0909091	0.0909091	0.0909091	0.0909091	0.0909091	0.0909091	0.0909091	0.0909091	0.0909091	
0.000112511	0.945657	0.0471422	0.00258776	0.00258776	0.000112511	0.00135014	0.000112511	0.000112511	0.000112511	0.000112511	
0.000445633	0.181818	0.696524	0.0984848	0.0151515	0.000445633	0.000445633	0.000445633	0.000445633	0.00534759	0.000445633	
0.00104493	0.0355277	0.242424	0.575758	0.115987	0.0125392	0.00104493	0.00104493	0.00104493	0.00104493	0.0125392	
0.002457	0.029484	0.0565111	0.272727	0.353808	0.164619	0.0565111	0.029484	0.029484	0.002457	0.002457	
0.0034965	0.041958	0.0034965	0.118881	0.272727	0.426573	0.118881	0.0034965	0.0034965	0.0034965	0.0034965	
0.00826446	0.00826446	0.00826446	0.0991736	0.00826446	0.371901	0.190083	0.190083	0.00826446	0.00826446	0.0991736	
0.012987	0.012987	0.012987	0.012987	0.012987	0.298701	0.155844	0.155844	0.298701	0.012987	0.012987	
0.00909091	0.00909091	0.00909091	0.00909091	0.109091	0.00909091	0.109091	0.209091	0.409091	0.109091	0.00909091	
0.0181818	0.218182	0.0181818	0.0181818	0.0181818	0.0181818	0.0181818	0.0181818	0.418182	0.218182	0.0181818	
0.010101	0.010101	0.010101	0.010101	0.010101	0.121212	0.010101	0.010101	0.010101	0.121212	0.676768	


Matrix B :

0.0909091	0.0909091	0.0909091	0.0909091	0.0909091	0.0909091	0.0909091	0.0909091	0.0909091	0.0909091	0.0909091	
0.000107078	0.412357	0.375843	0.167363	0.0248421	0.0154192	0.000107078	0.00128493	0.00246279	0.000107078	0.000107078	
0.000424809	0.0611725	0.257434	0.290144	0.149958	0.173322	0.0611725	0.000424809	0.00509771	0.000424809	0.000424809	
0.000988142	0.0227273	0.142292	0.142292	0.272727	0.19664	0.164032	0.055336	0.000988142	0.000988142	0.000988142	
0.002331	0.002331	0.130536	0.130536	0.181818	0.130536	0.156177	0.207459	0.027972	0.027972	0.002331	
0.003367	0.003367	0.114478	0.040404	0.151515	0.188552	0.114478	0.151515	0.040404	0.040404	0.151515	
0.00826446	0.00826446	0.00826446	0.0991736	0.190083	0.280992	0.190083	0.00826446	0.0991736	0.0991736	0.00826446	
0.012987	0.012987	0.012987	0.012987	0.155844	0.012987	0.155844	0.012987	0.012987	0.441558	0.155844	
0.00909091	0.00909091	0.00909091	0.109091	0.109091	0.109091	0.409091	0.00909091	0.00909091	0.00909091	0.209091	
0.0181818	0.0181818	0.0181818	0.0181818	0.218182	0.218182	0.0181818	0.218182	0.218182	0.0181818	0.0181818	
0.00909091	0.00909091	0.00909091	0.00909091	0.00909091	0.00909091	0.909091	0.00909091	0.00909091	0.00909091	0.00909091	


Vector Pi :

0.00149031	0.673621	0.165425	0.0834575	0.0342772	0.0178838	0.00149031	0.00149031	0.00149031	0.00149031	0.0178838	


Vector Phi :

0.0008299	0.670534	0.169295	0.0722005	0.0307062	0.0215776	0.00912893	0.00580935	0.00829908	0.00414951	0.00746917	
