
Parameters: 11 states AND 11 symbols

Matrix A :

0.090909	0.090909	0.090909	0.090909	0.090909	0.090909	0.090909	0.090909	0.090909	0.090909	0.090909	
0.000602	0.782059	0.199278	0.000602	0.000602	0.000602	0.000602	0.007225	0.007225	0.000602	0.000602	
0.000791	0.244269	0.539921	0.166008	0.026877	0.009486	0.000791	0.009486	0.000791	0.000791	0.000791	
0.001318	0.030303	0.247694	0.508564	0.175231	0.015810	0.001318	0.001318	0.015810	0.001318	0.001318	
0.001490	0.034277	0.050671	0.165425	0.509687	0.181818	0.017884	0.001490	0.017884	0.001490	0.017884	
0.002066	0.002066	0.024793	0.024793	0.206612	0.502066	0.138430	0.047521	0.024793	0.024793	0.002066	
0.003030	0.003030	0.003030	0.036364	0.036364	0.236364	0.403030	0.269697	0.003030	0.003030	0.003030	
0.002597	0.002597	0.002597	0.031169	0.031169	0.031169	0.259740	0.316883	0.259740	0.031169	0.031169	
0.002841	0.002841	0.002841	0.034091	0.002841	0.002841	0.034091	0.315341	0.315341	0.190341	0.096591	
0.003247	0.003247	0.038961	0.003247	0.074675	0.003247	0.003247	0.003247	0.217532	0.467532	0.181818	
0.002674	0.002674	0.002674	0.002674	0.032086	0.002674	0.002674	0.032086	0.061497	0.179144	0.679144	


Matrix B :

0.090909	0.090909	0.090909	0.090909	0.090909	0.090909	0.090909	0.090909	0.090909	0.090909	0.090909	
0.000579	0.478286	0.344528	0.108859	0.038796	0.026057	0.000579	0.000579	0.000579	0.000579	0.000579	
0.000764	0.118411	0.496562	0.303285	0.059587	0.017571	0.000764	0.000764	0.000764	0.000764	0.000764	
0.001245	0.042341	0.124533	0.466999	0.206725	0.124533	0.028643	0.001245	0.001245	0.001245	0.001245	
0.001420	0.001420	0.079545	0.423295	0.251420	0.220170	0.017045	0.001420	0.001420	0.001420	0.001420	
0.001934	0.023211	0.044487	0.257253	0.214700	0.299807	0.044487	0.087041	0.023211	0.001934	0.001934	
0.002674	0.002674	0.090909	0.237968	0.237968	0.179144	0.208556	0.032086	0.002674	0.002674	0.002674	
0.002597	0.002597	0.145455	0.374026	0.088312	0.202597	0.059740	0.116883	0.002597	0.002597	0.002597	
0.002755	0.002755	0.093664	0.487603	0.214876	0.063361	0.063361	0.063361	0.002755	0.002755	0.002755	
0.002933	0.002933	0.035191	0.131965	0.390029	0.357771	0.035191	0.002933	0.035191	0.002933	0.002933	
0.002525	0.002525	0.058081	0.085859	0.252525	0.169192	0.058081	0.113636	0.058081	0.085859	0.113636	


Vector Pi :

0.002933	0.196481	0.131965	0.131965	0.099707	0.099707	0.131965	0.002933	0.035191	0.099707	0.067449	


Vector Phi :

0.001667	0.251658	0.191662	0.114999	0.101668	0.073335	0.050002	0.058335	0.053336	0.046669	0.056670	
