
Parameters: 11 states AND 11 symbols

Matrix A :

0.090909	0.090909	0.090909	0.090909	0.090909	0.090909	0.090909	0.090909	0.090909	0.090909	0.090909	
0.000529	0.791226	0.163319	0.017970	0.006342	0.006342	0.000529	0.012156	0.000529	0.000529	0.000529	
0.000664	0.212342	0.599204	0.139350	0.022561	0.000664	0.007963	0.007963	0.007963	0.000664	0.000664	
0.000999	0.033966	0.209790	0.506494	0.165834	0.044955	0.022977	0.011988	0.000999	0.000999	0.000999	
0.002020	0.024242	0.068687	0.379798	0.313131	0.113131	0.024242	0.068687	0.002020	0.002020	0.002020	
0.002933	0.035191	0.099707	0.067449	0.260997	0.228739	0.228739	0.035191	0.035191	0.002933	0.002933	
0.001976	0.001976	0.001976	0.023715	0.023715	0.197628	0.501976	0.175889	0.045455	0.023715	0.001976	
0.003030	0.003030	0.036364	0.036364	0.069697	0.103030	0.269697	0.236364	0.136364	0.036364	0.069697	
0.004545	0.004545	0.004545	0.054545	0.004545	0.054545	0.054545	0.204545	0.404545	0.204545	0.004545	
0.008264	0.008264	0.008264	0.008264	0.008264	0.008264	0.099174	0.099174	0.280992	0.190083	0.280992	
0.005682	0.005682	0.005682	0.005682	0.005682	0.005682	0.068182	0.068182	0.068182	0.130682	0.630682	


Matrix B :

0.090909	0.090909	0.090909	0.090909	0.090909	0.090909	0.090909	0.090909	0.090909	0.090909	0.090909	
0.000497	0.208147	0.339295	0.186289	0.077000	0.055142	0.055142	0.055142	0.005961	0.000497	0.016890	
0.000645	0.021921	0.291425	0.326886	0.156673	0.107028	0.029014	0.050290	0.007737	0.007737	0.000645	
0.000967	0.054159	0.022244	0.139265	0.320116	0.160542	0.149903	0.075435	0.043520	0.011605	0.022244	
0.001894	0.043561	0.085227	0.043561	0.106061	0.210227	0.251894	0.189394	0.064394	0.001894	0.001894	
0.002755	0.002755	0.123967	0.245179	0.123967	0.063361	0.275482	0.033058	0.123967	0.002755	0.002755	
0.001855	0.001855	0.083488	0.185529	0.001855	0.083488	0.491651	0.042672	0.022263	0.042672	0.042672	
0.002933	0.035191	0.131965	0.196481	0.196481	0.067449	0.164223	0.035191	0.067449	0.002933	0.099707	
0.004132	0.004132	0.049587	0.413223	0.140496	0.049587	0.095041	0.095041	0.049587	0.049587	0.049587	
0.008264	0.008264	0.099174	0.371901	0.280992	0.099174	0.099174	0.008264	0.008264	0.008264	0.008264	
0.005348	0.005348	0.181818	0.299465	0.064171	0.064171	0.299465	0.064171	0.005348	0.005348	0.005348	


Vector Pi :

0.002933	0.390029	0.131965	0.099707	0.099707	0.067449	0.099707	0.035191	0.035191	0.002933	0.035191	


Vector Phi :

0.001724	0.275545	0.224643	0.151780	0.075699	0.053024	0.079440	0.052106	0.037793	0.019908	0.028338	
