
Parameters: 11 states AND 11 symbols

Matrix A :

0.090909	0.090909	0.090909	0.090909	0.090909	0.090909	0.090909	0.090909	0.090909	0.090909	0.090909	
0.000310	0.877443	0.099286	0.013962	0.007136	0.000310	0.000310	0.000310	0.000310	0.000310	0.000310	
0.000678	0.232022	0.582768	0.097693	0.045455	0.000678	0.008141	0.015604	0.008141	0.008141	0.000678	
0.002114	0.048626	0.467230	0.164905	0.211416	0.048626	0.002114	0.025370	0.002114	0.025370	0.002114	
0.001976	0.001976	0.023715	0.306324	0.436759	0.154150	0.023715	0.001976	0.023715	0.023715	0.001976	
0.003247	0.038961	0.074675	0.074675	0.253247	0.360390	0.181818	0.003247	0.003247	0.003247	0.003247	
0.006061	0.006061	0.006061	0.006061	0.072727	0.406061	0.339394	0.139394	0.006061	0.006061	0.006061	
0.007576	0.090909	0.090909	0.090909	0.007576	0.174242	0.174242	0.090909	0.090909	0.174242	0.007576	
0.009091	0.009091	0.109091	0.009091	0.009091	0.009091	0.009091	0.409091	0.309091	0.009091	0.109091	
0.007576	0.007576	0.090909	0.007576	0.007576	0.007576	0.007576	0.090909	0.257576	0.257576	0.257576	
0.008264	0.008264	0.008264	0.099174	0.008264	0.008264	0.008264	0.008264	0.008264	0.280992	0.553719	


Matrix B :

0.090909	0.090909	0.090909	0.090909	0.090909	0.090909	0.090909	0.090909	0.090909	0.090909	0.090909	
0.000297	0.265003	0.274807	0.215983	0.091800	0.068925	0.036245	0.029709	0.016637	0.000297	0.000297	
0.000640	0.042894	0.211908	0.338668	0.197823	0.064020	0.085147	0.056978	0.000640	0.000640	0.000640	
0.002114	0.002114	0.095137	0.211416	0.141649	0.048626	0.327696	0.164905	0.002114	0.002114	0.002114	
0.001894	0.001894	0.085227	0.064394	0.085227	0.168561	0.189394	0.272727	0.064394	0.064394	0.001894	
0.002841	0.002841	0.096591	0.190341	0.190341	0.284091	0.159091	0.002841	0.065341	0.002841	0.002841	
0.005682	0.005682	0.068182	0.193182	0.318182	0.130682	0.130682	0.005682	0.005682	0.130682	0.005682	
0.007576	0.007576	0.007576	0.257576	0.340909	0.174242	0.090909	0.007576	0.090909	0.007576	0.007576	
0.008264	0.008264	0.008264	0.099174	0.008264	0.280992	0.099174	0.371901	0.099174	0.008264	0.008264	
0.007576	0.007576	0.007576	0.007576	0.174242	0.340909	0.090909	0.090909	0.090909	0.007576	0.174242	
0.007576	0.007576	0.007576	0.007576	0.007576	0.174242	0.257576	0.174242	0.340909	0.007576	0.007576	


Vector Pi :

0.002933	0.422287	0.260997	0.002933	0.067449	0.131965	0.035191	0.002933	0.035191	0.002933	0.035191	


Vector Phi :

0.001653	0.484297	0.221488	0.071074	0.076033	0.046281	0.024793	0.019835	0.016529	0.019835	0.018182	
