
Parameters: 11 states AND 11 symbols

Matrix A :

0.0909091	0.0909091	0.0909091	0.0909091	0.0909091	0.0909091	0.0909091	0.0909091	0.0909091	0.0909091	0.0909091	
8.86918e-05	0.965942	0.0313082	0.00203991	8.86918e-05	8.86918e-05	8.86918e-05	8.86918e-05	8.86918e-05	8.86918e-05	8.86918e-05	
0.000678426	0.239484	0.687246	0.0529172	0.0156038	0.000678426	0.000678426	0.000678426	0.000678426	0.000678426	0.000678426	
0.004329	0.0519481	0.337662	0.4329	0.0519481	0.0519481	0.004329	0.004329	0.004329	0.004329	0.0519481	
0.0181818	0.0181818	0.218182	0.418182	0.0181818	0.0181818	0.218182	0.0181818	0.0181818	0.0181818	0.0181818	
0.030303	0.030303	0.363636	0.030303	0.030303	0.030303	0.363636	0.030303	0.030303	0.030303	0.030303	
0.0227273	0.0227273	0.0227273	0.0227273	0.0227273	0.272727	0.272727	0.272727	0.0227273	0.0227273	0.0227273	
0.0227273	0.272727	0.0227273	0.0227273	0.272727	0.0227273	0.0227273	0.0227273	0.272727	0.0227273	0.0227273	
0.0454545	0.0454545	0.0454545	0.0454545	0.0454545	0.0454545	0.0454545	0.545455	0.0454545	0.0454545	0.0454545	
0.0454545	0.0454545	0.0454545	0.0454545	0.0454545	0.0454545	0.0454545	0.545455	0.0454545	0.0454545	0.0454545	
0.0227273	0.0227273	0.0227273	0.0227273	0.0227273	0.0227273	0.0227273	0.0227273	0.0227273	0.272727	0.522727	


Matrix B :

0.0909091	0.0909091	0.0909091	0.0909091	0.0909091	0.0909091	0.0909091	0.0909091	0.0909091	0.0909091	0.0909091	
8.4488e-05	0.298412	0.43317	0.173876	0.0632815	0.0279655	0.00287259	8.4488e-05	8.4488e-05	8.4488e-05	8.4488e-05	
0.000640205	0.0428937	0.106274	0.21895	0.240077	0.268246	0.078105	0.0288092	0.000640205	0.00768246	0.00768246	
0.004329	0.0519481	0.004329	0.0519481	0.194805	0.290043	0.242424	0.0519481	0.004329	0.004329	0.0995671	
0.0181818	0.218182	0.418182	0.0181818	0.218182	0.0181818	0.0181818	0.0181818	0.0181818	0.0181818	0.0181818	
0.0227273	0.0227273	0.522727	0.0227273	0.0227273	0.272727	0.0227273	0.0227273	0.0227273	0.0227273	0.0227273	
0.0227273	0.0227273	0.272727	0.272727	0.272727	0.0227273	0.0227273	0.0227273	0.0227273	0.0227273	0.0227273	
0.0227273	0.0227273	0.772727	0.0227273	0.0227273	0.0227273	0.0227273	0.0227273	0.0227273	0.0227273	0.0227273	
0.0454545	0.0454545	0.545455	0.0454545	0.0454545	0.0454545	0.0454545	0.0454545	0.0454545	0.0454545	0.0454545	
0.0454545	0.0454545	0.545455	0.0454545	0.0454545	0.0454545	0.0454545	0.0454545	0.0454545	0.0454545	0.0454545	
0.0227273	0.0227273	0.0227273	0.272727	0.522727	0.0227273	0.0227273	0.0227273	0.0227273	0.0227273	0.0227273	


Vector Pi :

0.00149031	0.837556	0.132638	0.00149031	0.00149031	0.0178838	0.00149031	0.00149031	0.00149031	0.00149031	0.00149031	


Vector Phi :

0.000829876	0.850622	0.111203	0.0174274	0.00414938	0.00248963	0.0033195	0.0033195	0.00165975	0.00165975	0.0033195	
