
Parameters: 11 states AND 11 symbols

Matrix A :

0.0909091	0.0909091	0.0909091	0.0909091	0.0909091	0.0909091	0.0909091	0.0909091	0.0909091	0.0909091	0.0909091	
0.000117302	0.908504	0.0904399	0.000117302	0.000117302	0.000117302	0.000117302	0.000117302	0.000117302	0.000117302	0.000117302	
0.000308166	0.237596	0.664715	0.0884438	0.00708783	0.000308166	0.000308166	0.000308166	0.000308166	0.000308166	0.000308166	
0.00105708	0.012685	0.303383	0.582452	0.0824524	0.012685	0.00105708	0.00105708	0.00105708	0.00105708	0.00105708	
0.003367	0.003367	0.0774411	0.262626	0.521886	0.0774411	0.040404	0.003367	0.003367	0.003367	0.003367	
0.0181818	0.0181818	0.0181818	0.0181818	0.418182	0.218182	0.0181818	0.0181818	0.0181818	0.218182	0.0181818	
0.030303	0.030303	0.030303	0.030303	0.363636	0.030303	0.030303	0.363636	0.030303	0.030303	0.030303	
0.030303	0.030303	0.030303	0.363636	0.030303	0.030303	0.030303	0.030303	0.363636	0.030303	0.030303	
0.0227273	0.0227273	0.0227273	0.0227273	0.0227273	0.0227273	0.272727	0.0227273	0.522727	0.0227273	0.0227273	
0.0454545	0.0454545	0.0454545	0.0454545	0.0454545	0.0454545	0.0454545	0.0454545	0.0454545	0.0454545	0.545455	
0.0227273	0.0227273	0.0227273	0.0227273	0.0227273	0.0227273	0.0227273	0.272727	0.0227273	0.0227273	0.522727	


Matrix B :

0.0909091	0.0909091	0.0909091	0.0909091	0.0909091	0.0909091	0.0909091	0.0909091	0.0909091	0.0909091	0.0909091	
0.000111957	0.163905	0.331393	0.310457	0.109718	0.04691	0.0185849	0.00873265	0.00257501	0.00257501	0.00503807	
0.000293255	0.000293255	0.0390029	0.24868	0.329326	0.213196	0.0809384	0.0519062	0.0196481	0.0131965	0.00351906	
0.0010101	0.0010101	0.0010101	0.134343	0.178788	0.112121	0.223232	0.189899	0.123232	0.0232323	0.0121212	
0.0030303	0.0030303	0.0030303	0.0030303	0.269697	0.336364	0.136364	0.20303	0.0363636	0.0030303	0.0030303	
0.0151515	0.0151515	0.0151515	0.0151515	0.348485	0.348485	0.181818	0.0151515	0.0151515	0.0151515	0.0151515	
0.030303	0.030303	0.030303	0.030303	0.030303	0.363636	0.363636	0.030303	0.030303	0.030303	0.030303	
0.030303	0.030303	0.030303	0.030303	0.030303	0.030303	0.69697	0.030303	0.030303	0.030303	0.030303	
0.0227273	0.0227273	0.0227273	0.0227273	0.0227273	0.0227273	0.522727	0.272727	0.0227273	0.0227273	0.0227273	
0.0454545	0.0454545	0.0454545	0.0454545	0.0454545	0.0454545	0.0454545	0.545455	0.0454545	0.0454545	0.0454545	
0.0227273	0.0227273	0.0227273	0.0227273	0.0227273	0.0227273	0.0227273	0.272727	0.522727	0.0227273	0.0227273	


Vector Pi :

0.00149031	0.591654	0.247392	0.0834575	0.0506706	0.0178838	0.00149031	0.00149031	0.00149031	0.00149031	0.00149031	


Vector Phi :

0.000812051	0.648323	0.243522	0.0686137	0.0217403	0.00402535	0.00242859	0.00243189	0.00324536	0.00161712	0.00324122	
