
Parameters: 11 states AND 11 symbols

Matrix A :

0.090909	0.090909	0.090909	0.090909	0.090909	0.090909	0.090909	0.090909	0.090909	0.090909	0.090909	
0.000247	0.905138	0.073617	0.016551	0.002964	0.000247	0.000247	0.000247	0.000247	0.000247	0.000247	
0.000967	0.298839	0.490329	0.128627	0.032882	0.011605	0.000967	0.022244	0.011605	0.000967	0.000967	
0.002525	0.085859	0.391414	0.169192	0.141414	0.058081	0.058081	0.030303	0.030303	0.030303	0.002525	
0.003953	0.047431	0.177866	0.177866	0.264822	0.221344	0.090909	0.003953	0.003953	0.003953	0.003953	
0.004545	0.004545	0.004545	0.204545	0.204545	0.304545	0.154545	0.004545	0.054545	0.004545	0.054545	
0.005348	0.122995	0.005348	0.064171	0.064171	0.240642	0.240642	0.181818	0.064171	0.005348	0.005348	
0.006993	0.006993	0.083916	0.083916	0.083916	0.083916	0.237762	0.160839	0.160839	0.083916	0.006993	
0.006061	0.006061	0.072727	0.072727	0.072727	0.006061	0.072727	0.139394	0.206061	0.272727	0.072727	
0.010101	0.010101	0.010101	0.010101	0.010101	0.010101	0.121212	0.121212	0.343434	0.232323	0.121212	
0.010101	0.010101	0.010101	0.010101	0.010101	0.010101	0.010101	0.121212	0.232323	0.010101	0.565657	


Matrix B :

0.090909	0.090909	0.090909	0.090909	0.090909	0.090909	0.090909	0.090909	0.090909	0.090909	0.090909	
0.000236	0.282619	0.295572	0.158267	0.119407	0.075365	0.028733	0.028733	0.002826	0.008008	0.000236	
0.000918	0.142332	0.334252	0.182736	0.122130	0.142332	0.011019	0.011019	0.031221	0.021120	0.000918	
0.002457	0.029484	0.461916	0.137592	0.164619	0.056511	0.029484	0.056511	0.056511	0.002457	0.002457	
0.003636	0.083636	0.243636	0.323636	0.123636	0.163636	0.043636	0.003636	0.003636	0.003636	0.003636	
0.004329	0.051948	0.194805	0.194805	0.432900	0.004329	0.099567	0.004329	0.004329	0.004329	0.004329	
0.005051	0.005051	0.171717	0.338384	0.227273	0.171717	0.005051	0.005051	0.005051	0.005051	0.060606	
0.006061	0.072727	0.072727	0.006061	0.272727	0.272727	0.206061	0.072727	0.006061	0.006061	0.006061	
0.006061	0.006061	0.272727	0.006061	0.139394	0.206061	0.139394	0.006061	0.006061	0.072727	0.139394	
0.010101	0.010101	0.121212	0.010101	0.232323	0.343434	0.121212	0.010101	0.121212	0.010101	0.010101	
0.010101	0.010101	0.232323	0.010101	0.121212	0.121212	0.121212	0.010101	0.121212	0.010101	0.232323	


Vector Pi :

0.002933	0.583578	0.164223	0.035191	0.067449	0.035191	0.035191	0.067449	0.002933	0.002933	0.002933	


Vector Phi :

0.001653	0.608264	0.155372	0.059504	0.038017	0.033058	0.028099	0.021488	0.024793	0.014876	0.014876	
