
Parameters: 11 states AND 11 symbols

Matrix A :

0.090909	0.090909	0.090909	0.090909	0.090909	0.090909	0.090909	0.090909	0.090909	0.090909	0.090909	
0.000640	0.564020	0.380922	0.035851	0.014725	0.000640	0.000640	0.000640	0.000640	0.000640	0.000640	
0.000640	0.359795	0.352753	0.155570	0.120359	0.007682	0.000640	0.000640	0.000640	0.000640	0.000640	
0.001136	0.101136	0.276136	0.401136	0.176136	0.026136	0.013636	0.001136	0.001136	0.001136	0.001136	
0.001057	0.012685	0.152220	0.187104	0.338266	0.233615	0.047569	0.024313	0.001057	0.001057	0.001057	
0.001377	0.016529	0.031680	0.061983	0.304408	0.349862	0.198347	0.031680	0.001377	0.001377	0.001377	
0.001748	0.001748	0.001748	0.020979	0.059441	0.251748	0.386364	0.174825	0.097902	0.001748	0.001748	
0.003636	0.003636	0.003636	0.003636	0.003636	0.203636	0.403636	0.163636	0.163636	0.043636	0.003636	
0.005682	0.005682	0.005682	0.005682	0.005682	0.068182	0.193182	0.255682	0.193182	0.193182	0.068182	
0.008264	0.008264	0.008264	0.008264	0.008264	0.008264	0.008264	0.280992	0.190083	0.371901	0.099174	
0.022727	0.022727	0.022727	0.022727	0.022727	0.022727	0.022727	0.022727	0.022727	0.522727	0.272727	


Matrix B :

0.090909	0.090909	0.090909	0.090909	0.090909	0.090909	0.090909	0.090909	0.090909	0.090909	0.090909	
0.000623	0.562267	0.267746	0.103362	0.062267	0.000623	0.000623	0.000623	0.000623	0.000623	0.000623	
0.000614	0.061425	0.703317	0.156020	0.054668	0.020885	0.000614	0.000614	0.000614	0.000614	0.000614	
0.001109	0.001109	0.257206	0.549889	0.098670	0.086475	0.001109	0.001109	0.001109	0.001109	0.001109	
0.000988	0.000988	0.000988	0.424901	0.446640	0.098814	0.022727	0.000988	0.000988	0.000988	0.000988	
0.001318	0.001318	0.001318	0.001318	0.595520	0.320158	0.059289	0.015810	0.001318	0.001318	0.001318	
0.001748	0.001748	0.001748	0.001748	0.020979	0.694056	0.213287	0.040210	0.020979	0.001748	0.001748	
0.003367	0.003367	0.003367	0.003367	0.003367	0.151515	0.558923	0.188552	0.077441	0.003367	0.003367	
0.005051	0.005051	0.005051	0.005051	0.005051	0.005051	0.393939	0.282828	0.060606	0.116162	0.116162	
0.008264	0.008264	0.008264	0.008264	0.008264	0.008264	0.008264	0.190083	0.462810	0.099174	0.190083	
0.022727	0.022727	0.022727	0.022727	0.022727	0.022727	0.022727	0.022727	0.022727	0.272727	0.522727	


Vector Pi :

0.003497	0.157343	0.234266	0.041958	0.234266	0.118881	0.003497	0.080420	0.118881	0.003497	0.003497	


Vector Phi :

0.001547	0.231017	0.231004	0.131716	0.138234	0.103878	0.080344	0.037867	0.022461	0.016050	0.005880	
