
Parameters: 11 states AND 11 symbols

Matrix A :

0.0909091	0.0909091	0.0909091	0.0909091	0.0909091	0.0909091	0.0909091	0.0909091	0.0909091	0.0909091	0.0909091	
0.000101461	0.929789	0.0670657	0.0023336	0.000101461	0.000101461	0.000101461	0.000101461	0.000101461	0.000101461	0.000101461	
0.000496771	0.328366	0.568803	0.071535	0.0168902	0.000496771	0.0114257	0.000496771	0.000496771	0.000496771	0.000496771	
0.00178253	0.0606061	0.276292	0.452763	0.139037	0.0409982	0.0213904	0.00178253	0.00178253	0.00178253	0.00178253	
0.00293255	0.00293255	0.0674487	0.357771	0.357771	0.164223	0.0351906	0.00293255	0.00293255	0.00293255	0.00293255	
0.00534759	0.00534759	0.0641711	0.0641711	0.417112	0.299465	0.122995	0.00534759	0.00534759	0.00534759	0.00534759	
0.00699301	0.00699301	0.00699301	0.00699301	0.0839161	0.314685	0.314685	0.160839	0.00699301	0.0839161	0.00699301	
0.0181818	0.0181818	0.0181818	0.0181818	0.218182	0.0181818	0.218182	0.218182	0.218182	0.0181818	0.0181818	
0.0454545	0.0454545	0.0454545	0.0454545	0.0454545	0.0454545	0.0454545	0.545455	0.0454545	0.0454545	0.0454545	
0.030303	0.030303	0.030303	0.030303	0.030303	0.030303	0.363636	0.030303	0.030303	0.030303	0.363636	
0.030303	0.030303	0.030303	0.030303	0.030303	0.030303	0.030303	0.030303	0.030303	0.363636	0.363636	


Matrix B :

0.0909091	0.0909091	0.0909091	0.0909091	0.0909091	0.0909091	0.0909091	0.0909091	0.0909091	0.0909091	0.0909091	
9.6609e-05	0.21795	0.332721	0.212636	0.128683	0.0596078	0.0256014	0.0139117	0.00434741	0.00434741	9.6609e-05	
0.000471032	0.000471032	0.0678285	0.259538	0.249176	0.202544	0.135186	0.0367405	0.0367405	0.00565238	0.00565238	
0.00171527	0.00171527	0.00171527	0.246998	0.303602	0.246998	0.152659	0.0394511	0.00171527	0.00171527	0.00171527	
0.00275482	0.00275482	0.00275482	0.00275482	0.15427	0.548209	0.123967	0.15427	0.00275482	0.00275482	0.00275482	
0.00534759	0.00534759	0.00534759	0.181818	0.00534759	0.299465	0.299465	0.00534759	0.0641711	0.122995	0.00534759	
0.00699301	0.00699301	0.00699301	0.0839161	0.160839	0.00699301	0.160839	0.237762	0.0839161	0.160839	0.0839161	
0.0181818	0.0181818	0.0181818	0.0181818	0.0181818	0.218182	0.0181818	0.618182	0.0181818	0.0181818	0.0181818	
0.030303	0.030303	0.030303	0.030303	0.030303	0.030303	0.030303	0.69697	0.030303	0.030303	0.030303	
0.030303	0.030303	0.030303	0.030303	0.030303	0.030303	0.363636	0.363636	0.030303	0.030303	0.030303	
0.030303	0.030303	0.030303	0.030303	0.030303	0.030303	0.030303	0.69697	0.030303	0.030303	0.030303	


Vector Pi :

0.00149031	0.722802	0.181818	0.0342772	0.0342772	0.00149031	0.00149031	0.00149031	0.0178838	0.00149031	0.00149031	


Vector Phi :

0.000822862	0.746427	0.150046	0.0419029	0.0254647	0.0139673	0.0106794	0.00411039	0.00164494	0.00246694	0.00246777	
