
Parameters: 11 states AND 11 symbols

Matrix A :

0.0909091	0.0909091	0.0909091	0.0909091	0.0909091	0.0909091	0.0909091	0.0909091	0.0909091	0.0909091	0.0909091	
0.000211909	0.860352	0.133079	0.00487391	0.000211909	0.000211909	0.000211909	0.000211909	0.000211909	0.000211909	0.000211909	
0.00027137	0.173406	0.707734	0.113704	0.00325645	0.00027137	0.00027137	0.00027137	0.00027137	0.00027137	0.00027137	
0.000385208	0.00885978	0.161402	0.716487	0.10208	0.00885978	0.000385208	0.000385208	0.000385208	0.000385208	0.000385208	
0.000937207	0.000937207	0.0112465	0.268978	0.598875	0.114339	0.000937207	0.000937207	0.000937207	0.000937207	0.000937207	
0.0020202	0.0020202	0.0020202	0.0020202	0.268687	0.513131	0.157576	0.0464646	0.0020202	0.0020202	0.0020202	
0.00395257	0.00395257	0.00395257	0.00395257	0.0474308	0.351779	0.438735	0.134387	0.00395257	0.00395257	0.00395257	
0.00757576	0.00757576	0.00757576	0.00757576	0.00757576	0.00757576	0.257576	0.340909	0.257576	0.0909091	0.00757576	
0.00909091	0.00909091	0.00909091	0.00909091	0.00909091	0.00909091	0.209091	0.209091	0.309091	0.209091	0.00909091	
0.012987	0.012987	0.012987	0.012987	0.012987	0.012987	0.012987	0.012987	0.298701	0.298701	0.298701	
0.0181818	0.0181818	0.0181818	0.0181818	0.0181818	0.0181818	0.0181818	0.0181818	0.218182	0.218182	0.418182	


Matrix B :

0.0909091	0.0909091	0.0909091	0.0909091	0.0909091	0.0909091	0.0909091	0.0909091	0.0909091	0.0909091	0.0909091	
0.000201126	0.734714	0.234714	0.022325	0.000201126	0.000201126	0.00462591	0.00241352	0.000201126	0.000201126	0.000201126	
0.000261233	0.178422	0.689916	0.0979624	0.0031348	0.000261233	0.000261233	0.0261233	0.0031348	0.000261233	0.000261233	
0.000371058	0.00445269	0.559555	0.392208	0.0248609	0.000371058	0.00853432	0.00445269	0.000371058	0.00445269	0.000371058	
0.000865801	0.000865801	0.172294	0.515152	0.219913	0.038961	0.0294372	0.000865801	0.000865801	0.000865801	0.0199134	
0.00181818	0.00181818	0.0418182	0.301818	0.321818	0.181818	0.0818182	0.0218182	0.0218182	0.00181818	0.0218182	
0.00395257	0.00395257	0.00395257	0.177866	0.525692	0.177866	0.0474308	0.0474308	0.00395257	0.00395257	0.00395257	
0.00699301	0.00699301	0.00699301	0.00699301	0.314685	0.545455	0.00699301	0.0839161	0.00699301	0.00699301	0.00699301	
0.00909091	0.00909091	0.00909091	0.109091	0.109091	0.609091	0.00909091	0.00909091	0.00909091	0.109091	0.00909091	
0.012987	0.012987	0.012987	0.155844	0.298701	0.298701	0.012987	0.012987	0.012987	0.155844	0.012987	
0.0151515	0.0151515	0.0151515	0.0151515	0.181818	0.0151515	0.0151515	0.0151515	0.0151515	0.0151515	0.681818	


Vector Pi :

0.00149031	0.362146	0.230999	0.149031	0.132638	0.0834575	0.00149031	0.0178838	0.00149031	0.00149031	0.0178838	


Vector Phi :

0.000831588	0.361011	0.277313	0.195639	0.0804653	0.0373596	0.0191108	0.00997356	0.00831597	0.00582178	0.00415903	
