
Parameters: 11 states AND 11 symbols

Matrix A :

0.0909091	0.0909091	0.0909091	0.0909091	0.0909091	0.0909091	0.0909091	0.0909091	0.0909091	0.0909091	0.0909091	
0.000308166	0.77319	0.210478	0.0138675	0.000308166	0.000308166	0.000308166	0.000308166	0.000308166	0.000308166	0.000308166	
0.000345662	0.213273	0.57449	0.194262	0.0155548	0.000345662	0.000345662	0.000345662	0.000345662	0.000345662	0.000345662	
0.000424809	0.0331351	0.210705	0.542481	0.182668	0.0237893	0.00509771	0.000424809	0.000424809	0.000424809	0.000424809	
0.000528541	0.0179704	0.0179704	0.244715	0.523784	0.192389	0.000528541	0.000528541	0.000528541	0.000528541	0.000528541	
0.000770416	0.000770416	0.00924499	0.000770416	0.255008	0.551618	0.170262	0.00924499	0.000770416	0.000770416	0.000770416	
0.00165289	0.00165289	0.00165289	0.00165289	0.147107	0.256198	0.310744	0.27438	0.00165289	0.00165289	0.00165289	
0.00221729	0.00221729	0.00221729	0.00221729	0.00221729	0.00221729	0.31929	0.514412	0.148559	0.00221729	0.00221729	
0.00534759	0.00534759	0.00534759	0.00534759	0.00534759	0.00534759	0.181818	0.181818	0.299465	0.299465	0.00534759	
0.00534759	0.00534759	0.00534759	0.00534759	0.00534759	0.00534759	0.00534759	0.00534759	0.299465	0.593583	0.0641711	
0.012987	0.012987	0.012987	0.012987	0.012987	0.012987	0.012987	0.012987	0.012987	0.155844	0.727273	


Matrix B :

0.0909091	0.0909091	0.0909091	0.0909091	0.0909091	0.0909091	0.0909091	0.0909091	0.0909091	0.0909091	0.0909091	
0.000290444	0.220738	0.348533	0.249492	0.0961371	0.0514087	0.0290444	0.00348533	0.000290444	0.000290444	0.000290444	
0.000333	0.000333	0.388611	0.351981	0.17982	0.0333	0.029637	0.000333	0.011322	0.003996	0.000333	
0.000400481	0.000400481	0.0180216	0.401282	0.326392	0.14137	0.0752903	0.0224269	0.00921105	0.00480577	0.000400481	
0.000507872	0.000507872	0.000507872	0.0843068	0.575927	0.223972	0.0507872	0.0452006	0.0172676	0.000507872	0.000507872	
0.000739098	0.000739098	0.000739098	0.000739098	0.13082	0.602365	0.163341	0.0332594	0.0657797	0.000739098	0.000739098	
0.00154083	0.00154083	0.00154083	0.00154083	0.00154083	0.120185	0.526965	0.238829	0.0523883	0.0523883	0.00154083	
0.00221729	0.00221729	0.00221729	0.00221729	0.00221729	0.00221729	0.172949	0.611973	0.148559	0.0509978	0.00221729	
0.00505051	0.00505051	0.00505051	0.00505051	0.00505051	0.00505051	0.00505051	0.116162	0.782828	0.00505051	0.0606061	
0.00478469	0.00478469	0.00478469	0.00478469	0.00478469	0.00478469	0.00478469	0.00478469	0.267943	0.478469	0.215311	
0.012987	0.012987	0.012987	0.012987	0.012987	0.012987	0.012987	0.012987	0.012987	0.012987	0.87013	


Vector Pi :

0.00149031	0.296572	0.165425	0.214605	0.116244	0.0834575	0.0670641	0.00149031	0.0178838	0.0342772	0.00149031	


Vector Phi :

0.000833594	0.245788	0.219135	0.178324	0.143346	0.0983512	0.0458495	0.0341825	0.0141759	0.0141774	0.00583762	
