
Parameters: 11 states AND 11 symbols

Matrix A :

0.090909	0.090909	0.090909	0.090909	0.090909	0.090909	0.090909	0.090909	0.090909	0.090909	0.090909	
0.000538	0.817106	0.154384	0.018289	0.000538	0.000538	0.000538	0.000538	0.006455	0.000538	0.000538	
0.000722	0.207071	0.603896	0.167388	0.008658	0.008658	0.000722	0.000722	0.000722	0.000722	0.000722	
0.001399	0.032168	0.262937	0.432168	0.232168	0.032168	0.001399	0.001399	0.001399	0.001399	0.001399	
0.001357	0.016282	0.061058	0.120760	0.493894	0.225237	0.061058	0.001357	0.016282	0.001357	0.001357	
0.002165	0.002165	0.002165	0.073593	0.335498	0.335498	0.168831	0.025974	0.002165	0.002165	0.049784	
0.003030	0.069697	0.003030	0.003030	0.069697	0.269697	0.269697	0.236364	0.069697	0.003030	0.003030	
0.003788	0.003788	0.045455	0.003788	0.003788	0.045455	0.295455	0.337121	0.253788	0.003788	0.003788	
0.003135	0.003135	0.037618	0.003135	0.003135	0.003135	0.072100	0.210031	0.347962	0.278997	0.037618	
0.002933	0.002933	0.002933	0.002933	0.002933	0.002933	0.035191	0.035191	0.196481	0.583578	0.131965	
0.005682	0.005682	0.005682	0.068182	0.005682	0.005682	0.005682	0.005682	0.130682	0.255682	0.505682	


Matrix B :

0.090909	0.090909	0.090909	0.090909	0.090909	0.090909	0.090909	0.090909	0.090909	0.090909	0.090909	
0.000502	0.160723	0.254646	0.243596	0.182823	0.094425	0.033651	0.011552	0.017077	0.000502	0.000502	
0.000678	0.045455	0.209634	0.261872	0.239484	0.149932	0.052917	0.030529	0.008141	0.000678	0.000678	
0.001377	0.016529	0.092287	0.410468	0.137741	0.213499	0.061983	0.061983	0.001377	0.001377	0.001377	
0.001280	0.015365	0.128041	0.311140	0.099872	0.128041	0.113956	0.071703	0.085787	0.043534	0.001280	
0.002165	0.025974	0.097403	0.359307	0.264069	0.073593	0.025974	0.121212	0.025974	0.002165	0.002165	
0.003030	0.003030	0.069697	0.203030	0.303030	0.169697	0.036364	0.069697	0.103030	0.036364	0.003030	
0.003636	0.003636	0.123636	0.203636	0.043636	0.203636	0.243636	0.043636	0.043636	0.043636	0.043636	
0.003135	0.037618	0.037618	0.106583	0.313480	0.244514	0.037618	0.106583	0.003135	0.037618	0.072100	
0.002674	0.002674	0.032086	0.061497	0.296791	0.179144	0.326203	0.002674	0.032086	0.061497	0.002674	
0.005348	0.005348	0.005348	0.122995	0.593583	0.240642	0.005348	0.005348	0.005348	0.005348	0.005348	


Vector Pi :

0.002933	0.357771	0.260997	0.035191	0.164223	0.002933	0.002933	0.035191	0.002933	0.099707	0.035191	


Vector Phi :

0.001638	0.292902	0.213034	0.108000	0.106318	0.067437	0.048318	0.038849	0.047149	0.050398	0.025957	
