
Parameters: 11 states AND 11 symbols

Matrix A :

0.0909091	0.0909091	0.0909091	0.0909091	0.0909091	0.0909091	0.0909091	0.0909091	0.0909091	0.0909091	0.0909091	
9.77517e-05	0.940958	0.0527859	0.00332356	0.00117302	0.00117302	9.77517e-05	9.77517e-05	9.77517e-05	9.77517e-05	9.77517e-05	
0.00050226	0.28227	0.608237	0.0999498	0.00050226	0.00050226	0.00050226	0.00050226	0.00602712	0.00050226	0.00050226	
0.00165289	0.0380165	0.365289	0.456198	0.128926	0.00165289	0.00165289	0.00165289	0.00165289	0.00165289	0.00165289	
0.00534759	0.00534759	0.00534759	0.475936	0.358289	0.0641711	0.0641711	0.00534759	0.00534759	0.00534759	0.00534759	
0.0227273	0.0227273	0.272727	0.0227273	0.272727	0.0227273	0.0227273	0.272727	0.0227273	0.0227273	0.0227273	
0.0227273	0.0227273	0.0227273	0.0227273	0.272727	0.272727	0.272727	0.0227273	0.0227273	0.0227273	0.0227273	
0.030303	0.030303	0.030303	0.030303	0.030303	0.030303	0.363636	0.030303	0.363636	0.030303	0.030303	
0.0227273	0.0227273	0.0227273	0.0227273	0.0227273	0.0227273	0.0227273	0.272727	0.272727	0.0227273	0.272727	
0.0454545	0.545455	0.0454545	0.0454545	0.0454545	0.0454545	0.0454545	0.0454545	0.0454545	0.0454545	0.0454545	
0.0227273	0.0227273	0.0227273	0.0227273	0.0227273	0.0227273	0.0227273	0.0227273	0.0227273	0.272727	0.522727	


Matrix B :

0.0909091	0.0909091	0.0909091	0.0909091	0.0909091	0.0909091	0.0909091	0.0909091	0.0909091	0.0909091	0.0909091	
9.30492e-05	0.345027	0.386992	0.180236	0.0574114	0.0195403	0.00316367	0.00418722	0.00111659	0.00111659	0.00111659	
0.000478469	0.000478469	0.195215	0.342584	0.279426	0.05311	0.0583732	0.0425837	0.0215311	0.000478469	0.00574163	
0.0015674	0.0015674	0.0705329	0.139498	0.242947	0.346395	0.105016	0.0188088	0.0705329	0.0015674	0.0015674	
0.00505051	0.00505051	0.116162	0.00505051	0.00505051	0.338384	0.171717	0.227273	0.0606061	0.00505051	0.0606061	
0.0227273	0.0227273	0.0227273	0.272727	0.0227273	0.0227273	0.272727	0.0227273	0.0227273	0.272727	0.0227273	
0.0227273	0.0227273	0.0227273	0.0227273	0.272727	0.0227273	0.0227273	0.272727	0.0227273	0.0227273	0.272727	
0.030303	0.030303	0.030303	0.030303	0.363636	0.030303	0.030303	0.030303	0.030303	0.030303	0.363636	
0.0227273	0.0227273	0.0227273	0.0227273	0.0227273	0.0227273	0.272727	0.272727	0.272727	0.0227273	0.0227273	
0.0454545	0.0454545	0.0454545	0.0454545	0.545455	0.0454545	0.0454545	0.0454545	0.0454545	0.0454545	0.0454545	
0.0227273	0.0227273	0.0227273	0.0227273	0.0227273	0.522727	0.272727	0.0227273	0.0227273	0.0227273	0.0227273	


Vector Pi :

0.00149031	0.771982	0.149031	0.0506706	0.0178838	0.00149031	0.00149031	0.00149031	0.00149031	0.00149031	0.00149031	


Vector Phi :

0.000829876	0.771784	0.150207	0.0456432	0.0141079	0.0033195	0.0033195	0.00248963	0.0033195	0.00165975	0.0033195	
