
Parameters: 11 states AND 11 symbols

Matrix A :

0.0909091	0.0909091	0.0909091	0.0909091	0.0909091	0.0909091	0.0909091	0.0909091	0.0909091	0.0909091	0.0909091	
0.0001365	0.852989	0.136773	0.00764401	0.001638	0.0001365	0.0001365	0.0001365	0.0001365	0.0001365	0.0001365	
0.000287687	0.278769	0.588895	0.104718	0.0224396	0.00345224	0.000287687	0.000287687	0.000287687	0.000287687	0.000287687	
0.000804505	0.0804505	0.29284	0.478681	0.142397	0.000804505	0.000804505	0.000804505	0.000804505	0.000804505	0.000804505	
0.00171527	0.0205832	0.0960549	0.303602	0.265866	0.284734	0.00171527	0.0205832	0.00171527	0.00171527	0.00171527	
0.002457	0.002457	0.002457	0.0835381	0.326781	0.434889	0.110565	0.029484	0.002457	0.002457	0.002457	
0.0113636	0.0113636	0.0113636	0.0113636	0.136364	0.511364	0.261364	0.0113636	0.0113636	0.0113636	0.0113636	
0.0227273	0.0227273	0.0227273	0.0227273	0.0227273	0.0227273	0.272727	0.272727	0.0227273	0.0227273	0.272727	
0.0454545	0.0454545	0.0454545	0.0454545	0.545455	0.0454545	0.0454545	0.0454545	0.0454545	0.0454545	0.0454545	
0.0909091	0.0909091	0.0909091	0.0909091	0.0909091	0.0909091	0.0909091	0.0909091	0.0909091	0.0909091	0.0909091	
0.0227273	0.0227273	0.0227273	0.0227273	0.0227273	0.0227273	0.0227273	0.0227273	0.272727	0.0227273	0.522727	


Matrix B :

0.0909091	0.0909091	0.0909091	0.0909091	0.0909091	0.0909091	0.0909091	0.0909091	0.0909091	0.0909091	0.0909091	
0.000130993	0.321457	0.325779	0.17016	0.102436	0.0462405	0.0203039	0.0102174	0.00157192	0.00157192	0.000130993	
0.000270563	0.000270563	0.306818	0.375271	0.181818	0.0657468	0.0419372	0.00622294	0.0151515	0.00622294	0.000270563	
0.000763942	0.000763942	0.0091673	0.286478	0.353705	0.160428	0.110008	0.0427807	0.0175707	0.0091673	0.0091673	
0.00162338	0.00162338	0.00162338	0.00162338	0.376623	0.323052	0.144481	0.0551948	0.0551948	0.0194805	0.0194805	
0.00227273	0.00227273	0.00227273	0.00227273	0.00227273	0.252273	0.427273	0.177273	0.0772727	0.00227273	0.0522727	
0.0113636	0.0113636	0.0113636	0.0113636	0.0113636	0.0113636	0.386364	0.261364	0.136364	0.136364	0.0113636	
0.0227273	0.0227273	0.0227273	0.0227273	0.0227273	0.0227273	0.272727	0.0227273	0.0227273	0.0227273	0.522727	
0.0454545	0.0454545	0.0454545	0.0454545	0.0454545	0.0454545	0.0454545	0.0454545	0.545455	0.0454545	0.0454545	
0.0909091	0.0909091	0.0909091	0.0909091	0.0909091	0.0909091	0.0909091	0.0909091	0.0909091	0.0909091	0.0909091	
0.0227273	0.0227273	0.0227273	0.0227273	0.0227273	0.0227273	0.0227273	0.0227273	0.272727	0.522727	0.0227273	


Vector Pi :

0.00149031	0.444113	0.329359	0.116244	0.0506706	0.0506706	0.00149031	0.00149031	0.00149031	0.00149031	0.00149031	


Vector Phi :

0.000821667	0.556334	0.261838	0.0917309	0.0433765	0.030315	0.00655836	0.00327922	0.0016424	0.000821667	0.00328294	
