
Parameters: 11 states AND 11 symbols

Matrix A :

0.0909091	0.0909091	0.0909091	0.0909091	0.0909091	0.0909091	0.0909091	0.0909091	0.0909091	0.0909091	0.0909091	
0.000180734	0.847099	0.137358	0.0140972	0.000180734	0.000180734	0.000180734	0.000180734	0.000180734	0.000180734	0.000180734	
0.000297089	0.225787	0.627748	0.131016	0.010101	0.00356506	0.000297089	0.000297089	0.000297089	0.000297089	0.000297089	
0.0004914	0.022113	0.211302	0.605897	0.130221	0.022113	0.00589681	0.0004914	0.0004914	0.0004914	0.0004914	
0.00110865	0.0254989	0.0620843	0.257206	0.464523	0.14745	0.0254989	0.0133038	0.00110865	0.00110865	0.00110865	
0.00178253	0.00178253	0.0213904	0.0802139	0.256684	0.452763	0.139037	0.0409982	0.00178253	0.00178253	0.00178253	
0.00324675	0.00324675	0.00324675	0.00324675	0.11039	0.324675	0.253247	0.217532	0.0746753	0.00324675	0.00324675	
0.00363636	0.00363636	0.00363636	0.00363636	0.00363636	0.0436364	0.323636	0.523636	0.0836364	0.00363636	0.00363636	
0.00909091	0.00909091	0.00909091	0.00909091	0.00909091	0.00909091	0.209091	0.209091	0.309091	0.109091	0.109091	
0.030303	0.030303	0.030303	0.030303	0.030303	0.030303	0.030303	0.030303	0.363636	0.030303	0.363636	
0.0151515	0.0151515	0.0151515	0.0151515	0.0151515	0.0151515	0.0151515	0.0151515	0.181818	0.181818	0.515152	


Matrix B :

0.0909091	0.0909091	0.0909091	0.0909091	0.0909091	0.0909091	0.0909091	0.0909091	0.0909091	0.0909091	0.0909091	
0.000171851	0.351779	0.41227	0.113593	0.085238	0.0247465	0.011514	0.000171851	0.000171851	0.000171851	0.000171851	
0.000281452	0.111737	0.458486	0.285111	0.12412	0.0157613	0.00337743	0.000281452	0.000281452	0.000281452	0.000281452	
0.000463822	0.00556586	0.230056	0.49026	0.184137	0.0820965	0.00556586	0.000463822	0.000463822	0.000463822	0.000463822	
0.00106952	0.00106952	0.0716578	0.271658	0.259893	0.342246	0.0481283	0.00106952	0.00106952	0.00106952	0.00106952	
0.00174825	0.00174825	0.0786713	0.0786713	0.213287	0.328671	0.29021	0.00174825	0.00174825	0.00174825	0.00174825	
0.0031348	0.0031348	0.0031348	0.210031	0.210031	0.175549	0.31348	0.0721003	0.0031348	0.0031348	0.0031348	
0.00363636	0.00363636	0.00363636	0.0436364	0.363636	0.123636	0.203636	0.243636	0.00363636	0.00363636	0.00363636	
0.00826446	0.00826446	0.00826446	0.00826446	0.190083	0.0991736	0.371901	0.00826446	0.280992	0.00826446	0.00826446	
0.030303	0.030303	0.030303	0.030303	0.030303	0.030303	0.030303	0.030303	0.030303	0.69697	0.030303	
0.0151515	0.0151515	0.0151515	0.0151515	0.0151515	0.0151515	0.348485	0.0151515	0.0151515	0.0151515	0.515152	


Vector Pi :

0.00149031	0.444113	0.263785	0.181818	0.0506706	0.0178838	0.0178838	0.00149031	0.0178838	0.00149031	0.00149031	


Vector Phi :

0.000835933	0.416203	0.256582	0.154824	0.0686329	0.0426832	0.0234298	0.0209182	0.00836507	0.00250872	0.0050175	
