
Parameters: 11 states AND 11 symbols

Matrix A :

0.090909	0.090909	0.090909	0.090909	0.090909	0.090909	0.090909	0.090909	0.090909	0.090909	0.090909	
0.000272	0.889494	0.093087	0.006260	0.003266	0.003266	0.000272	0.000272	0.003266	0.000272	0.000272	
0.000834	0.239366	0.560467	0.129274	0.019183	0.028357	0.000834	0.010008	0.000834	0.010008	0.000834	
0.002066	0.138430	0.206612	0.411157	0.070248	0.024793	0.070248	0.002066	0.002066	0.047521	0.024793	
0.006061	0.139394	0.139394	0.206061	0.139394	0.072727	0.139394	0.072727	0.072727	0.006061	0.006061	
0.006494	0.006494	0.077922	0.292208	0.006494	0.149351	0.149351	0.149351	0.006494	0.149351	0.006494	
0.004545	0.004545	0.154545	0.054545	0.104545	0.204545	0.204545	0.204545	0.054545	0.004545	0.004545	
0.004545	0.004545	0.004545	0.054545	0.104545	0.004545	0.154545	0.404545	0.154545	0.104545	0.004545	
0.006494	0.006494	0.077922	0.006494	0.077922	0.077922	0.149351	0.149351	0.363636	0.006494	0.077922	
0.004785	0.057416	0.004785	0.057416	0.004785	0.004785	0.110048	0.057416	0.057416	0.320574	0.320574	
0.006061	0.006061	0.006061	0.006061	0.072727	0.006061	0.072727	0.006061	0.072727	0.339394	0.406061	


Matrix B :

0.090909	0.090909	0.090909	0.090909	0.090909	0.090909	0.090909	0.090909	0.090909	0.090909	0.090909	
0.000259	0.108521	0.250971	0.253820	0.131313	0.099974	0.074333	0.028749	0.031598	0.017353	0.003108	
0.000791	0.000791	0.070356	0.331225	0.270356	0.061660	0.087747	0.070356	0.087747	0.000791	0.018182	
0.001934	0.023211	0.065764	0.129594	0.214700	0.193424	0.065764	0.172147	0.065764	0.044487	0.023211	
0.006061	0.006061	0.072727	0.139394	0.206061	0.406061	0.072727	0.006061	0.072727	0.006061	0.006061	
0.006061	0.006061	0.006061	0.072727	0.339394	0.072727	0.206061	0.139394	0.006061	0.006061	0.139394	
0.004545	0.004545	0.004545	0.104545	0.054545	0.204545	0.304545	0.054545	0.054545	0.104545	0.104545	
0.004132	0.004132	0.004132	0.049587	0.004132	0.231405	0.276860	0.185950	0.185950	0.049587	0.004132	
0.006494	0.006494	0.006494	0.006494	0.149351	0.220779	0.149351	0.363636	0.077922	0.006494	0.006494	
0.004785	0.004785	0.057416	0.057416	0.110048	0.057416	0.373206	0.162679	0.004785	0.110048	0.057416	
0.005682	0.005682	0.130682	0.005682	0.130682	0.068182	0.130682	0.255682	0.193182	0.068182	0.005682	


Vector Pi :

0.002933	0.583578	0.196481	0.067449	0.002933	0.035191	0.002933	0.067449	0.002933	0.002933	0.035191	


Vector Phi :

0.001684	0.543803	0.180680	0.076175	0.025340	0.023531	0.033904	0.033720	0.023556	0.032175	0.025431	
