
Parameters: 11 states AND 11 symbols

Matrix A :

0.090909	0.090909	0.090909	0.090909	0.090909	0.090909	0.090909	0.090909	0.090909	0.090909	0.090909	
0.000295	0.850945	0.126919	0.016529	0.003542	0.000295	0.000295	0.000295	0.000295	0.000295	0.000295	
0.000745	0.336811	0.533532	0.099106	0.025335	0.000745	0.000745	0.000745	0.000745	0.000745	0.000745	
0.002457	0.056511	0.380835	0.380835	0.137592	0.029484	0.002457	0.002457	0.002457	0.002457	0.002457	
0.005682	0.005682	0.193182	0.318182	0.255682	0.130682	0.005682	0.005682	0.068182	0.005682	0.005682	
0.015152	0.348485	0.015152	0.015152	0.181818	0.015152	0.348485	0.015152	0.015152	0.015152	0.015152	
0.030303	0.030303	0.030303	0.030303	0.363636	0.363636	0.030303	0.030303	0.030303	0.030303	0.030303	
0.090909	0.090909	0.090909	0.090909	0.090909	0.090909	0.090909	0.090909	0.090909	0.090909	0.090909	
0.030303	0.030303	0.030303	0.030303	0.030303	0.363636	0.030303	0.030303	0.030303	0.363636	0.030303	
0.030303	0.030303	0.030303	0.030303	0.030303	0.030303	0.030303	0.030303	0.363636	0.030303	0.363636	
0.018182	0.018182	0.018182	0.018182	0.018182	0.018182	0.018182	0.018182	0.018182	0.218182	0.618182	


Matrix B :

0.090909	0.090909	0.090909	0.090909	0.090909	0.090909	0.090909	0.090909	0.090909	0.090909	0.090909	
0.000281	0.814523	0.179848	0.003377	0.000281	0.000281	0.000281	0.000281	0.000281	0.000281	0.000281	
0.000722	0.032468	0.881674	0.080087	0.000722	0.000722	0.000722	0.000722	0.000722	0.000722	0.000722	
0.002457	0.002457	0.083538	0.840295	0.056511	0.002457	0.002457	0.002457	0.002457	0.002457	0.002457	
0.005682	0.005682	0.005682	0.255682	0.630682	0.068182	0.005682	0.005682	0.005682	0.005682	0.005682	
0.015152	0.015152	0.015152	0.015152	0.181818	0.348485	0.181818	0.181818	0.015152	0.015152	0.015152	
0.030303	0.030303	0.030303	0.030303	0.030303	0.363636	0.030303	0.363636	0.030303	0.030303	0.030303	
0.090909	0.090909	0.090909	0.090909	0.090909	0.090909	0.090909	0.090909	0.090909	0.090909	0.090909	
0.022727	0.022727	0.022727	0.022727	0.022727	0.022727	0.522727	0.022727	0.022727	0.272727	0.022727	
0.030303	0.030303	0.030303	0.030303	0.030303	0.030303	0.030303	0.030303	0.363636	0.030303	0.363636	
0.018182	0.018182	0.018182	0.018182	0.018182	0.018182	0.018182	0.018182	0.018182	0.218182	0.618182	


Vector Pi :

0.004329	0.718615	0.194805	0.004329	0.004329	0.004329	0.004329	0.004329	0.051948	0.004329	0.004329	


Vector Phi :

0.001980	0.609901	0.241584	0.073267	0.031683	0.011881	0.005941	0.001980	0.005941	0.005941	0.009901	
