
Parameters: 11 states AND 11 symbols

Matrix A :

0.090909	0.090909	0.090909	0.090909	0.090909	0.090909	0.090909	0.090909	0.090909	0.090909	0.090909	
0.000387	0.757834	0.225919	0.013153	0.000387	0.000387	0.000387	0.000387	0.000387	0.000387	0.000387	
0.000590	0.364227	0.409681	0.195396	0.026564	0.000590	0.000590	0.000590	0.000590	0.000590	0.000590	
0.000937	0.011246	0.341143	0.454545	0.155576	0.031865	0.000937	0.000937	0.000937	0.000937	0.000937	
0.001357	0.001357	0.046133	0.225237	0.553596	0.150611	0.016282	0.001357	0.001357	0.001357	0.001357	
0.003135	0.003135	0.037618	0.141066	0.347962	0.347962	0.072100	0.037618	0.003135	0.003135	0.003135	
0.007576	0.007576	0.007576	0.007576	0.007576	0.340909	0.340909	0.090909	0.174242	0.007576	0.007576	
0.010101	0.010101	0.010101	0.010101	0.010101	0.121212	0.121212	0.454545	0.121212	0.121212	0.010101	
0.015152	0.015152	0.015152	0.015152	0.015152	0.015152	0.348485	0.181818	0.015152	0.181818	0.181818	
0.018182	0.018182	0.018182	0.018182	0.018182	0.018182	0.018182	0.218182	0.218182	0.218182	0.218182	
0.009091	0.009091	0.009091	0.009091	0.009091	0.009091	0.009091	0.009091	0.109091	0.109091	0.709091	


Matrix B :

0.090909	0.090909	0.090909	0.090909	0.090909	0.090909	0.090909	0.090909	0.090909	0.090909	0.090909	
0.000371	0.265677	0.216698	0.241187	0.143228	0.077922	0.024861	0.012616	0.004453	0.012616	0.000371	
0.000568	0.225568	0.269318	0.200568	0.094318	0.100568	0.044318	0.025568	0.025568	0.013068	0.000568	
0.000900	0.189019	0.288029	0.189019	0.099910	0.119712	0.050405	0.010801	0.030603	0.020702	0.000900	
0.001318	0.088274	0.334651	0.146245	0.160738	0.059289	0.073781	0.030303	0.102767	0.001318	0.001318	
0.003030	0.003030	0.269697	0.203030	0.103030	0.236364	0.069697	0.003030	0.069697	0.036364	0.003030	
0.006494	0.006494	0.220779	0.363636	0.220779	0.006494	0.077922	0.077922	0.006494	0.006494	0.006494	
0.010101	0.010101	0.121212	0.232323	0.010101	0.010101	0.121212	0.010101	0.232323	0.232323	0.010101	
0.015152	0.015152	0.015152	0.181818	0.015152	0.348485	0.015152	0.181818	0.181818	0.015152	0.015152	
0.018182	0.018182	0.018182	0.018182	0.018182	0.018182	0.418182	0.218182	0.018182	0.218182	0.018182	
0.009091	0.009091	0.009091	0.009091	0.009091	0.009091	0.309091	0.009091	0.109091	0.109091	0.409091	


Vector Pi :

0.003497	0.349650	0.234266	0.157343	0.080420	0.041958	0.118881	0.003497	0.003497	0.003497	0.003497	


Vector Phi :

0.001489	0.387550	0.250022	0.154791	0.104724	0.043418	0.015365	0.012761	0.008338	0.007167	0.014373	
