
Parameters: 11 states AND 11 symbols

Matrix A :

0.090909	0.090909	0.090909	0.090909	0.090909	0.090909	0.090909	0.090909	0.090909	0.090909	0.090909	
0.000805	0.593725	0.222043	0.071601	0.053902	0.036203	0.000805	0.000805	0.009654	0.009654	0.000805	
0.000909	0.230909	0.420909	0.180909	0.070909	0.040909	0.020909	0.020909	0.000909	0.000909	0.010909	
0.001082	0.096320	0.203463	0.382035	0.120130	0.084416	0.048701	0.036797	0.001082	0.024892	0.001082	
0.001280	0.085787	0.085787	0.268886	0.339309	0.128041	0.029449	0.057618	0.001280	0.001280	0.001280	
0.001783	0.060606	0.040998	0.040998	0.217469	0.295900	0.256684	0.060606	0.021390	0.001783	0.001783	
0.001653	0.038017	0.092562	0.001653	0.128926	0.147107	0.474380	0.019835	0.056198	0.019835	0.019835	
0.003135	0.003135	0.037618	0.106583	0.106583	0.106583	0.072100	0.244514	0.141066	0.072100	0.106583	
0.004329	0.004329	0.004329	0.004329	0.051948	0.004329	0.099567	0.242424	0.099567	0.432900	0.051948	
0.002933	0.035191	0.035191	0.035191	0.002933	0.002933	0.035191	0.067449	0.260997	0.228739	0.293255	
0.002066	0.047521	0.002066	0.002066	0.002066	0.002066	0.047521	0.024793	0.047521	0.183884	0.638430	


Matrix B :

0.090909	0.090909	0.090909	0.090909	0.090909	0.090909	0.090909	0.090909	0.090909	0.090909	0.090909	
0.000777	0.351204	0.376845	0.180264	0.052059	0.017871	0.009324	0.009324	0.000777	0.000777	0.000777	
0.000858	0.208405	0.453688	0.227273	0.085763	0.010292	0.010292	0.000858	0.000858	0.000858	0.000858	
0.001033	0.012397	0.421488	0.330579	0.148760	0.057851	0.012397	0.012397	0.001033	0.001033	0.001033	
0.001229	0.028256	0.190418	0.393120	0.285012	0.068796	0.028256	0.001229	0.001229	0.001229	0.001229	
0.001748	0.001748	0.290210	0.117133	0.328671	0.194056	0.040210	0.020979	0.001748	0.001748	0.001748	
0.001541	0.018490	0.052388	0.221880	0.204931	0.340524	0.120185	0.035439	0.001541	0.001541	0.001541	
0.002841	0.002841	0.096591	0.377841	0.127841	0.190341	0.034091	0.002841	0.034091	0.034091	0.096591	
0.003953	0.003953	0.003953	0.090909	0.264822	0.177866	0.308300	0.047431	0.003953	0.003953	0.090909	
0.002841	0.002841	0.096591	0.190341	0.252841	0.252841	0.096591	0.096591	0.002841	0.002841	0.002841	
0.001976	0.001976	0.045455	0.088933	0.088933	0.306324	0.349802	0.088933	0.023715	0.001976	0.001976	


Vector Pi :

0.002933	0.131965	0.196481	0.131965	0.131965	0.035191	0.131965	0.099707	0.035191	0.035191	0.067449	


Vector Phi :

0.001684	0.186996	0.165363	0.138428	0.115444	0.084334	0.091909	0.049048	0.037635	0.053661	0.075497	
