
Parameters: 11 states AND 11 symbols

Matrix A :

0.0454545	0.0454545	0.0454545	0.0454545	0.0454545	0.0454545	0.0454545	0.0454545	0.0454545	0.0454545	0.545455	
0.00014758	0.863784	0.121901	0.00826446	0.00339433	0.00177096	0.00014758	0.00014758	0.00014758	0.00014758	0.00014758	
0.000297089	0.232323	0.60814	0.127748	0.0199049	0.00356506	0.00356506	0.000297089	0.000297089	0.00356506	0.000297089	
0.000699301	0.0545455	0.293007	0.493007	0.100699	0.0237762	0.0237762	0.00839161	0.000699301	0.000699301	0.000699301	
0.00178253	0.0606061	0.11943	0.256684	0.315508	0.11943	0.0409982	0.0213904	0.0409982	0.0213904	0.00178253	
0.00378788	0.00378788	0.00378788	0.128788	0.253788	0.337121	0.170455	0.0871212	0.00378788	0.00378788	0.00378788	
0.00413223	0.00413223	0.00413223	0.18595	0.231405	0.140496	0.0950413	0.18595	0.140496	0.00413223	0.00413223	
0.00324675	0.038961	0.00324675	0.038961	0.038961	0.038961	0.253247	0.538961	0.00324675	0.00324675	0.038961	
0.0727273	0.0727273	0.00606061	0.00606061	0.0727273	0.00606061	0.0727273	0.206061	0.406061	0.0727273	0.00606061	
0.0151515	0.0151515	0.0151515	0.0151515	0.0151515	0.0151515	0.0151515	0.0151515	0.515152	0.181818	0.181818	
0.0181818	0.0181818	0.0181818	0.0181818	0.0181818	0.0181818	0.218182	0.218182	0.0181818	0.218182	0.218182	


Matrix B :

0.0454545	0.0454545	0.0454545	0.0454545	0.0454545	0.545455	0.0454545	0.0454545	0.0454545	0.0454545	0.0454545	
0.000140292	0.230079	0.347363	0.214646	0.106622	0.0618687	0.0232884	0.0109428	0.00476992	0.000140292	0.000140292	
0.000283206	0.0314359	0.196545	0.302464	0.243274	0.115548	0.056358	0.0189748	0.0283206	0.00339847	0.00339847	
0.000683527	0.00820232	0.166097	0.27136	0.188653	0.151059	0.0984279	0.0984279	0.000683527	0.000683527	0.0157211	
0.0016835	0.0016835	0.112795	0.279461	0.242424	0.0757576	0.242424	0.0387205	0.0016835	0.0016835	0.0016835	
0.00363636	0.00363636	0.00363636	0.243636	0.403636	0.123636	0.0436364	0.0836364	0.0836364	0.00363636	0.00363636	
0.00378788	0.00378788	0.0454545	0.0871212	0.212121	0.170455	0.170455	0.128788	0.128788	0.0454545	0.00378788	
0.0031348	0.0031348	0.0721003	0.141066	0.278997	0.210031	0.106583	0.0721003	0.0721003	0.0031348	0.0376176	
0.00534759	0.00534759	0.0641711	0.0641711	0.181818	0.181818	0.0641711	0.00534759	0.00534759	0.0641711	0.358289	
0.012987	0.012987	0.155844	0.012987	0.012987	0.155844	0.584416	0.012987	0.012987	0.012987	0.012987	
0.0181818	0.0181818	0.0181818	0.218182	0.218182	0.218182	0.218182	0.0181818	0.0181818	0.0181818	0.0181818	


Vector Pi :

0.00149031	0.52608	0.247392	0.0506706	0.0506706	0.0178838	0.0342772	0.0178838	0.0342772	0.0178838	0.00149031	


Vector Phi :

0.00165975	0.511203	0.253942	0.107884	0.0423237	0.019917	0.0182573	0.0232365	0.0124481	0.00497925	0.00414938	
