
Parameters: 11 states AND 11 symbols

Matrix A :

0.0909091	0.0909091	0.0909091	0.0909091	0.0909091	0.0909091	0.0909091	0.0909091	0.0909091	0.0909091	0.0909091	
0.000149768	0.76786	0.204433	0.0265089	0.000149768	0.000149768	0.000149768	0.000149768	0.000149768	0.000149768	0.000149768	
0.000295159	0.373672	0.419126	0.178867	0.0230224	0.00354191	0.000295159	0.000295159	0.000295159	0.000295159	0.000295159	
0.00050226	0.122049	0.238071	0.464591	0.127574	0.0226017	0.0170768	0.00602712	0.00050226	0.00050226	0.00050226	
0.001443	0.049062	0.112554	0.334776	0.30303	0.112554	0.0808081	0.001443	0.001443	0.001443	0.001443	
0.0034965	0.0034965	0.157343	0.0804196	0.34965	0.34965	0.0034965	0.041958	0.0034965	0.0034965	0.0034965	
0.00757576	0.00757576	0.00757576	0.0909091	0.174242	0.257576	0.174242	0.0909091	0.0909091	0.00757576	0.0909091	
0.0181818	0.0181818	0.0181818	0.218182	0.418182	0.0181818	0.0181818	0.218182	0.0181818	0.0181818	0.0181818	
0.030303	0.030303	0.030303	0.030303	0.030303	0.363636	0.363636	0.030303	0.030303	0.030303	0.030303	
0.0909091	0.0909091	0.0909091	0.0909091	0.0909091	0.0909091	0.0909091	0.0909091	0.0909091	0.0909091	0.0909091	
0.0454545	0.0454545	0.0454545	0.0454545	0.0454545	0.0454545	0.0454545	0.0454545	0.545455	0.0454545	0.0454545	


Matrix B :

0.0909091	0.0909091	0.0909091	0.0909091	0.0909091	0.0909091	0.0909091	0.0909091	0.0909091	0.0909091	0.0909091	
0.000142268	0.319391	0.371034	0.176981	0.0783895	0.0298762	0.0157917	0.00327216	0.00170721	0.00170721	0.00170721	
0.000280584	0.0157127	0.386083	0.327441	0.145342	0.0805275	0.0249719	0.0126263	0.003367	0.000280584	0.003367	
0.000481	0.000481	0.164502	0.354978	0.286195	0.106301	0.037518	0.037518	0.000481	0.011063	0.000481	
0.0013986	0.0013986	0.0629371	0.232168	0.262937	0.155245	0.124476	0.124476	0.0167832	0.0013986	0.0167832	
0.00324675	0.00324675	0.00324675	0.146104	0.11039	0.467532	0.11039	0.038961	0.11039	0.00324675	0.00324675	
0.00757576	0.00757576	0.00757576	0.257576	0.00757576	0.174242	0.424242	0.00757576	0.00757576	0.00757576	0.0909091	
0.0181818	0.0181818	0.0181818	0.0181818	0.0181818	0.0181818	0.218182	0.218182	0.418182	0.0181818	0.0181818	
0.030303	0.030303	0.030303	0.030303	0.363636	0.030303	0.030303	0.363636	0.030303	0.030303	0.030303	
0.0909091	0.0909091	0.0909091	0.0909091	0.0909091	0.0909091	0.0909091	0.0909091	0.0909091	0.0909091	0.0909091	
0.0454545	0.0454545	0.0454545	0.0454545	0.0454545	0.0454545	0.0454545	0.0454545	0.0454545	0.545455	0.0454545	


Vector Pi :

0.00149031	0.52608	0.263785	0.132638	0.0342772	0.0342772	0.00149031	0.00149031	0.00149031	0.00149031	0.00149031	


Vector Phi :

0.00082713	0.502068	0.254756	0.149711	0.0521092	0.0215054	0.00992556	0.00413565	0.00248139	0.00082713	0.00165426	
