
Parameters: 11 states AND 11 symbols

Matrix A :

0.0909091	0.0909091	0.0909091	0.0909091	0.0909091	0.0909091	0.0909091	0.0909091	0.0909091	0.0909091	0.0909091	
0.000186289	0.873137	0.123137	0.000186289	0.000186289	0.00223547	0.000186289	0.000186289	0.000186289	0.000186289	0.000186289	
0.000292312	0.193218	0.68518	0.119263	0.000292312	0.000292312	0.000292312	0.000292312	0.000292312	0.000292312	0.000292312	
0.000366569	0.00439883	0.153592	0.746334	0.0931085	0.000366569	0.000366569	0.000366569	0.000366569	0.000366569	0.000366569	
0.000834028	0.000834028	0.000834028	0.211843	0.71643	0.0558799	0.0100083	0.000834028	0.000834028	0.000834028	0.000834028	
0.00378788	0.00378788	0.00378788	0.0454545	0.295455	0.545455	0.0454545	0.0454545	0.00378788	0.00378788	0.00378788	
0.0181818	0.0181818	0.0181818	0.218182	0.0181818	0.418182	0.0181818	0.0181818	0.218182	0.0181818	0.0181818	
0.030303	0.030303	0.030303	0.030303	0.030303	0.030303	0.363636	0.030303	0.030303	0.363636	0.030303	
0.030303	0.030303	0.030303	0.030303	0.030303	0.030303	0.030303	0.363636	0.030303	0.363636	0.030303	
0.0113636	0.0113636	0.0113636	0.0113636	0.0113636	0.0113636	0.136364	0.0113636	0.136364	0.386364	0.261364	
0.0181818	0.0181818	0.0181818	0.0181818	0.0181818	0.0181818	0.0181818	0.0181818	0.0181818	0.418182	0.418182	


Matrix B :

0.0909091	0.0909091	0.0909091	0.0909091	0.0909091	0.0909091	0.0909091	0.0909091	0.0909091	0.0909091	0.0909091	
0.000176866	0.383445	0.303679	0.179165	0.08578	0.0371418	0.00601344	0.00406792	0.000176866	0.000176866	0.000176866	
0.000278009	0.131776	0.40089	0.235752	0.058382	0.0981373	0.030859	0.0400334	0.000278009	0.00333611	0.000278009	
0.000351	0.000351	0.413478	0.313092	0.108459	0.0852931	0.031239	0.031239	0.004212	0.004212	0.00807301	
0.000804505	0.000804505	0.0539019	0.522928	0.124698	0.0627514	0.0804505	0.0893001	0.00965406	0.000804505	0.0539019	
0.0034965	0.0034965	0.0034965	0.34965	0.234266	0.118881	0.118881	0.0804196	0.041958	0.041958	0.0034965	
0.0181818	0.0181818	0.0181818	0.0181818	0.0181818	0.618182	0.0181818	0.0181818	0.0181818	0.0181818	0.218182	
0.0227273	0.0227273	0.0227273	0.0227273	0.272727	0.522727	0.0227273	0.0227273	0.0227273	0.0227273	0.0227273	
0.030303	0.030303	0.030303	0.030303	0.030303	0.363636	0.030303	0.030303	0.030303	0.030303	0.363636	
0.0113636	0.0113636	0.0113636	0.0113636	0.0113636	0.136364	0.386364	0.261364	0.0113636	0.0113636	0.136364	
0.0181818	0.0181818	0.0181818	0.0181818	0.0181818	0.0181818	0.0181818	0.418182	0.0181818	0.218182	0.218182	


Vector Pi :

0.00149031	0.42772	0.247392	0.181818	0.0670641	0.0506706	0.00149031	0.0178838	0.00149031	0.00149031	0.00149031	


Vector Phi :

0.000792072	0.41017	0.261754	0.20401	0.087164	0.017405	0.00386626	0.00229996	0.00234796	0.00626089	0.00392893	
