
Parameters: 11 states AND 11 symbols

Matrix A :

0.0909091	0.0909091	0.0909091	0.0909091	0.0909091	0.0909091	0.0909091	0.0909091	0.0909091	0.0909091	0.0909091	
0.000189789	0.837351	0.156766	0.00436515	0.000189789	0.000189789	0.000189789	0.000189789	0.000189789	0.000189789	0.000189789	
0.000275482	0.227548	0.612397	0.14876	0.00633609	0.00330579	0.000275482	0.000275482	0.000275482	0.000275482	0.000275482	
0.000447828	0.00537394	0.241827	0.591581	0.158083	0.000447828	0.000447828	0.000447828	0.000447828	0.000447828	0.000447828	
0.000882613	0.0105914	0.0300088	0.292145	0.544572	0.117387	0.000882613	0.000882613	0.000882613	0.000882613	0.000882613	
0.002457	0.002457	0.002457	0.029484	0.299754	0.434889	0.191646	0.029484	0.002457	0.002457	0.002457	
0.00363636	0.00363636	0.00363636	0.00363636	0.0436364	0.243636	0.563636	0.123636	0.00363636	0.00363636	0.00363636	
0.00699301	0.00699301	0.00699301	0.00699301	0.00699301	0.0839161	0.160839	0.468531	0.160839	0.0839161	0.00699301	
0.0151515	0.0151515	0.0151515	0.0151515	0.0151515	0.0151515	0.181818	0.348485	0.348485	0.0151515	0.0151515	
0.030303	0.030303	0.030303	0.030303	0.030303	0.030303	0.030303	0.030303	0.363636	0.030303	0.363636	
0.0181818	0.0181818	0.0181818	0.0181818	0.0181818	0.0181818	0.0181818	0.0181818	0.0181818	0.218182	0.618182	


Matrix B :

0.0909091	0.0909091	0.0909091	0.0909091	0.0909091	0.0909091	0.0909091	0.0909091	0.0909091	0.0909091	0.0909091	
0.000180018	0.320972	0.273447	0.188299	0.0694869	0.0477048	0.059586	0.0358236	0.00414041	0.000180018	0.000180018	
0.000262743	0.0349448	0.410667	0.271939	0.0898581	0.104309	0.0667367	0.0176038	0.00315292	0.000262743	0.000262743	
0.000428816	0.000428816	0.137221	0.37307	0.17024	0.132504	0.0806175	0.0523156	0.0334477	0.0192967	0.000428816	
0.000857633	0.000857633	0.0102916	0.302744	0.29331	0.151801	0.142367	0.0480274	0.0291595	0.0197256	0.000857633	
0.00227273	0.00227273	0.00227273	0.00227273	0.677273	0.102273	0.102273	0.0272727	0.0272727	0.0522727	0.00227273	
0.00324675	0.00324675	0.00324675	0.00324675	0.217532	0.324675	0.146104	0.217532	0.00324675	0.0746753	0.00324675	
0.00699301	0.00699301	0.00699301	0.00699301	0.00699301	0.314685	0.545455	0.00699301	0.0839161	0.00699301	0.00699301	
0.0151515	0.0151515	0.0151515	0.0151515	0.0151515	0.0151515	0.348485	0.348485	0.181818	0.0151515	0.0151515	
0.030303	0.030303	0.030303	0.030303	0.030303	0.030303	0.030303	0.030303	0.030303	0.69697	0.030303	
0.0181818	0.0181818	0.0181818	0.0181818	0.0181818	0.0181818	0.0181818	0.0181818	0.0181818	0.0181818	0.818182	


Vector Pi :

0.00149031	0.42772	0.263785	0.149031	0.0506706	0.0506706	0.0506706	0.00149031	0.00149031	0.00149031	0.00149031	


Vector Phi :

0.000830028	0.39749	0.273852	0.168468	0.0854839	0.0307106	0.0207524	0.0107917	0.00498079	0.00249033	0.0041506	
