
Parameters: 11 states AND 11 symbols

Matrix A :

0.0909091	0.0909091	0.0909091	0.0909091	0.0909091	0.0909091	0.0909091	0.0909091	0.0909091	0.0909091	0.0909091	
0.0002886	0.790765	0.200289	0.00663781	0.0002886	0.0002886	0.0002886	0.0002886	0.0002886	0.0002886	0.0002886	
0.000366569	0.242302	0.532625	0.189883	0.0245601	0.00843109	0.000366569	0.000366569	0.000366569	0.000366569	0.000366569	
0.0004995	0.027972	0.242258	0.511489	0.209291	0.00599401	0.0004995	0.0004995	0.0004995	0.0004995	0.0004995	
0.000561167	0.000561167	0.0499439	0.222783	0.494388	0.216611	0.0129068	0.000561167	0.000561167	0.000561167	0.000561167	
0.000763942	0.000763942	0.000763942	0.025974	0.303285	0.454545	0.202445	0.0091673	0.000763942	0.000763942	0.000763942	
0.00115075	0.00115075	0.00115075	0.00115075	0.013809	0.266974	0.520138	0.153049	0.0391254	0.00115075	0.00115075	
0.00185529	0.00185529	0.00185529	0.00185529	0.00185529	0.103896	0.226345	0.552876	0.103896	0.00185529	0.00185529	
0.00395257	0.00395257	0.00395257	0.00395257	0.00395257	0.00395257	0.00395257	0.3083	0.482213	0.134387	0.0474308	
0.00826446	0.00826446	0.00826446	0.00826446	0.00826446	0.00826446	0.00826446	0.0991736	0.280992	0.371901	0.190083	
0.00826446	0.00826446	0.00826446	0.00826446	0.00826446	0.00826446	0.00826446	0.00826446	0.00826446	0.280992	0.644628	


Matrix B :

0.0909091	0.0909091	0.0909091	0.0909091	0.0909091	0.0909091	0.0909091	0.0909091	0.0909091	0.0909091	0.0909091	
0.000270563	0.503247	0.384199	0.0836039	0.0240801	0.00324675	0.000270563	0.000270563	0.000270563	0.000270563	0.000270563	
0.000351	0.042822	0.591085	0.278343	0.0737101	0.011934	0.000351	0.000351	0.000351	0.000351	0.000351	
0.000475964	0.000475964	0.152308	0.55545	0.262256	0.026654	0.000475964	0.000475964	0.000475964	0.000475964	0.000475964	
0.000534759	0.000534759	0.00641711	0.424064	0.418182	0.135829	0.0122995	0.000534759	0.000534759	0.000534759	0.000534759	
0.000745156	0.000745156	0.00894188	0.115499	0.345007	0.410581	0.0991058	0.0171386	0.000745156	0.000745156	0.000745156	
0.00109529	0.00109529	0.00109529	0.0372399	0.205915	0.446878	0.254107	0.0492881	0.00109529	0.00109529	0.00109529	
0.00178253	0.00178253	0.00178253	0.0409982	0.197861	0.335116	0.2959	0.0606061	0.0409982	0.0213904	0.00178253	
0.00378788	0.00378788	0.00378788	0.00378788	0.0454545	0.212121	0.295455	0.0454545	0.212121	0.0871212	0.0871212	
0.00757576	0.00757576	0.00757576	0.00757576	0.00757576	0.340909	0.00757576	0.174242	0.340909	0.0909091	0.00757576	
0.00826446	0.00826446	0.00826446	0.00826446	0.00826446	0.00826446	0.0991736	0.190083	0.190083	0.0991736	0.371901	


Vector Pi :

0.00149031	0.345753	0.181818	0.149031	0.132638	0.0506706	0.0670641	0.0342772	0.0178838	0.0178838	0.00149031	


Vector Phi :

0.000833778	0.262387	0.206603	0.151651	0.135021	0.0992098	0.0658781	0.0408727	0.0191871	0.00917764	0.00917804	
