
Parameters: 11 states AND 11 symbols

Matrix A :

0.0909091	0.0909091	0.0909091	0.0909091	0.0909091	0.0909091	0.0909091	0.0909091	0.0909091	0.0909091	0.0909091	
0.000167729	0.821201	0.164374	0.0130829	0.000167729	0.000167729	0.000167729	0.000167729	0.000167729	0.000167729	0.000167729	
0.000268962	0.260624	0.574233	0.154115	0.0091447	0.000268962	0.000268962	0.000268962	0.000268962	0.000268962	0.000268962	
0.000513611	0.0457114	0.27735	0.520288	0.136107	0.011813	0.00616333	0.000513611	0.000513611	0.000513611	0.000513611	
0.00121212	0.0145455	0.0545455	0.294545	0.467879	0.134545	0.0278788	0.00121212	0.00121212	0.00121212	0.00121212	
0.0030303	0.0030303	0.0030303	0.10303	0.336364	0.369697	0.169697	0.0030303	0.0030303	0.0030303	0.0030303	
0.004329	0.004329	0.004329	0.004329	0.0519481	0.290043	0.4329	0.194805	0.004329	0.004329	0.004329	
0.00757576	0.00757576	0.00757576	0.00757576	0.0909091	0.00757576	0.257576	0.340909	0.174242	0.0909091	0.00757576	
0.030303	0.030303	0.030303	0.030303	0.030303	0.030303	0.030303	0.69697	0.030303	0.030303	0.030303	
0.030303	0.030303	0.030303	0.030303	0.030303	0.030303	0.030303	0.363636	0.030303	0.030303	0.363636	
0.030303	0.030303	0.030303	0.030303	0.030303	0.030303	0.030303	0.030303	0.030303	0.363636	0.363636	


Matrix B :

0.0909091	0.0909091	0.0909091	0.0909091	0.0909091	0.0909091	0.0909091	0.0909091	0.0909091	0.0909091	0.0909091	
0.00015977	0.251478	0.302444	0.188209	0.121425	0.0634287	0.0440965	0.0194919	0.00718965	0.00191724	0.00015977	
0.000253936	0.00304723	0.28517	0.273997	0.243271	0.0924327	0.0561199	0.0253936	0.0170137	0.00304723	0.000253936	
0.000496771	0.000496771	0.0168902	0.235469	0.251863	0.22454	0.142573	0.0606061	0.0660705	0.000496771	0.000496771	
0.00115075	0.00115075	0.00115075	0.0897583	0.165708	0.191024	0.203682	0.203682	0.0897583	0.0517837	0.00115075	
0.0030303	0.0030303	0.0030303	0.0363636	0.069697	0.236364	0.269697	0.10303	0.10303	0.069697	0.10303	
0.00413223	0.00413223	0.00413223	0.00413223	0.00413223	0.0495868	0.504132	0.140496	0.18595	0.0495868	0.0495868	
0.00757576	0.00757576	0.00757576	0.00757576	0.00757576	0.0909091	0.174242	0.257576	0.340909	0.0909091	0.00757576	
0.0227273	0.0227273	0.0227273	0.0227273	0.0227273	0.0227273	0.0227273	0.772727	0.0227273	0.0227273	0.0227273	
0.030303	0.030303	0.030303	0.030303	0.030303	0.030303	0.030303	0.030303	0.030303	0.363636	0.363636	
0.0227273	0.0227273	0.0227273	0.0227273	0.0227273	0.0227273	0.0227273	0.0227273	0.0227273	0.0227273	0.772727	


Vector Pi :

0.00149031	0.42772	0.345753	0.099851	0.0670641	0.00149031	0.0178838	0.00149031	0.0178838	0.00149031	0.0178838	


Vector Phi :

0.00082773	0.452201	0.279083	0.146333	0.0620057	0.0248064	0.0173674	0.00992733	0.00248229	0.00248265	0.00248292	
