
Parameters: 11 states AND 11 symbols

Matrix A :

0.0909091	0.0909091	0.0909091	0.0909091	0.0909091	0.0909091	0.0909091	0.0909091	0.0909091	0.0909091	0.0909091	
0.000128041	0.812804	0.160691	0.0212548	0.00435339	0.000128041	0.000128041	0.000128041	0.000128041	0.000128041	0.000128041	
0.000287687	0.373705	0.474971	0.12687	0.0161105	0.00345224	0.000287687	0.000287687	0.00345224	0.000287687	0.000287687	
0.000891266	0.108734	0.42246	0.295009	0.138146	0.030303	0.000891266	0.000891266	0.000891266	0.000891266	0.000891266	
0.00211416	0.0718816	0.141649	0.281184	0.211416	0.188161	0.0486258	0.02537	0.02537	0.00211416	0.00211416	
0.00478469	0.0574163	0.110048	0.110048	0.267943	0.162679	0.215311	0.0574163	0.00478469	0.00478469	0.00478469	
0.010101	0.010101	0.010101	0.232323	0.343434	0.232323	0.121212	0.010101	0.010101	0.010101	0.010101	
0.030303	0.030303	0.030303	0.030303	0.363636	0.030303	0.363636	0.030303	0.030303	0.030303	0.030303	
0.030303	0.030303	0.030303	0.030303	0.363636	0.030303	0.030303	0.030303	0.030303	0.030303	0.363636	
0.0909091	0.0909091	0.0909091	0.0909091	0.0909091	0.0909091	0.0909091	0.0909091	0.0909091	0.0909091	0.0909091	
0.0454545	0.0454545	0.0454545	0.0454545	0.0454545	0.545455	0.0454545	0.0454545	0.0454545	0.0454545	0.0454545	


Matrix B :

0.0909091	0.0909091	0.0909091	0.0909091	0.0909091	0.0909091	0.0909091	0.0909091	0.0909091	0.0909091	0.0909091	
0.000122026	0.441733	0.412203	0.0981086	0.0323368	0.0135448	0.00146431	0.000122026	0.000122026	0.000122026	0.000122026	
0.000272183	0.0242243	0.500272	0.35656	0.102069	0.0122482	0.00326619	0.000272183	0.000272183	0.000272183	0.000272183	
0.000865801	0.000865801	0.0675325	0.438961	0.324675	0.115152	0.038961	0.0103896	0.000865801	0.000865801	0.000865801	
0.00197628	0.00197628	0.00197628	0.132411	0.41502	0.393281	0.0237154	0.0237154	0.00197628	0.00197628	0.00197628	
0.00478469	0.00478469	0.00478469	0.00478469	0.110048	0.373206	0.162679	0.320574	0.00478469	0.00478469	0.00478469	
0.00909091	0.00909091	0.00909091	0.00909091	0.00909091	0.509091	0.309091	0.109091	0.00909091	0.00909091	0.00909091	
0.030303	0.030303	0.030303	0.030303	0.030303	0.030303	0.69697	0.030303	0.030303	0.030303	0.030303	
0.030303	0.030303	0.030303	0.030303	0.030303	0.030303	0.030303	0.363636	0.030303	0.363636	0.030303	
0.0909091	0.0909091	0.0909091	0.0909091	0.0909091	0.0909091	0.0909091	0.0909091	0.0909091	0.0909091	0.0909091	
0.0454545	0.0454545	0.0454545	0.0454545	0.0454545	0.0454545	0.0454545	0.0454545	0.0454545	0.0454545	0.545455	


Vector Pi :

0.00149031	0.558867	0.296572	0.0506706	0.0670641	0.00149031	0.0178838	0.00149031	0.00149031	0.00149031	0.00149031	


Vector Phi :

0.000811289	0.590346	0.261275	0.0837035	0.0341039	0.0152707	0.00721699	0.00240812	0.00243122	0.000811289	0.0016217	
