
Parameters: 11 states AND 11 symbols

Matrix A :

0.0909091	0.0909091	0.0909091	0.0909091	0.0909091	0.0909091	0.0909091	0.0909091	0.0909091	0.0909091	0.0909091	
0.000168039	0.876323	0.116619	0.00571333	0.000168039	0.000168039	0.000168039	0.000168039	0.000168039	0.000168039	0.000168039	
0.00026976	0.190181	0.694632	0.107095	0.00323712	0.00026976	0.00323712	0.00026976	0.00026976	0.00026976	0.00026976	
0.000554324	0.00665188	0.226164	0.659091	0.0798226	0.018847	0.00665188	0.000554324	0.000554324	0.000554324	0.000554324	
0.00146628	0.0175953	0.0498534	0.211144	0.59824	0.0659824	0.0498534	0.00146628	0.00146628	0.00146628	0.00146628	
0.00284091	0.00284091	0.00284091	0.0653409	0.252841	0.534091	0.0965909	0.0340909	0.00284091	0.00284091	0.00284091	
0.00395257	0.00395257	0.00395257	0.00395257	0.0909091	0.3083	0.351779	0.177866	0.0474308	0.00395257	0.00395257	
0.00478469	0.00478469	0.00478469	0.00478469	0.00478469	0.00478469	0.320574	0.5311	0.110048	0.00478469	0.00478469	
0.012987	0.012987	0.012987	0.012987	0.012987	0.012987	0.012987	0.298701	0.155844	0.441558	0.012987	
0.0113636	0.0113636	0.0113636	0.0113636	0.0113636	0.0113636	0.0113636	0.136364	0.261364	0.261364	0.261364	
0.0151515	0.0151515	0.0151515	0.0151515	0.0151515	0.0151515	0.0151515	0.0151515	0.0151515	0.348485	0.515152	


Matrix B :

0.0909091	0.0909091	0.0909091	0.0909091	0.0909091	0.0909091	0.0909091	0.0909091	0.0909091	0.0909091	0.0909091	
0.00015949	0.247528	0.361563	0.226475	0.105423	0.0492823	0.00717703	0.00191388	0.00015949	0.00015949	0.00015949	
0.000256082	0.0143406	0.174904	0.374904	0.248143	0.13265	0.0340589	0.0115237	0.00307298	0.00588988	0.000256082	
0.000531632	0.00637959	0.076555	0.222754	0.257842	0.216906	0.111643	0.0590112	0.0122275	0.0180755	0.0180755	
0.00137741	0.00137741	0.077135	0.289256	0.198347	0.243802	0.046832	0.107438	0.00137741	0.0316804	0.00137741	
0.00275482	0.00275482	0.0633609	0.0633609	0.4573	0.15427	0.0936639	0.0936639	0.00275482	0.0633609	0.00275482	
0.00378788	0.00378788	0.00378788	0.0454545	0.128788	0.212121	0.295455	0.212121	0.0871212	0.00378788	0.00378788	
0.00478469	0.00478469	0.00478469	0.00478469	0.0574163	0.320574	0.373206	0.215311	0.00478469	0.00478469	0.00478469	
0.012987	0.012987	0.012987	0.012987	0.012987	0.155844	0.155844	0.584416	0.012987	0.012987	0.012987	
0.0113636	0.0113636	0.0113636	0.0113636	0.0113636	0.0113636	0.511364	0.386364	0.0113636	0.0113636	0.0113636	
0.0151515	0.0151515	0.0151515	0.0151515	0.0151515	0.0151515	0.181818	0.181818	0.515152	0.0151515	0.0151515	


Vector Pi :

0.00149031	0.4769	0.280179	0.132638	0.0670641	0.0178838	0.0178838	0.00149031	0.00149031	0.00149031	0.00149031	


Vector Phi :

0.000827002	0.453085	0.28251	0.134273	0.0509519	0.0263382	0.0189721	0.0156852	0.00578282	0.00661306	0.00496146	
