
Parameters: 11 states AND 11 symbols

Matrix A :

0.0909091	0.0909091	0.0909091	0.0909091	0.0909091	0.0909091	0.0909091	0.0909091	0.0909091	0.0909091	0.0909091	
0.000180734	0.791433	0.187059	0.0200614	0.000180734	0.000180734	0.000180734	0.000180734	0.000180734	0.000180734	0.000180734	
0.000282326	0.295313	0.531338	0.149351	0.0127047	0.00338792	0.00649351	0.000282326	0.000282326	0.000282326	0.000282326	
0.0004662	0.0312354	0.262005	0.5338	0.154312	0.0107226	0.00559441	0.0004662	0.0004662	0.0004662	0.0004662	
0.00108225	0.0248918	0.0606061	0.310606	0.417749	0.143939	0.0248918	0.012987	0.00108225	0.00108225	0.00108225	
0.0021645	0.025974	0.0021645	0.0974026	0.264069	0.359307	0.192641	0.0021645	0.0497835	0.0021645	0.0021645	
0.00395257	0.00395257	0.00395257	0.00395257	0.0909091	0.395257	0.264822	0.0909091	0.0909091	0.0474308	0.00395257	
0.010101	0.010101	0.010101	0.232323	0.121212	0.121212	0.121212	0.010101	0.343434	0.010101	0.010101	
0.00568182	0.00568182	0.00568182	0.00568182	0.00568182	0.0681818	0.130682	0.193182	0.380682	0.130682	0.0681818	
0.0181818	0.0181818	0.0181818	0.0181818	0.0181818	0.0181818	0.0181818	0.218182	0.218182	0.218182	0.218182	
0.0181818	0.0181818	0.0181818	0.0181818	0.0181818	0.0181818	0.0181818	0.218182	0.218182	0.0181818	0.418182	


Matrix B :

0.0909091	0.0909091	0.0909091	0.0909091	0.0909091	0.0909091	0.0909091	0.0909091	0.0909091	0.0909091	0.0909091	
0.000171527	0.190738	0.311492	0.192624	0.13036	0.0813036	0.0341338	0.022813	0.0209262	0.0114923	0.00394511	
0.000268168	0.000268168	0.194958	0.312953	0.242156	0.135961	0.0592652	0.0327165	0.0120676	0.00616787	0.00321802	
0.000450045	0.000450045	0.0450045	0.247975	0.272727	0.183618	0.139064	0.0351035	0.030153	0.040054	0.00540054	
0.00102145	0.00102145	0.00102145	0.124617	0.259448	0.214505	0.147089	0.124617	0.0909091	0.0122574	0.0234934	
0.00211416	0.00211416	0.00211416	0.00211416	0.164905	0.141649	0.234672	0.164905	0.118393	0.118393	0.0486258	
0.00378788	0.00378788	0.00378788	0.00378788	0.0454545	0.378788	0.170455	0.128788	0.170455	0.0871212	0.00378788	
0.00909091	0.00909091	0.00909091	0.00909091	0.109091	0.209091	0.209091	0.109091	0.309091	0.00909091	0.00909091	
0.00568182	0.00568182	0.00568182	0.00568182	0.0681818	0.130682	0.130682	0.193182	0.443182	0.00568182	0.00568182	
0.0151515	0.0151515	0.0151515	0.0151515	0.0151515	0.0151515	0.348485	0.515152	0.0151515	0.0151515	0.0151515	
0.0181818	0.0181818	0.0181818	0.0181818	0.0181818	0.0181818	0.218182	0.218182	0.418182	0.0181818	0.0181818	


Vector Pi :

0.00149031	0.444113	0.280179	0.116244	0.0834575	0.0178838	0.0178838	0.0178838	0.00149031	0.0178838	0.00149031	


Vector Phi :

0.000829876	0.417427	0.26722	0.161826	0.0697096	0.0348548	0.0190872	0.00746889	0.013278	0.00414938	0.00414938	
