
Parameters: 11 states AND 11 symbols

Matrix A :

0.090909	0.090909	0.090909	0.090909	0.090909	0.090909	0.090909	0.090909	0.090909	0.090909	0.090909	
0.000170	0.947833	0.037553	0.009516	0.000170	0.003908	0.000170	0.000170	0.000170	0.000170	0.000170	
0.002331	0.412587	0.361305	0.130536	0.027972	0.027972	0.002331	0.002331	0.002331	0.027972	0.002331	
0.005348	0.358289	0.181818	0.240642	0.064171	0.005348	0.005348	0.005348	0.005348	0.064171	0.064171	
0.030303	0.030303	0.363636	0.363636	0.030303	0.030303	0.030303	0.030303	0.030303	0.030303	0.030303	
0.022727	0.022727	0.022727	0.272727	0.022727	0.022727	0.522727	0.022727	0.022727	0.022727	0.022727	
0.030303	0.696970	0.030303	0.030303	0.030303	0.030303	0.030303	0.030303	0.030303	0.030303	0.030303	
0.090909	0.090909	0.090909	0.090909	0.090909	0.090909	0.090909	0.090909	0.090909	0.090909	0.090909	
0.090909	0.090909	0.090909	0.090909	0.090909	0.090909	0.090909	0.090909	0.090909	0.090909	0.090909	
0.030303	0.696970	0.030303	0.030303	0.030303	0.030303	0.030303	0.030303	0.030303	0.030303	0.030303	
0.045455	0.545455	0.045455	0.045455	0.045455	0.045455	0.045455	0.045455	0.045455	0.045455	0.045455	


Matrix B :

0.090909	0.090909	0.090909	0.090909	0.090909	0.090909	0.090909	0.090909	0.090909	0.090909	0.090909	
0.000162	0.221196	0.255064	0.189110	0.130287	0.082158	0.048290	0.035813	0.016205	0.014422	0.007292	
0.002165	0.002165	0.002165	0.145022	0.406926	0.145022	0.168831	0.073593	0.049784	0.002165	0.002165	
0.005348	0.005348	0.181818	0.122995	0.005348	0.122995	0.240642	0.064171	0.181818	0.005348	0.064171	
0.030303	0.030303	0.030303	0.030303	0.030303	0.030303	0.363636	0.030303	0.363636	0.030303	0.030303	
0.022727	0.022727	0.022727	0.022727	0.022727	0.272727	0.022727	0.522727	0.022727	0.022727	0.022727	
0.030303	0.030303	0.030303	0.030303	0.030303	0.030303	0.696970	0.030303	0.030303	0.030303	0.030303	
0.090909	0.090909	0.090909	0.090909	0.090909	0.090909	0.090909	0.090909	0.090909	0.090909	0.090909	
0.090909	0.090909	0.090909	0.090909	0.090909	0.090909	0.090909	0.090909	0.090909	0.090909	0.090909	
0.022727	0.022727	0.022727	0.022727	0.022727	0.022727	0.022727	0.022727	0.272727	0.022727	0.522727	
0.045455	0.045455	0.545455	0.045455	0.045455	0.045455	0.045455	0.045455	0.045455	0.045455	0.045455	


Vector Pi :

0.002933	0.841642	0.099707	0.002933	0.002933	0.002933	0.002933	0.002933	0.002933	0.035191	0.002933	


Vector Phi :

0.001642	0.878489	0.064039	0.027915	0.004926	0.006568	0.004926	0.001642	0.001642	0.004926	0.003284	
