
Parameters: 11 states AND 11 symbols

Matrix A :

0.090909	0.090909	0.090909	0.090909	0.090909	0.090909	0.090909	0.090909	0.090909	0.090909	0.090909	
0.000170	0.947931	0.033752	0.005767	0.003901	0.000170	0.002035	0.002035	0.000170	0.000170	0.003901	
0.002525	0.474747	0.196970	0.141414	0.058081	0.058081	0.030303	0.002525	0.030303	0.002525	0.002525	
0.007576	0.174242	0.424242	0.174242	0.007576	0.007576	0.090909	0.090909	0.007576	0.007576	0.007576	
0.012987	0.441558	0.155844	0.155844	0.012987	0.155844	0.012987	0.012987	0.012987	0.012987	0.012987	
0.022727	0.272727	0.272727	0.022727	0.272727	0.022727	0.022727	0.022727	0.022727	0.022727	0.022727	
0.022727	0.272727	0.272727	0.022727	0.272727	0.022727	0.022727	0.022727	0.022727	0.022727	0.022727	
0.030303	0.363636	0.363636	0.030303	0.030303	0.030303	0.030303	0.030303	0.030303	0.030303	0.030303	
0.045455	0.545455	0.045455	0.045455	0.045455	0.045455	0.045455	0.045455	0.045455	0.045455	0.045455	
0.090909	0.090909	0.090909	0.090909	0.090909	0.090909	0.090909	0.090909	0.090909	0.090909	0.090909	
0.030303	0.696970	0.030303	0.030303	0.030303	0.030303	0.030303	0.030303	0.030303	0.030303	0.030303	


Matrix B :

0.090909	0.090909	0.090909	0.090909	0.090909	0.090909	0.090909	0.090909	0.090909	0.090909	0.090909	
0.000162	0.354254	0.384503	0.144290	0.058881	0.025073	0.005500	0.012617	0.010838	0.000162	0.003720	
0.002392	0.081340	0.291866	0.212919	0.212919	0.133971	0.028708	0.028708	0.002392	0.002392	0.002392	
0.006494	0.006494	0.292208	0.220779	0.292208	0.077922	0.077922	0.006494	0.006494	0.006494	0.006494	
0.012987	0.012987	0.298701	0.155844	0.012987	0.298701	0.012987	0.012987	0.012987	0.155844	0.012987	
0.022727	0.272727	0.022727	0.022727	0.272727	0.022727	0.272727	0.022727	0.022727	0.022727	0.022727	
0.022727	0.022727	0.022727	0.022727	0.522727	0.022727	0.022727	0.272727	0.022727	0.022727	0.022727	
0.030303	0.030303	0.030303	0.030303	0.030303	0.030303	0.030303	0.696970	0.030303	0.030303	0.030303	
0.045455	0.045455	0.045455	0.545455	0.045455	0.045455	0.045455	0.045455	0.045455	0.045455	0.045455	
0.090909	0.090909	0.090909	0.090909	0.090909	0.090909	0.090909	0.090909	0.090909	0.090909	0.090909	
0.030303	0.030303	0.363636	0.030303	0.363636	0.030303	0.030303	0.030303	0.030303	0.030303	0.030303	


Vector Pi :

0.002933	0.809384	0.099707	0.067449	0.002933	0.002933	0.002933	0.002933	0.002933	0.002933	0.002933	


Vector Phi :

0.001611	0.883673	0.056793	0.019265	0.011268	0.006376	0.006443	0.004865	0.003188	0.001611	0.004908	
