
Parameters: 11 states AND 11 symbols

Matrix A :

0.0909091	0.0909091	0.0909091	0.0909091	0.0909091	0.0909091	0.0909091	0.0909091	0.0909091	0.0909091	0.0909091	
0.000143616	0.74264	0.230791	0.0222605	0.0017234	0.000143616	0.0017234	0.000143616	0.000143616	0.000143616	0.000143616	
0.000266596	0.404959	0.413756	0.129299	0.0383898	0.0061317	0.0061317	0.000266596	0.000266596	0.000266596	0.000266596	
0.000874126	0.13549	0.366259	0.289336	0.15472	0.0297203	0.0201049	0.000874126	0.000874126	0.000874126	0.000874126	
0.00151515	0.134848	0.201515	0.151515	0.251515	0.218182	0.0348485	0.00151515	0.00151515	0.00151515	0.00151515	
0.00227273	0.0272727	0.0772727	0.127273	0.277273	0.327273	0.127273	0.00227273	0.0272727	0.00227273	0.00227273	
0.00534759	0.00534759	0.00534759	0.00534759	0.122995	0.299465	0.181818	0.299465	0.00534759	0.0641711	0.00534759	
0.012987	0.155844	0.155844	0.012987	0.155844	0.298701	0.012987	0.012987	0.012987	0.012987	0.155844	
0.0454545	0.0454545	0.0454545	0.0454545	0.0454545	0.0454545	0.545455	0.0454545	0.0454545	0.0454545	0.0454545	
0.0454545	0.0454545	0.0454545	0.0454545	0.0454545	0.545455	0.0454545	0.0454545	0.0454545	0.0454545	0.0454545	
0.0454545	0.0454545	0.0454545	0.0454545	0.0454545	0.0454545	0.0454545	0.545455	0.0454545	0.0454545	0.0454545	


Matrix B :

0.0909091	0.0909091	0.0909091	0.0909091	0.0909091	0.0909091	0.0909091	0.0909091	0.0909091	0.0909091	0.0909091	
0.000137533	0.453995	0.376839	0.130243	0.0319076	0.00467611	0.00165039	0.000137533	0.000137533	0.000137533	0.000137533	
0.00025113	0.00025113	0.508538	0.345555	0.102461	0.0278754	0.00853842	0.00577599	0.00025113	0.00025113	0.00025113	
0.000826446	0.000826446	0.000826446	0.555372	0.282645	0.109917	0.046281	0.000826446	0.000826446	0.000826446	0.000826446	
0.00142045	0.00142045	0.00142045	0.0326705	0.423295	0.392045	0.12642	0.00142045	0.0170455	0.00142045	0.00142045	
0.00221729	0.00221729	0.00221729	0.00221729	0.0266075	0.465632	0.441242	0.0509978	0.00221729	0.00221729	0.00221729	
0.00534759	0.00534759	0.00534759	0.00534759	0.00534759	0.0641711	0.593583	0.240642	0.0641711	0.00534759	0.00534759	
0.012987	0.012987	0.012987	0.012987	0.012987	0.012987	0.298701	0.298701	0.155844	0.155844	0.012987	
0.0454545	0.0454545	0.0454545	0.0454545	0.0454545	0.0454545	0.0454545	0.0454545	0.0454545	0.545455	0.0454545	
0.0454545	0.0454545	0.0454545	0.0454545	0.0454545	0.0454545	0.0454545	0.0454545	0.0454545	0.545455	0.0454545	
0.0454545	0.0454545	0.0454545	0.0454545	0.0454545	0.0454545	0.0454545	0.0454545	0.0454545	0.0454545	0.545455	


Vector Pi :

0.00149031	0.460507	0.329359	0.116244	0.0670641	0.0178838	0.00149031	0.00149031	0.00149031	0.00149031	0.00149031	


Vector Phi :

0.000823907	0.52426	0.282951	0.0849576	0.0493781	0.0329209	0.0140007	0.00576553	0.00164693	0.00164748	0.00164755	
