
Parameters: 11 states AND 11 symbols

Matrix A :

0.0909091	0.0909091	0.0909091	0.0909091	0.0909091	0.0909091	0.0909091	0.0909091	0.0909091	0.0909091	0.0909091	
0.00031027	0.757989	0.184611	0.0207881	0.0242011	0.00031027	0.00372324	0.00031027	0.00031027	0.00713621	0.00031027	
0.000430849	0.227919	0.521758	0.180526	0.0478242	0.00990952	0.000430849	0.00517019	0.000430849	0.000430849	0.00517019	
0.000688705	0.0764463	0.258264	0.349174	0.167355	0.106749	0.000688705	0.0158402	0.0158402	0.00826446	0.000688705	
0.000857633	0.0291595	0.0951973	0.246141	0.34048	0.142367	0.0574614	0.0385935	0.0197256	0.0197256	0.0102916	
0.00102145	0.0122574	0.0122574	0.102145	0.225741	0.3381	0.214505	0.0684372	0.0122574	0.00102145	0.0122574	
0.00121212	0.0412121	0.0145455	0.0412121	0.0945455	0.267879	0.267879	0.254545	0.0145455	0.00121212	0.00121212	
0.00109529	0.0131435	0.0131435	0.00109529	0.0372399	0.0492881	0.242059	0.422782	0.193866	0.0251917	0.00109529	
0.00118064	0.0271547	0.00118064	0.0271547	0.00118064	0.0401417	0.0920897	0.144038	0.494687	0.118064	0.0531287	
0.0012285	0.014742	0.0012285	0.014742	0.0012285	0.0012285	0.0012285	0.0552826	0.176904	0.636364	0.0958231	
0.00154083	0.00154083	0.00154083	0.00154083	0.00154083	0.00154083	0.01849	0.00154083	0.0523883	0.171032	0.747304	


Matrix B :

0.0909091	0.0909091	0.0909091	0.0909091	0.0909091	0.0909091	0.0909091	0.0909091	0.0909091	0.0909091	0.0909091	
0.000291375	0.452214	0.298368	0.170163	0.0515734	0.0195221	0.0034965	0.0034965	0.000291375	0.000291375	0.000291375	
0.000413223	0.191322	0.441322	0.241322	0.0913223	0.0231405	0.00495868	0.00495868	0.000413223	0.000413223	0.000413223	
0.000631313	0.0492424	0.458965	0.271465	0.153409	0.0492424	0.0145202	0.000631313	0.000631313	0.000631313	0.000631313	
0.000826446	0.0371901	0.182645	0.309917	0.219008	0.219008	0.0280992	0.000826446	0.000826446	0.000826446	0.000826446	
0.000999001	0.011988	0.154845	0.220779	0.396603	0.121878	0.0889111	0.000999001	0.000999001	0.000999001	0.000999001	
0.00115075	0.013809	0.0517837	0.178366	0.29229	0.254315	0.115075	0.0644419	0.0264672	0.00115075	0.00115075	
0.00105708	0.00105708	0.0359408	0.140592	0.233615	0.256871	0.221987	0.0475687	0.0243129	0.0359408	0.00105708	
0.00115075	0.013809	0.0391254	0.0897583	0.165708	0.228999	0.216341	0.153049	0.0771001	0.013809	0.00115075	
0.00119617	0.0143541	0.0143541	0.0406699	0.198565	0.159091	0.185407	0.172249	0.172249	0.027512	0.0143541	
0.00146628	0.0175953	0.0175953	0.0337243	0.146628	0.211144	0.195015	0.0659824	0.0659824	0.0982405	0.146628	


Vector Pi :

0.00149031	0.329359	0.132638	0.198212	0.0670641	0.0342772	0.0670641	0.0506706	0.0342772	0.0342772	0.0506706	


Vector Phi :

0.000834308	0.24194	0.176941	0.110336	0.0884957	0.0743297	0.0626058	0.0692912	0.0642643	0.0617185	0.0492438	
