
Parameters: 11 states AND 11 symbols

Matrix A :

0.0909091	0.0909091	0.0909091	0.0909091	0.0909091	0.0909091	0.0909091	0.0909091	0.0909091	0.0909091	0.0909091	
9.4697e-05	0.969886	0.024053	0.00426136	9.4697e-05	0.00113636	9.4697e-05	9.4697e-05	9.4697e-05	9.4697e-05	9.4697e-05	
0.000721501	0.207071	0.715007	0.0642136	0.00865801	0.000721501	0.000721501	0.000721501	0.000721501	0.000721501	0.000721501	
0.0031348	0.0721003	0.278997	0.278997	0.141066	0.141066	0.0721003	0.0031348	0.0031348	0.0031348	0.0031348	
0.00649351	0.00649351	0.292208	0.292208	0.0779221	0.220779	0.0779221	0.00649351	0.00649351	0.00649351	0.00649351	
0.00478469	0.00478469	0.00478469	0.215311	0.162679	0.162679	0.215311	0.215311	0.00478469	0.00478469	0.00478469	
0.00649351	0.00649351	0.00649351	0.00649351	0.220779	0.292208	0.220779	0.0779221	0.149351	0.00649351	0.00649351	
0.00826446	0.00826446	0.00826446	0.00826446	0.0991736	0.280992	0.190083	0.0991736	0.280992	0.00826446	0.00826446	
0.00826446	0.00826446	0.00826446	0.00826446	0.00826446	0.00826446	0.0991736	0.280992	0.190083	0.371901	0.00826446	
0.00826446	0.00826446	0.00826446	0.00826446	0.00826446	0.00826446	0.00826446	0.0991736	0.280992	0.46281	0.0991736	
0.0227273	0.0227273	0.0227273	0.0227273	0.0227273	0.0227273	0.0227273	0.0227273	0.0227273	0.272727	0.522727	


Matrix B :

0.0909091	0.0909091	0.0909091	0.0909091	0.0909091	0.0909091	0.0909091	0.0909091	0.0909091	0.0909091	0.0909091	
8.992e-05	0.287924	0.304739	0.222642	0.125708	0.0426221	0.0139376	0.00206816	8.992e-05	8.992e-05	8.992e-05	
0.000699301	0.0160839	0.346853	0.223776	0.162238	0.131469	0.0468531	0.0160839	0.0160839	0.0314685	0.00839161	
0.0030303	0.0030303	0.236364	0.169697	0.10303	0.169697	0.069697	0.20303	0.0363636	0.0030303	0.0030303	
0.00649351	0.00649351	0.00649351	0.149351	0.0779221	0.0779221	0.220779	0.149351	0.220779	0.0779221	0.00649351	
0.00478469	0.00478469	0.0574163	0.162679	0.110048	0.162679	0.0574163	0.110048	0.162679	0.110048	0.0574163	
0.00568182	0.00568182	0.00568182	0.00568182	0.130682	0.00568182	0.00568182	0.318182	0.0681818	0.318182	0.130682	
0.00757576	0.00757576	0.00757576	0.0909091	0.174242	0.00757576	0.340909	0.0909091	0.174242	0.0909091	0.00757576	
0.00826446	0.00826446	0.00826446	0.00826446	0.00826446	0.280992	0.0991736	0.0991736	0.190083	0.190083	0.0991736	
0.00757576	0.00757576	0.00757576	0.00757576	0.00757576	0.00757576	0.174242	0.0909091	0.174242	0.174242	0.340909	
0.0227273	0.0227273	0.0227273	0.0227273	0.0227273	0.0227273	0.0227273	0.0227273	0.0227273	0.0227273	0.772727	


Vector Pi :

0.00149031	0.837556	0.0670641	0.0178838	0.00149031	0.00149031	0.0342772	0.0178838	0.00149031	0.0178838	0.00149031	


Vector Phi :

0.00083462	0.799825	0.105031	0.0241846	0.0116821	0.0158557	0.0116855	0.0091845	0.00918681	0.0091891	0.00334102	
