
Parameters: 11 states AND 11 symbols

Matrix A :

0.0909091	0.0909091	0.0909091	0.0909091	0.0909091	0.0909091	0.0909091	0.0909091	0.0909091	0.0909091	0.0909091	
0.000247036	0.742095	0.228508	0.0274209	0.000247036	0.000247036	0.000247036	0.000247036	0.000247036	0.000247036	0.000247036	
0.000290444	0.275051	0.521057	0.191984	0.00987511	0.000290444	0.000290444	0.000290444	0.000290444	0.000290444	0.000290444	
0.000443459	0.0394678	0.302882	0.463858	0.176053	0.0101996	0.00532151	0.000443459	0.000443459	0.000443459	0.000443459	
0.000811688	0.000811688	0.036526	0.32224	0.357955	0.241883	0.036526	0.000811688	0.000811688	0.000811688	0.000811688	
0.00102145	0.00102145	0.00102145	0.0347293	0.326864	0.405516	0.214505	0.0122574	0.00102145	0.00102145	0.00102145	
0.0013986	0.0013986	0.0013986	0.0013986	0.0321678	0.309091	0.462937	0.155245	0.0321678	0.0013986	0.0013986	
0.00284091	0.00284091	0.00284091	0.00284091	0.00284091	0.0965909	0.315341	0.534091	0.0340909	0.00284091	0.00284091	
0.012987	0.012987	0.012987	0.012987	0.012987	0.012987	0.012987	0.441558	0.155844	0.155844	0.155844	
0.0227273	0.0227273	0.0227273	0.0227273	0.0227273	0.0227273	0.0227273	0.0227273	0.272727	0.522727	0.0227273	
0.0227273	0.0227273	0.0227273	0.0227273	0.0227273	0.0227273	0.0227273	0.0227273	0.272727	0.0227273	0.522727	


Matrix B :

0.0909091	0.0909091	0.0909091	0.0909091	0.0909091	0.0909091	0.0909091	0.0909091	0.0909091	0.0909091	0.0909091	
0.000237361	0.350107	0.303109	0.183005	0.0916212	0.0132922	0.0159032	0.00807026	0.0159032	0.0185141	0.000237361	
0.000272183	0.266739	0.347578	0.155961	0.0960806	0.0661404	0.0242243	0.0122482	0.0122482	0.0122482	0.00626021	
0.000422833	0.0236786	0.502748	0.237632	0.116702	0.0562368	0.0143763	0.00972516	0.00972516	0.0283298	0.000422833	
0.000763942	0.000763942	0.185638	0.404125	0.252865	0.0595875	0.0175707	0.0091673	0.0091673	0.0427807	0.0175707	
0.000967118	0.000967118	0.0541586	0.277563	0.415861	0.139265	0.0116054	0.000967118	0.0116054	0.0541586	0.032882	
0.0013986	0.0013986	0.0013986	0.278322	0.33986	0.201399	0.0629371	0.0321678	0.0321678	0.0321678	0.0167832	
0.00275482	0.00275482	0.00275482	0.00275482	0.426997	0.366391	0.0330579	0.0936639	0.0633609	0.00275482	0.00275482	
0.0113636	0.0113636	0.0113636	0.0113636	0.511364	0.261364	0.0113636	0.0113636	0.0113636	0.136364	0.0113636	
0.0227273	0.0227273	0.0227273	0.0227273	0.0227273	0.0227273	0.272727	0.272727	0.272727	0.0227273	0.0227273	
0.0227273	0.0227273	0.0227273	0.0227273	0.0227273	0.772727	0.0227273	0.0227273	0.0227273	0.0227273	0.0227273	


Vector Pi :

0.00149031	0.247392	0.329359	0.165425	0.132638	0.0834575	0.00149031	0.0178838	0.0178838	0.00149031	0.00149031	


Vector Phi :

0.000824876	0.309502	0.263572	0.170561	0.0911883	0.0726796	0.0531459	0.0261983	0.00574533	0.00329134	0.00329134	
