
Parameters: 11 states AND 11 symbols

Matrix A :

0.0909091	0.0909091	0.0909091	0.0909091	0.0909091	0.0909091	0.0909091	0.0909091	0.0909091	0.0909091	0.0909091	
0.000208507	0.738741	0.23186	0.0254379	0.00250209	0.000208507	0.000208507	0.000208507	0.000208507	0.000208507	0.000208507	
0.000252525	0.289141	0.530808	0.161364	0.0169192	0.000252525	0.000252525	0.000252525	0.000252525	0.000252525	0.000252525	
0.000407664	0.0362821	0.282919	0.53404	0.125968	0.0183449	0.000407664	0.000407664	0.000407664	0.000407664	0.000407664	
0.000988142	0.0118577	0.055336	0.316206	0.45751	0.142292	0.0118577	0.000988142	0.000988142	0.000988142	0.000988142	
0.00252525	0.00252525	0.00252525	0.113636	0.280303	0.224747	0.335859	0.030303	0.00252525	0.00252525	0.00252525	
0.003367	0.003367	0.003367	0.040404	0.0774411	0.299663	0.299663	0.262626	0.003367	0.003367	0.003367	
0.00534759	0.00534759	0.00534759	0.00534759	0.0641711	0.122995	0.240642	0.417112	0.122995	0.00534759	0.00534759	
0.0181818	0.0181818	0.0181818	0.0181818	0.0181818	0.0181818	0.218182	0.0181818	0.218182	0.218182	0.218182	
0.030303	0.030303	0.030303	0.030303	0.030303	0.030303	0.030303	0.363636	0.363636	0.030303	0.030303	
0.0181818	0.0181818	0.0181818	0.0181818	0.0181818	0.0181818	0.0181818	0.0181818	0.0181818	0.218182	0.618182	


Matrix B :

0.0909091	0.0909091	0.0909091	0.0909091	0.0909091	0.0909091	0.0909091	0.0909091	0.0909091	0.0909091	0.0909091	
0.000196773	0.435262	0.33353	0.130067	0.0326643	0.0261708	0.0326643	0.000196773	0.00452578	0.00452578	0.000196773	
0.000241779	0.0747099	0.606625	0.183752	0.0667311	0.0161992	0.0348162	0.00556093	0.00290135	0.00556093	0.00290135	
0.000386847	0.000386847	0.289749	0.485493	0.11528	0.0514507	0.0386847	0.00464217	0.00889749	0.00464217	0.000386847	
0.000977517	0.000977517	0.0224829	0.441838	0.302053	0.054741	0.0439883	0.0977517	0.0224829	0.0117302	0.000977517	
0.002457	0.002457	0.002457	0.164619	0.407862	0.218673	0.0835381	0.0835381	0.029484	0.002457	0.002457	
0.0031348	0.0031348	0.0031348	0.0031348	0.106583	0.31348	0.416928	0.0721003	0.0721003	0.0031348	0.0031348	
0.00505051	0.00505051	0.00505051	0.00505051	0.116162	0.227273	0.449495	0.116162	0.0606061	0.00505051	0.00505051	
0.0181818	0.0181818	0.0181818	0.0181818	0.0181818	0.0181818	0.418182	0.218182	0.0181818	0.218182	0.0181818	
0.030303	0.030303	0.030303	0.030303	0.030303	0.030303	0.030303	0.363636	0.030303	0.363636	0.030303	
0.0151515	0.0151515	0.0151515	0.0151515	0.0151515	0.0151515	0.0151515	0.0151515	0.0151515	0.0151515	0.848485	


Vector Pi :

0.00149031	0.42772	0.247392	0.198212	0.0342772	0.0178838	0.0342772	0.0178838	0.00149031	0.00149031	0.0178838	


Vector Phi :

0.000820065	0.363939	0.300869	0.184331	0.0743126	0.0292716	0.0219713	0.0138516	0.00408528	0.00245569	0.00409281	
