
Parameters: 11 states AND 11 symbols

Matrix A :

0.0909091	0.0909091	0.0909091	0.0909091	0.0909091	0.0909091	0.0909091	0.0909091	0.0909091	0.0909091	0.0909091	
0.000207555	0.854089	0.134911	0.00933998	0.000207555	0.000207555	0.000207555	0.000207555	0.000207555	0.000207555	0.000207555	
0.000343053	0.211664	0.638079	0.136192	0.00789022	0.00411664	0.000343053	0.000343053	0.000343053	0.000343053	0.000343053	
0.000644745	0.0502901	0.220503	0.525467	0.170858	0.0290135	0.000644745	0.000644745	0.000644745	0.000644745	0.000644745	
0.000683527	0.000683527	0.0307587	0.158578	0.6473	0.143541	0.0157211	0.000683527	0.000683527	0.000683527	0.000683527	
0.00108225	0.00108225	0.00108225	0.0487013	0.215368	0.548701	0.167749	0.012987	0.00108225	0.00108225	0.00108225	
0.00211416	0.00211416	0.00211416	0.00211416	0.0718816	0.257928	0.397463	0.211416	0.0486258	0.00211416	0.00211416	
0.002457	0.002457	0.002457	0.029484	0.002457	0.0565111	0.218673	0.461916	0.137592	0.0835381	0.002457	
0.00395257	0.00395257	0.00395257	0.00395257	0.00395257	0.00395257	0.0474308	0.221344	0.438735	0.221344	0.0474308	
0.00534759	0.00534759	0.00534759	0.00534759	0.00534759	0.00534759	0.00534759	0.240642	0.240642	0.181818	0.299465	
0.00505051	0.00505051	0.00505051	0.00505051	0.00505051	0.00505051	0.00505051	0.00505051	0.0606061	0.282828	0.616162	


Matrix B :

0.0909091	0.0909091	0.0909091	0.0909091	0.0909091	0.0909091	0.0909091	0.0909091	0.0909091	0.0909091	0.0909091	
0.0001972	0.319069	0.351607	0.158549	0.0999803	0.0392428	0.0262276	0.00453559	0.0001972	0.0001972	0.0001972	
0.000330579	0.0512397	0.462149	0.265785	0.138512	0.0512397	0.0257851	0.00396694	0.000330579	0.000330579	0.000330579	
0.000606061	0.000606061	0.220606	0.367273	0.253939	0.0939394	0.0339394	0.0272727	0.000606061	0.000606061	0.000606061	
0.000644745	0.000644745	0.121212	0.490006	0.255964	0.0786589	0.0361057	0.0148291	0.000644745	0.000644745	0.000644745	
0.00105708	0.00105708	0.012685	0.303383	0.256871	0.245243	0.128964	0.0243129	0.0243129	0.00105708	0.00105708	
0.00197628	0.00197628	0.00197628	0.0237154	0.284585	0.371542	0.197628	0.0237154	0.0889328	0.00197628	0.00197628	
0.002331	0.002331	0.002331	0.002331	0.156177	0.310023	0.310023	0.0536131	0.156177	0.002331	0.002331	
0.00378788	0.00378788	0.00378788	0.00378788	0.0871212	0.128788	0.212121	0.337121	0.0454545	0.170455	0.00378788	
0.00478469	0.00478469	0.00478469	0.00478469	0.110048	0.0574163	0.215311	0.0574163	0.162679	0.162679	0.215311	
0.00505051	0.00505051	0.00505051	0.00505051	0.00505051	0.171717	0.116162	0.00505051	0.116162	0.227273	0.338384	


Vector Pi :

0.00149031	0.378539	0.181818	0.149031	0.116244	0.0342772	0.0506706	0.0342772	0.0178838	0.0342772	0.00149031	


Vector Phi :

0.000847823	0.359392	0.216988	0.117866	0.114743	0.0719609	0.0368553	0.0316973	0.0196949	0.0145514	0.0154033	
