
Parameters: 11 states AND 11 symbols

Matrix A :

0.0909091	0.0909091	0.0909091	0.0909091	0.0909091	0.0909091	0.0909091	0.0909091	0.0909091	0.0909091	0.0909091	
0.000193424	0.802321	0.174662	0.0172147	0.00232108	0.00232108	0.000193424	0.000193424	0.000193424	0.000193424	0.000193424	
0.00027137	0.239077	0.606242	0.131615	0.0181818	0.00325645	0.00027137	0.00027137	0.00027137	0.00027137	0.00027137	
0.000531632	0.0590112	0.246146	0.515152	0.17597	0.000531632	0.000531632	0.000531632	0.000531632	0.000531632	0.000531632	
0.000918274	0.0211203	0.0716253	0.273646	0.384757	0.182736	0.0615243	0.000918274	0.000918274	0.000918274	0.000918274	
0.0015674	0.0015674	0.0015674	0.0532915	0.311912	0.484326	0.0877743	0.0360502	0.0188088	0.0015674	0.0015674	
0.00363636	0.00363636	0.00363636	0.00363636	0.203636	0.283636	0.163636	0.283636	0.0436364	0.00363636	0.00363636	
0.00534759	0.00534759	0.00534759	0.00534759	0.00534759	0.122995	0.358289	0.181818	0.299465	0.00534759	0.00534759	
0.00649351	0.00649351	0.00649351	0.00649351	0.00649351	0.00649351	0.149351	0.292208	0.149351	0.363636	0.00649351	
0.00826446	0.00826446	0.00826446	0.00826446	0.00826446	0.00826446	0.0991736	0.00826446	0.371901	0.371901	0.0991736	
0.0227273	0.0227273	0.0227273	0.0227273	0.0227273	0.0227273	0.0227273	0.0227273	0.0227273	0.272727	0.522727	


Matrix B :

0.0909091	0.0909091	0.0909091	0.0909091	0.0909091	0.0909091	0.0909091	0.0909091	0.0909091	0.0909091	0.0909091	
0.000185529	0.304267	0.457328	0.157328	0.0716141	0.00834879	0.000185529	0.000185529	0.000185529	0.000185529	0.000185529	
0.000258264	0.00594008	0.437758	0.389463	0.128099	0.0286674	0.00878099	0.000258264	0.000258264	0.000258264	0.000258264	
0.000496771	0.000496771	0.0988574	0.328366	0.38301	0.158967	0.0223547	0.00596125	0.000496771	0.000496771	0.000496771	
0.000891266	0.000891266	0.000891266	0.295009	0.245989	0.304813	0.108734	0.0106952	0.030303	0.000891266	0.000891266	
0.00146628	0.00146628	0.00146628	0.146628	0.291789	0.227273	0.195015	0.130499	0.00146628	0.00146628	0.00146628	
0.0034965	0.0034965	0.0034965	0.157343	0.118881	0.157343	0.34965	0.195804	0.0034965	0.0034965	0.0034965	
0.00478469	0.00478469	0.00478469	0.00478469	0.0574163	0.0574163	0.425837	0.267943	0.162679	0.00478469	0.00478469	
0.00649351	0.00649351	0.00649351	0.00649351	0.00649351	0.149351	0.292208	0.0779221	0.435065	0.00649351	0.00649351	
0.00757576	0.00757576	0.00757576	0.00757576	0.00757576	0.00757576	0.590909	0.00757576	0.00757576	0.340909	0.00757576	
0.0227273	0.0227273	0.0227273	0.0227273	0.0227273	0.0227273	0.0227273	0.0227273	0.0227273	0.0227273	0.772727	


Vector Pi :

0.00149031	0.329359	0.280179	0.198212	0.0506706	0.0670641	0.0178838	0.0342772	0.00149031	0.0178838	0.00149031	


Vector Phi :

0.000829908	0.390037	0.278006	0.141909	0.0821591	0.0481343	0.0207478	0.0141087	0.011619	0.00912931	0.00331973	
