
Parameters: 11 states AND 11 symbols

Matrix A :

0.0909091	0.0909091	0.0909091	0.0909091	0.0909091	0.0909091	0.0909091	0.0909091	0.0909091	0.0909091	0.0909091	
0.000241138	0.644803	0.268146	0.0745117	0.0108512	0.000241138	0.000241138	0.000241138	0.000241138	0.000241138	0.000241138	
0.000275482	0.3427	0.412397	0.191185	0.04573	0.00633609	0.000275482	0.000275482	0.000275482	0.000275482	0.000275482	
0.000396983	0.0877332	0.314807	0.375943	0.183803	0.0309647	0.0047638	0.000396983	0.000396983	0.000396983	0.000396983	
0.000622665	0.000622665	0.117061	0.281445	0.42528	0.158157	0.0143213	0.000622665	0.000622665	0.000622665	0.000622665	
0.00124533	0.00124533	0.0286426	0.124533	0.234122	0.384807	0.165629	0.0560399	0.00124533	0.00124533	0.00124533	
0.00293255	0.00293255	0.0351906	0.0351906	0.164223	0.293255	0.390029	0.0674487	0.00293255	0.00293255	0.00293255	
0.010101	0.010101	0.010101	0.010101	0.010101	0.343434	0.343434	0.010101	0.010101	0.232323	0.010101	
0.0909091	0.0909091	0.0909091	0.0909091	0.0909091	0.0909091	0.0909091	0.0909091	0.0909091	0.0909091	0.0909091	
0.0181818	0.0181818	0.0181818	0.0181818	0.0181818	0.0181818	0.0181818	0.418182	0.0181818	0.218182	0.218182	
0.030303	0.030303	0.030303	0.030303	0.030303	0.030303	0.030303	0.030303	0.030303	0.363636	0.363636	


Matrix B :

0.0909091	0.0909091	0.0909091	0.0909091	0.0909091	0.0909091	0.0909091	0.0909091	0.0909091	0.0909091	0.0909091	
0.000228415	0.427364	0.264048	0.193696	0.042942	0.0203289	0.0303792	0.0127912	0.00274098	0.00274098	0.00274098	
0.000265816	0.421318	0.304359	0.158161	0.0616693	0.0148857	0.0148857	0.0148857	0.00318979	0.00611377	0.000265816	
0.000372578	0.274963	0.315946	0.274963	0.061848	0.0331595	0.016766	0.00447094	0.000372578	0.00447094	0.0126677	
0.000598086	0.0400718	0.494019	0.290072	0.0992823	0.0269139	0.00717703	0.00717703	0.0334928	0.000598086	0.000598086	
0.00119617	0.00119617	0.566986	0.251196	0.0801435	0.0406699	0.0538278	0.00119617	0.00119617	0.00119617	0.00119617	
0.00275482	0.00275482	0.275482	0.487603	0.0633609	0.0936639	0.0633609	0.00275482	0.00275482	0.00275482	0.00275482	
0.010101	0.010101	0.010101	0.343434	0.232323	0.232323	0.121212	0.010101	0.010101	0.010101	0.010101	
0.0909091	0.0909091	0.0909091	0.0909091	0.0909091	0.0909091	0.0909091	0.0909091	0.0909091	0.0909091	0.0909091	
0.0151515	0.0151515	0.0151515	0.348485	0.0151515	0.0151515	0.515152	0.0151515	0.0151515	0.0151515	0.0151515	
0.030303	0.030303	0.030303	0.030303	0.69697	0.030303	0.030303	0.030303	0.030303	0.030303	0.030303	


Vector Pi :

0.00149031	0.345753	0.198212	0.247392	0.099851	0.0506706	0.0342772	0.00149031	0.00149031	0.0178838	0.00149031	


Vector Phi :

0.000829876	0.312863	0.273859	0.190041	0.121162	0.0605809	0.0257261	0.00746888	0.000829876	0.00414938	0.00248963	
