
Parameters: 11 states AND 11 symbols

Matrix A :

0.0909091	0.0909091	0.0909091	0.0909091	0.0909091	0.0909091	0.0909091	0.0909091	0.0909091	0.0909091	0.0909091	
0.000223364	0.825776	0.162386	0.0100514	0.000223364	0.000223364	0.000223364	0.000223364	0.000223364	0.000223364	0.000223364	
0.00027972	0.203357	0.627972	0.157203	0.00951049	0.00027972	0.00027972	0.00027972	0.00027972	0.00027972	0.00027972	
0.000420875	0.0143098	0.245791	0.574495	0.148569	0.00968013	0.00505051	0.000420875	0.000420875	0.000420875	0.000420875	
0.000721501	0.000721501	0.00865801	0.262626	0.588023	0.119769	0.0165945	0.000721501	0.000721501	0.000721501	0.000721501	
0.0015674	0.0015674	0.0015674	0.0532915	0.260188	0.518809	0.15674	0.0015674	0.0015674	0.0015674	0.0015674	
0.00284091	0.00284091	0.00284091	0.00284091	0.0653409	0.252841	0.440341	0.159091	0.0340909	0.0340909	0.00284091	
0.00826446	0.00826446	0.00826446	0.00826446	0.00826446	0.190083	0.280992	0.280992	0.0991736	0.0991736	0.00826446	
0.0151515	0.0151515	0.0151515	0.0151515	0.0151515	0.0151515	0.348485	0.181818	0.181818	0.0151515	0.181818	
0.00826446	0.00826446	0.00826446	0.00826446	0.00826446	0.00826446	0.00826446	0.0991736	0.190083	0.553719	0.0991736	
0.012987	0.012987	0.012987	0.012987	0.012987	0.012987	0.012987	0.012987	0.012987	0.298701	0.584416	


Matrix B :

0.0909091	0.0909091	0.0909091	0.0909091	0.0909091	0.0909091	0.0909091	0.0909091	0.0909091	0.0909091	0.0909091	
0.000211416	0.256025	0.37463	0.211839	0.0955603	0.030444	0.0234672	0.00718816	0.000211416	0.000211416	0.000211416	
0.000262743	0.0118234	0.208355	0.433789	0.214136	0.0898581	0.0349448	0.00315292	0.00315292	0.000262743	0.000262743	
0.000407664	0.000407664	0.0362821	0.300856	0.309825	0.260497	0.0631879	0.0183449	0.00489197	0.00489197	0.000407664	
0.000704722	0.000704722	0.0162086	0.0549683	0.116984	0.403805	0.310782	0.0627202	0.0239605	0.000704722	0.00845666	
0.001443	0.001443	0.017316	0.0649351	0.128427	0.128427	0.176046	0.30303	0.0649351	0.0808081	0.033189	
0.00275482	0.00275482	0.00275482	0.00275482	0.123967	0.15427	0.0633609	0.305785	0.123967	0.184573	0.0330579	
0.00826446	0.00826446	0.00826446	0.00826446	0.0991736	0.190083	0.190083	0.190083	0.00826446	0.00826446	0.280992	
0.0151515	0.0151515	0.0151515	0.0151515	0.0151515	0.0151515	0.348485	0.0151515	0.181818	0.348485	0.0151515	
0.00826446	0.00826446	0.00826446	0.00826446	0.00826446	0.00826446	0.00826446	0.280992	0.371901	0.280992	0.00826446	
0.012987	0.012987	0.012987	0.012987	0.012987	0.012987	0.012987	0.441558	0.441558	0.012987	0.012987	


Vector Pi :

0.00149031	0.394933	0.345753	0.116244	0.0342772	0.0834575	0.0178838	0.00149031	0.00149031	0.00149031	0.00149031	


Vector Phi :

0.000846575	0.33275	0.269256	0.181681	0.108595	0.0497195	0.0273568	0.00938197	0.00510723	0.00935834	0.00594698	
