
Parameters: 11 states AND 11 symbols

Matrix A :

0.090909	0.090909	0.090909	0.090909	0.090909	0.090909	0.090909	0.090909	0.090909	0.090909	0.090909	
0.000291	0.900932	0.090035	0.000291	0.003497	0.000291	0.003497	0.000291	0.000291	0.000291	0.000291	
0.000784	0.250784	0.552508	0.147335	0.026646	0.009404	0.009404	0.000784	0.000784	0.000784	0.000784	
0.001443	0.017316	0.318903	0.461760	0.160173	0.033189	0.001443	0.001443	0.001443	0.001443	0.001443	
0.002525	0.002525	0.058081	0.308081	0.335859	0.196970	0.058081	0.030303	0.002525	0.002525	0.002525	
0.003030	0.003030	0.003030	0.136364	0.203030	0.403030	0.169697	0.069697	0.003030	0.003030	0.003030	
0.004785	0.057416	0.057416	0.004785	0.110048	0.267943	0.215311	0.110048	0.057416	0.110048	0.004785	
0.009091	0.009091	0.009091	0.009091	0.009091	0.209091	0.209091	0.309091	0.209091	0.009091	0.009091	
0.009091	0.009091	0.009091	0.009091	0.109091	0.009091	0.209091	0.109091	0.509091	0.009091	0.009091	
0.030303	0.030303	0.030303	0.030303	0.030303	0.030303	0.030303	0.030303	0.030303	0.030303	0.696970	
0.018182	0.018182	0.018182	0.018182	0.018182	0.018182	0.218182	0.018182	0.218182	0.018182	0.418182	


Matrix B :

0.090909	0.090909	0.090909	0.090909	0.090909	0.090909	0.090909	0.090909	0.090909	0.090909	0.090909	
0.000278	0.202113	0.306088	0.269391	0.153183	0.040033	0.021685	0.006394	0.000278	0.000278	0.000278	
0.000727	0.024727	0.216727	0.112727	0.304727	0.192727	0.080727	0.016727	0.024727	0.016727	0.008727	
0.001357	0.001357	0.165536	0.105834	0.210312	0.180461	0.105834	0.075984	0.046133	0.075984	0.031208	
0.002457	0.002457	0.110565	0.056511	0.137592	0.299754	0.191646	0.110565	0.083538	0.002457	0.002457	
0.002933	0.002933	0.099707	0.260997	0.164223	0.228739	0.035191	0.067449	0.002933	0.035191	0.099707	
0.004785	0.004785	0.215311	0.110048	0.057416	0.267943	0.162679	0.110048	0.057416	0.004785	0.004785	
0.009091	0.009091	0.009091	0.409091	0.109091	0.209091	0.209091	0.009091	0.009091	0.009091	0.009091	
0.009091	0.009091	0.009091	0.109091	0.109091	0.409091	0.209091	0.109091	0.009091	0.009091	0.009091	
0.030303	0.030303	0.030303	0.363636	0.363636	0.030303	0.030303	0.030303	0.030303	0.030303	0.030303	
0.018182	0.018182	0.018182	0.018182	0.218182	0.418182	0.218182	0.018182	0.018182	0.018182	0.018182	


Vector Pi :

0.002933	0.454545	0.293255	0.164223	0.035191	0.035191	0.002933	0.002933	0.002933	0.002933	0.002933	


Vector Phi :

0.001621	0.526930	0.190162	0.099255	0.057736	0.048266	0.030759	0.016139	0.016174	0.004858	0.008099	
