
Parameters: 11 states AND 11 symbols

Matrix A :

0.0909091	0.0909091	0.0909091	0.0909091	0.0909091	0.0909091	0.0909091	0.0909091	0.0909091	0.0909091	0.0909091	
0.00011279	0.863636	0.12046	0.0100383	0.00383487	0.00011279	0.00011279	0.00011279	0.00135349	0.00011279	0.00011279	
0.000345662	0.353958	0.498445	0.129623	0.0117525	0.000345662	0.000345662	0.000345662	0.00414794	0.000345662	0.000345662	
0.00106952	0.17754	0.342246	0.365775	0.0834225	0.0245989	0.00106952	0.00106952	0.00106952	0.00106952	0.00106952	
0.0034965	0.0034965	0.118881	0.234266	0.311189	0.234266	0.0804196	0.0034965	0.0034965	0.0034965	0.0034965	
0.00757576	0.00757576	0.0909091	0.424242	0.174242	0.174242	0.00757576	0.00757576	0.00757576	0.0909091	0.00757576	
0.030303	0.030303	0.030303	0.030303	0.69697	0.030303	0.030303	0.030303	0.030303	0.030303	0.030303	
0.0227273	0.272727	0.0227273	0.0227273	0.0227273	0.272727	0.0227273	0.272727	0.0227273	0.0227273	0.0227273	
0.0181818	0.0181818	0.218182	0.0181818	0.0181818	0.0181818	0.0181818	0.418182	0.218182	0.0181818	0.0181818	
0.0454545	0.0454545	0.0454545	0.0454545	0.0454545	0.0454545	0.0454545	0.0454545	0.0454545	0.0454545	0.545455	
0.0454545	0.0454545	0.0454545	0.0454545	0.0454545	0.0454545	0.0454545	0.0454545	0.545455	0.0454545	0.0454545	


Matrix B :

0.0909091	0.0909091	0.0909091	0.0909091	0.0909091	0.0909091	0.0909091	0.0909091	0.0909091	0.0909091	0.0909091	
0.000107585	0.14567	0.287682	0.239161	0.176439	0.0687466	0.045078	0.0214094	0.00839161	0.00365788	0.00365788	
0.000324675	0.000324675	0.0681818	0.300325	0.296753	0.193182	0.0574675	0.036039	0.036039	0.00746753	0.0038961	
0.00106952	0.00106952	0.00106952	0.17754	0.318717	0.20107	0.154011	0.0951872	0.0363636	0.0128342	0.00106952	
0.00324675	0.00324675	0.00324675	0.0746753	0.217532	0.396104	0.11039	0.11039	0.0746753	0.00324675	0.00324675	
0.00699301	0.00699301	0.00699301	0.00699301	0.0839161	0.160839	0.314685	0.237762	0.00699301	0.160839	0.00699301	
0.030303	0.030303	0.030303	0.030303	0.030303	0.363636	0.030303	0.363636	0.030303	0.030303	0.030303	
0.0227273	0.0227273	0.272727	0.0227273	0.0227273	0.0227273	0.0227273	0.272727	0.272727	0.0227273	0.0227273	
0.0181818	0.0181818	0.0181818	0.218182	0.0181818	0.218182	0.418182	0.0181818	0.0181818	0.0181818	0.0181818	
0.030303	0.030303	0.030303	0.030303	0.030303	0.030303	0.030303	0.030303	0.69697	0.030303	0.030303	
0.0454545	0.0454545	0.0454545	0.0454545	0.0454545	0.0454545	0.0454545	0.0454545	0.545455	0.0454545	0.0454545	


Vector Pi :

0.00149031	0.640835	0.280179	0.00149031	0.0342772	0.0178838	0.00149031	0.00149031	0.00149031	0.0178838	0.00149031	


Vector Phi :

0.00082713	0.666667	0.217535	0.070306	0.0215054	0.00992556	0.00248139	0.00330852	0.00413565	0.00165426	0.00165426	
