
Parameters: 11 states AND 11 symbols

Matrix A :

0.090909	0.090909	0.090909	0.090909	0.090909	0.090909	0.090909	0.090909	0.090909	0.090909	0.090909	
0.001229	0.474201	0.271499	0.122850	0.041769	0.028256	0.041769	0.001229	0.014742	0.001229	0.001229	
0.001245	0.234122	0.384807	0.138232	0.083437	0.056040	0.056040	0.028643	0.014944	0.001245	0.001245	
0.001715	0.114923	0.209262	0.322470	0.114923	0.133791	0.039451	0.039451	0.020583	0.001715	0.001715	
0.001715	0.077187	0.152659	0.190395	0.209262	0.133791	0.114923	0.039451	0.058319	0.020583	0.001715	
0.001818	0.081818	0.041818	0.101818	0.241818	0.141818	0.241818	0.041818	0.061818	0.001818	0.041818	
0.001357	0.046133	0.031208	0.001357	0.105834	0.165536	0.314790	0.210312	0.090909	0.031208	0.001357	
0.002066	0.024793	0.002066	0.002066	0.070248	0.138430	0.183884	0.161157	0.297521	0.070248	0.047521	
0.001399	0.016783	0.016783	0.001399	0.032168	0.047552	0.078322	0.124476	0.293706	0.262937	0.124476	
0.001748	0.040210	0.001748	0.020979	0.020979	0.001748	0.078671	0.078671	0.213287	0.270979	0.270979	
0.001337	0.016043	0.001337	0.001337	0.016043	0.030749	0.016043	0.030749	0.089572	0.207219	0.589572	


Matrix B :

0.090909	0.090909	0.090909	0.090909	0.090909	0.090909	0.090909	0.090909	0.090909	0.090909	0.090909	
0.001181	0.468713	0.416765	0.092090	0.001181	0.014168	0.001181	0.001181	0.001181	0.001181	0.001181	
0.001166	0.078089	0.603730	0.206294	0.065268	0.026807	0.013986	0.001166	0.001166	0.001166	0.001166	
0.001653	0.001653	0.383471	0.292562	0.219835	0.056198	0.038017	0.001653	0.001653	0.001653	0.001653	
0.001623	0.019481	0.215909	0.448052	0.090909	0.198052	0.019481	0.001623	0.001623	0.001623	0.001623	
0.001684	0.020202	0.186869	0.316498	0.242424	0.131313	0.094276	0.001684	0.001684	0.001684	0.001684	
0.001337	0.001337	0.045455	0.251337	0.310160	0.089572	0.089572	0.074866	0.060160	0.060160	0.016043	
0.002020	0.002020	0.024242	0.246465	0.202020	0.179798	0.135354	0.090909	0.090909	0.002020	0.024242	
0.001318	0.001318	0.030303	0.102767	0.189723	0.189723	0.233202	0.044796	0.102767	0.102767	0.001318	
0.001684	0.001684	0.020202	0.094276	0.297980	0.168350	0.186869	0.112795	0.094276	0.020202	0.001684	
0.001245	0.001245	0.001245	0.165629	0.247821	0.179328	0.151930	0.069738	0.083437	0.056040	0.042341	


Vector Pi :

0.002933	0.067449	0.164223	0.067449	0.099707	0.131965	0.035191	0.035191	0.131965	0.067449	0.196481	


Vector Phi :

0.001666	0.127709	0.124209	0.089777	0.088910	0.083655	0.111829	0.072990	0.107112	0.084589	0.107553	
