
Parameters: 11 states AND 11 symbols

Matrix A :

0.0909091	0.0909091	0.0909091	0.0909091	0.0909091	0.0909091	0.0909091	0.0909091	0.0909091	0.0909091	0.0909091	
8.73286e-05	0.950135	0.0452362	0.00200856	0.00104794	8.73286e-05	0.00104794	8.73286e-05	8.73286e-05	8.73286e-05	8.73286e-05	
0.000841751	0.417508	0.445286	0.111953	0.0193603	0.000841751	0.000841751	0.000841751	0.000841751	0.000841751	0.000841751	
0.0034965	0.234266	0.311189	0.195804	0.118881	0.041958	0.041958	0.0034965	0.041958	0.0034965	0.0034965	
0.00757576	0.0909091	0.257576	0.174242	0.174242	0.257576	0.00757576	0.00757576	0.00757576	0.00757576	0.00757576	
0.0151515	0.0151515	0.0151515	0.348485	0.348485	0.0151515	0.181818	0.0151515	0.0151515	0.0151515	0.0151515	
0.0151515	0.0151515	0.0151515	0.348485	0.181818	0.0151515	0.181818	0.0151515	0.181818	0.0151515	0.0151515	
0.0909091	0.0909091	0.0909091	0.0909091	0.0909091	0.0909091	0.0909091	0.0909091	0.0909091	0.0909091	0.0909091	
0.0227273	0.0227273	0.0227273	0.0227273	0.0227273	0.272727	0.0227273	0.0227273	0.272727	0.0227273	0.272727	
0.0909091	0.0909091	0.0909091	0.0909091	0.0909091	0.0909091	0.0909091	0.0909091	0.0909091	0.0909091	0.0909091	
0.030303	0.030303	0.030303	0.030303	0.030303	0.030303	0.363636	0.030303	0.030303	0.030303	0.363636	


Matrix B :

0.0909091	0.0909091	0.0909091	0.0909091	0.0909091	0.0909091	0.0909091	0.0909091	0.0909091	0.0909091	0.0909091	
8.29463e-05	0.917966	0.0703384	0.00738222	0.000995355	0.00190776	0.000995355	8.29463e-05	8.29463e-05	8.29463e-05	8.29463e-05	
0.000826446	0.191736	0.646281	0.109917	0.0190083	0.00991736	0.000826446	0.000826446	0.00991736	0.00991736	0.000826446	
0.003367	0.0774411	0.3367	0.225589	0.262626	0.040404	0.003367	0.040404	0.003367	0.003367	0.003367	
0.00757576	0.00757576	0.424242	0.00757576	0.00757576	0.257576	0.0909091	0.00757576	0.00757576	0.00757576	0.174242	
0.012987	0.012987	0.298701	0.155844	0.012987	0.012987	0.298701	0.012987	0.155844	0.012987	0.012987	
0.0151515	0.0151515	0.0151515	0.0151515	0.348485	0.181818	0.0151515	0.181818	0.181818	0.0151515	0.0151515	
0.0909091	0.0909091	0.0909091	0.0909091	0.0909091	0.0909091	0.0909091	0.0909091	0.0909091	0.0909091	0.0909091	
0.0227273	0.0227273	0.0227273	0.0227273	0.0227273	0.272727	0.272727	0.272727	0.0227273	0.0227273	0.0227273	
0.0909091	0.0909091	0.0909091	0.0909091	0.0909091	0.0909091	0.0909091	0.0909091	0.0909091	0.0909091	0.0909091	
0.0227273	0.0227273	0.0227273	0.0227273	0.0227273	0.0227273	0.0227273	0.0227273	0.272727	0.0227273	0.522727	


Vector Pi :

0.00149031	0.886736	0.0506706	0.0178838	0.00149031	0.0178838	0.00149031	0.00149031	0.00149031	0.00149031	0.0178838	


Vector Phi :

0.000818989	0.863148	0.0877935	0.0212264	0.00981517	0.00490773	0.00492152	0.000818989	0.00327419	0.000818989	0.0024563	
