
Parameters: 11 states AND 11 symbols

Matrix A :

0.045455	0.545455	0.045455	0.045455	0.045455	0.045455	0.045455	0.045455	0.045455	0.045455	0.045455	
0.002051	0.945660	0.037765	0.009569	0.003930	0.000171	0.000171	0.000171	0.000171	0.000171	0.000171	
0.002392	0.476077	0.212919	0.212919	0.055024	0.002392	0.002392	0.002392	0.002392	0.028708	0.002392	
0.005348	0.181818	0.417112	0.122995	0.005348	0.064171	0.181818	0.005348	0.005348	0.005348	0.005348	
0.011364	0.261364	0.136364	0.136364	0.261364	0.136364	0.011364	0.011364	0.011364	0.011364	0.011364	
0.030303	0.363636	0.363636	0.030303	0.030303	0.030303	0.030303	0.030303	0.030303	0.030303	0.030303	
0.022727	0.772727	0.022727	0.022727	0.022727	0.022727	0.022727	0.022727	0.022727	0.022727	0.022727	
0.090909	0.090909	0.090909	0.090909	0.090909	0.090909	0.090909	0.090909	0.090909	0.090909	0.090909	
0.090909	0.090909	0.090909	0.090909	0.090909	0.090909	0.090909	0.090909	0.090909	0.090909	0.090909	
0.045455	0.545455	0.045455	0.045455	0.045455	0.045455	0.045455	0.045455	0.045455	0.045455	0.045455	
0.090909	0.090909	0.090909	0.090909	0.090909	0.090909	0.090909	0.090909	0.090909	0.090909	0.090909	


Matrix B :

0.045455	0.045455	0.045455	0.045455	0.045455	0.045455	0.045455	0.545455	0.045455	0.045455	0.045455	
0.000163	0.473281	0.295862	0.136364	0.048550	0.018084	0.010916	0.005539	0.003747	0.005539	0.001955	
0.002165	0.121212	0.525974	0.192641	0.097403	0.049784	0.002165	0.002165	0.002165	0.002165	0.002165	
0.005348	0.005348	0.240642	0.358289	0.122995	0.122995	0.064171	0.005348	0.005348	0.005348	0.064171	
0.011364	0.011364	0.261364	0.511364	0.136364	0.011364	0.011364	0.011364	0.011364	0.011364	0.011364	
0.030303	0.030303	0.030303	0.030303	0.696970	0.030303	0.030303	0.030303	0.030303	0.030303	0.030303	
0.022727	0.022727	0.272727	0.022727	0.022727	0.022727	0.272727	0.022727	0.022727	0.022727	0.272727	
0.090909	0.090909	0.090909	0.090909	0.090909	0.090909	0.090909	0.090909	0.090909	0.090909	0.090909	
0.090909	0.090909	0.090909	0.090909	0.090909	0.090909	0.090909	0.090909	0.090909	0.090909	0.090909	
0.045455	0.045455	0.045455	0.045455	0.045455	0.545455	0.045455	0.045455	0.045455	0.045455	0.045455	
0.090909	0.090909	0.090909	0.090909	0.090909	0.090909	0.090909	0.090909	0.090909	0.090909	0.090909	


Vector Pi :

0.002933	0.809384	0.131965	0.002933	0.035191	0.002933	0.002933	0.002933	0.002933	0.002933	0.002933	


Vector Phi :

0.003220	0.878015	0.061712	0.027389	0.010825	0.004534	0.006403	0.001570	0.001570	0.003194	0.001570	
