
Parameters: 11 states AND 11 symbols

Matrix A :

0.090909	0.090909	0.090909	0.090909	0.090909	0.090909	0.090909	0.090909	0.090909	0.090909	0.090909	
0.000170	0.938488	0.031946	0.015123	0.003908	0.002039	0.002039	0.002039	0.000170	0.002039	0.002039	
0.002841	0.596591	0.159091	0.034091	0.127841	0.034091	0.034091	0.002841	0.002841	0.002841	0.002841	
0.006494	0.292208	0.220779	0.149351	0.077922	0.149351	0.077922	0.006494	0.006494	0.006494	0.006494	
0.008264	0.371901	0.280992	0.099174	0.190083	0.008264	0.008264	0.008264	0.008264	0.008264	0.008264	
0.018182	0.418182	0.218182	0.018182	0.218182	0.018182	0.018182	0.018182	0.018182	0.018182	0.018182	
0.022727	0.272727	0.272727	0.272727	0.022727	0.022727	0.022727	0.022727	0.022727	0.022727	0.022727	
0.045455	0.045455	0.545455	0.045455	0.045455	0.045455	0.045455	0.045455	0.045455	0.045455	0.045455	
0.090909	0.090909	0.090909	0.090909	0.090909	0.090909	0.090909	0.090909	0.090909	0.090909	0.090909	
0.045455	0.545455	0.045455	0.045455	0.045455	0.045455	0.045455	0.045455	0.045455	0.045455	0.045455	
0.045455	0.545455	0.045455	0.045455	0.045455	0.045455	0.045455	0.045455	0.045455	0.045455	0.045455	


Matrix B :

0.090909	0.090909	0.090909	0.090909	0.090909	0.090909	0.090909	0.090909	0.090909	0.090909	0.090909	
0.000161	0.374939	0.293234	0.176005	0.090748	0.026804	0.009042	0.016147	0.005490	0.003714	0.003714	
0.002841	0.065341	0.221591	0.346591	0.127841	0.127841	0.065341	0.034091	0.002841	0.002841	0.002841	
0.006494	0.006494	0.292208	0.292208	0.292208	0.077922	0.006494	0.006494	0.006494	0.006494	0.006494	
0.007576	0.007576	0.007576	0.174242	0.174242	0.090909	0.007576	0.174242	0.090909	0.174242	0.090909	
0.018182	0.018182	0.018182	0.218182	0.618182	0.018182	0.018182	0.018182	0.018182	0.018182	0.018182	
0.022727	0.022727	0.022727	0.272727	0.522727	0.022727	0.022727	0.022727	0.022727	0.022727	0.022727	
0.045455	0.045455	0.045455	0.045455	0.045455	0.545455	0.045455	0.045455	0.045455	0.045455	0.045455	
0.090909	0.090909	0.090909	0.090909	0.090909	0.090909	0.090909	0.090909	0.090909	0.090909	0.090909	
0.045455	0.045455	0.545455	0.045455	0.045455	0.045455	0.045455	0.045455	0.045455	0.045455	0.045455	
0.030303	0.030303	0.030303	0.696970	0.030303	0.030303	0.030303	0.030303	0.030303	0.030303	0.030303	


Vector Pi :

0.002933	0.906158	0.002933	0.002933	0.035191	0.002933	0.002933	0.002933	0.002933	0.002933	0.035191	


Vector Phi :

0.001642	0.878489	0.052545	0.022989	0.018062	0.008210	0.006568	0.003284	0.001642	0.003284	0.003284	
