
Parameters: 11 states AND 11 symbols

Matrix A :

0.0909091	0.0909091	0.0909091	0.0909091	0.0909091	0.0909091	0.0909091	0.0909091	0.0909091	0.0909091	0.0909091	
0.000101122	0.901102	0.0835272	0.0134493	0.00121347	0.000101122	0.000101122	0.000101122	0.000101122	0.000101122	0.000101122	
0.000468604	0.392221	0.448922	0.103561	0.0313964	0.00562324	0.0107779	0.000468604	0.00562324	0.000468604	0.000468604	
0.00135685	0.165536	0.374491	0.329715	0.105834	0.0162822	0.00135685	0.00135685	0.00135685	0.00135685	0.00135685	
0.00454545	0.00454545	0.154545	0.354545	0.154545	0.204545	0.0545455	0.0545455	0.00454545	0.00454545	0.00454545	
0.00826446	0.0991736	0.190083	0.190083	0.190083	0.190083	0.0991736	0.00826446	0.00826446	0.00826446	0.00826446	
0.0151515	0.0151515	0.0151515	0.348485	0.0151515	0.181818	0.181818	0.0151515	0.181818	0.0151515	0.0151515	
0.0454545	0.0454545	0.0454545	0.545455	0.0454545	0.0454545	0.0454545	0.0454545	0.0454545	0.0454545	0.0454545	
0.0181818	0.0181818	0.218182	0.0181818	0.0181818	0.218182	0.0181818	0.0181818	0.218182	0.0181818	0.218182	
0.0454545	0.0454545	0.0454545	0.0454545	0.0454545	0.0454545	0.0454545	0.0454545	0.545455	0.0454545	0.0454545	
0.0454545	0.0454545	0.0454545	0.0454545	0.0454545	0.0454545	0.0454545	0.0454545	0.0454545	0.545455	0.0454545	


Matrix B :

0.0909091	0.0909091	0.0909091	0.0909091	0.0909091	0.0909091	0.0909091	0.0909091	0.0909091	0.0909091	0.0909091	
9.65065e-05	0.404555	0.428971	0.117931	0.0266358	0.00646593	0.00858908	0.00328122	0.00221965	0.00115808	9.65065e-05	
0.000439174	0.000439174	0.295125	0.444884	0.169521	0.0535793	0.0197628	0.000439174	0.00527009	0.00527009	0.00527009	
0.0012987	0.0012987	0.0012987	0.258442	0.32987	0.22987	0.0584416	0.0727273	0.0441558	0.0012987	0.0012987	
0.004329	0.004329	0.0519481	0.0519481	0.242424	0.337662	0.194805	0.0519481	0.0519481	0.004329	0.004329	
0.00826446	0.00826446	0.00826446	0.0991736	0.0991736	0.280992	0.280992	0.0991736	0.00826446	0.0991736	0.00826446	
0.0151515	0.0151515	0.0151515	0.348485	0.0151515	0.348485	0.0151515	0.181818	0.0151515	0.0151515	0.0151515	
0.0454545	0.0454545	0.0454545	0.0454545	0.545455	0.0454545	0.0454545	0.0454545	0.0454545	0.0454545	0.0454545	
0.0181818	0.0181818	0.0181818	0.418182	0.0181818	0.218182	0.218182	0.0181818	0.0181818	0.0181818	0.0181818	
0.0454545	0.0454545	0.0454545	0.545455	0.0454545	0.0454545	0.0454545	0.0454545	0.0454545	0.0454545	0.0454545	
0.0454545	0.0454545	0.0454545	0.0454545	0.545455	0.0454545	0.0454545	0.0454545	0.0454545	0.0454545	0.0454545	


Vector Pi :

0.00149031	0.706408	0.214605	0.0506706	0.0178838	0.00149031	0.00149031	0.00149031	0.00149031	0.00149031	0.00149031	


Vector Phi :

0.00082713	0.74359	0.160463	0.0554177	0.0165426	0.00909843	0.00496278	0.00165426	0.00413565	0.00165426	0.00165426	
