
Parameters: 11 states AND 11 symbols

Matrix A :

0.0909091	0.0909091	0.0909091	0.0909091	0.0909091	0.0909091	0.0909091	0.0909091	0.0909091	0.0909091	0.0909091	
0.000237982	0.371966	0.298667	0.173013	0.0840076	0.052594	0.00809139	0.0107092	0.000237982	0.000237982	0.000237982	
0.000291375	0.34965	0.282343	0.186189	0.118881	0.0227273	0.0323427	0.0034965	0.0034965	0.000291375	0.000291375	
0.000445633	0.338681	0.279857	0.142602	0.108289	0.0592692	0.0445633	0.0249554	0.000445633	0.000445633	0.000445633	
0.000658762	0.290514	0.123847	0.203557	0.116601	0.116601	0.0803689	0.0368906	0.0151515	0.00790514	0.00790514	
0.00126263	0.126263	0.237374	0.181818	0.181818	0.084596	0.084596	0.0568182	0.0429293	0.00126263	0.00126263	
0.00165289	0.183471	0.27438	0.128926	0.128926	0.0743802	0.110744	0.0743802	0.0198347	0.00165289	0.00165289	
0.0031348	0.0721003	0.0376176	0.0721003	0.244514	0.141066	0.244514	0.106583	0.0376176	0.0376176	0.0031348	
0.010101	0.010101	0.121212	0.010101	0.232323	0.232323	0.121212	0.121212	0.010101	0.121212	0.010101	
0.0227273	0.0227273	0.0227273	0.0227273	0.272727	0.0227273	0.272727	0.0227273	0.0227273	0.0227273	0.272727	
0.030303	0.030303	0.363636	0.030303	0.030303	0.030303	0.030303	0.363636	0.030303	0.030303	0.030303	


Matrix B :

0.0909091	0.0909091	0.0909091	0.0909091	0.0909091	0.0909091	0.0909091	0.0909091	0.0909091	0.0909091	0.0909091	
0.000227273	0.310227	0.287727	0.172727	0.122727	0.0627273	0.0177273	0.0202273	0.00522727	0.000227273	0.000227273	
0.000280584	0.170034	0.330527	0.247194	0.120651	0.0836139	0.040404	0.00645342	0.000280584	0.000280584	0.000280584	
0.000430849	0.00990952	0.36536	0.270573	0.171047	0.0999569	0.0288669	0.0288669	0.0241275	0.000430849	0.000430849	
0.000610128	0.000610128	0.175107	0.336181	0.262355	0.128127	0.0543014	0.0207444	0.0207444	0.000610128	0.000610128	
0.00118064	0.00118064	0.00118064	0.390791	0.22196	0.0920897	0.170012	0.0401417	0.0661157	0.0141677	0.00118064	
0.00149031	0.00149031	0.00149031	0.230999	0.280179	0.198212	0.116244	0.0670641	0.0506706	0.00149031	0.0506706	
0.0030303	0.0030303	0.0030303	0.0363636	0.436364	0.136364	0.169697	0.069697	0.0363636	0.069697	0.0363636	
0.010101	0.010101	0.010101	0.010101	0.232323	0.343434	0.010101	0.232323	0.010101	0.121212	0.010101	
0.0227273	0.0227273	0.0227273	0.0227273	0.0227273	0.522727	0.0227273	0.0227273	0.0227273	0.272727	0.0227273	
0.030303	0.030303	0.030303	0.030303	0.030303	0.030303	0.030303	0.363636	0.030303	0.030303	0.363636	


Vector Pi :

0.00149031	0.296572	0.198212	0.116244	0.181818	0.0834575	0.099851	0.0178838	0.00149031	0.00149031	0.00149031	


Vector Phi :

0.00082713	0.315964	0.258065	0.168734	0.114144	0.0595533	0.0454921	0.0239868	0.00744417	0.00330852	0.00248139	
