
Parameters: 11 states AND 11 symbols

Matrix A :

0.090909	0.090909	0.090909	0.090909	0.090909	0.090909	0.090909	0.090909	0.090909	0.090909	0.090909	
0.000272	0.862548	0.105063	0.024224	0.003266	0.000272	0.000272	0.000272	0.000272	0.000272	0.003266	
0.000784	0.293887	0.466301	0.112853	0.069749	0.018025	0.009404	0.000784	0.000784	0.018025	0.009404	
0.002273	0.152273	0.327273	0.152273	0.152273	0.102273	0.052273	0.027273	0.002273	0.027273	0.002273	
0.002392	0.055024	0.212919	0.212919	0.212919	0.186603	0.055024	0.028708	0.002392	0.002392	0.028708	
0.003497	0.041958	0.080420	0.041958	0.311189	0.272727	0.118881	0.041958	0.003497	0.003497	0.080420	
0.005348	0.005348	0.005348	0.181818	0.122995	0.240642	0.240642	0.181818	0.005348	0.005348	0.005348	
0.010101	0.010101	0.121212	0.010101	0.232323	0.010101	0.343434	0.232323	0.010101	0.010101	0.010101	
0.045455	0.045455	0.045455	0.045455	0.545455	0.045455	0.045455	0.045455	0.045455	0.045455	0.045455	
0.011364	0.011364	0.011364	0.011364	0.136364	0.136364	0.136364	0.011364	0.011364	0.386364	0.136364	
0.006494	0.077922	0.149351	0.006494	0.006494	0.006494	0.006494	0.006494	0.077922	0.149351	0.506494	


Matrix B :

0.090909	0.090909	0.090909	0.090909	0.090909	0.090909	0.090909	0.090909	0.090909	0.090909	0.090909	
0.000261	0.373824	0.350836	0.169801	0.046238	0.031870	0.020376	0.006008	0.000261	0.000261	0.000261	
0.000739	0.195861	0.423503	0.195861	0.049520	0.049520	0.041390	0.008869	0.008869	0.008869	0.016999	
0.002217	0.050998	0.392461	0.465632	0.050998	0.002217	0.026608	0.002217	0.002217	0.002217	0.002217	
0.002217	0.026608	0.392461	0.246120	0.197339	0.075388	0.050998	0.002217	0.002217	0.002217	0.002217	
0.003247	0.038961	0.181818	0.253247	0.253247	0.146104	0.074675	0.038961	0.003247	0.003247	0.003247	
0.005348	0.005348	0.064171	0.299465	0.064171	0.299465	0.064171	0.122995	0.064171	0.005348	0.005348	
0.009091	0.109091	0.009091	0.109091	0.509091	0.009091	0.209091	0.009091	0.009091	0.009091	0.009091	
0.045455	0.045455	0.045455	0.545455	0.045455	0.045455	0.045455	0.045455	0.045455	0.045455	0.045455	
0.009091	0.009091	0.109091	0.209091	0.409091	0.209091	0.009091	0.009091	0.009091	0.009091	0.009091	
0.006494	0.077922	0.077922	0.220779	0.363636	0.077922	0.149351	0.006494	0.006494	0.006494	0.006494	


Vector Pi :

0.002933	0.486804	0.228739	0.035191	0.099707	0.067449	0.002933	0.035191	0.002933	0.035191	0.002933	


Vector Phi :

0.001728	0.542467	0.191576	0.066628	0.064433	0.044457	0.029285	0.015386	0.003464	0.016271	0.024306	
