
Parameters: 11 states AND 11 symbols

Matrix A :

0.090909	0.090909	0.090909	0.090909	0.090909	0.090909	0.090909	0.090909	0.090909	0.090909	0.090909	
0.000347	0.660652	0.252255	0.076683	0.004164	0.004164	0.000347	0.000347	0.000347	0.000347	0.000347	
0.000544	0.425694	0.323898	0.222101	0.024496	0.000544	0.000544	0.000544	0.000544	0.000544	0.000544	
0.000826	0.155372	0.328099	0.355372	0.137190	0.019008	0.000826	0.000826	0.000826	0.000826	0.000826	
0.001934	0.001934	0.150870	0.257253	0.384913	0.172147	0.023211	0.001934	0.001934	0.001934	0.001934	
0.004785	0.004785	0.110048	0.110048	0.425837	0.162679	0.004785	0.057416	0.110048	0.004785	0.004785	
0.012987	0.012987	0.012987	0.012987	0.012987	0.298701	0.298701	0.155844	0.155844	0.012987	0.012987	
0.011364	0.011364	0.011364	0.011364	0.011364	0.261364	0.136364	0.261364	0.261364	0.011364	0.011364	
0.010101	0.010101	0.010101	0.010101	0.010101	0.010101	0.232323	0.343434	0.232323	0.010101	0.121212	
0.045455	0.045455	0.045455	0.045455	0.045455	0.045455	0.045455	0.045455	0.545455	0.045455	0.045455	
0.045455	0.045455	0.045455	0.045455	0.045455	0.045455	0.045455	0.045455	0.045455	0.545455	0.045455	


Matrix B :

0.090909	0.090909	0.090909	0.090909	0.090909	0.090909	0.090909	0.090909	0.090909	0.090909	0.090909	
0.000329	0.493083	0.344532	0.105402	0.032938	0.003953	0.003953	0.007576	0.000329	0.003953	0.003953	
0.000532	0.193514	0.585327	0.146730	0.041467	0.018075	0.006380	0.006380	0.000532	0.000532	0.000532	
0.000791	0.026877	0.592095	0.235573	0.061660	0.061660	0.009486	0.000791	0.009486	0.000791	0.000791	
0.001855	0.001855	0.369202	0.369202	0.144712	0.103896	0.001855	0.001855	0.001855	0.001855	0.001855	
0.004785	0.004785	0.162679	0.425837	0.215311	0.110048	0.004785	0.057416	0.004785	0.004785	0.004785	
0.012987	0.012987	0.012987	0.727273	0.155844	0.012987	0.012987	0.012987	0.012987	0.012987	0.012987	
0.011364	0.011364	0.011364	0.386364	0.386364	0.136364	0.011364	0.011364	0.011364	0.011364	0.011364	
0.010101	0.010101	0.010101	0.454545	0.343434	0.121212	0.010101	0.010101	0.010101	0.010101	0.010101	
0.045455	0.045455	0.045455	0.045455	0.545455	0.045455	0.045455	0.045455	0.045455	0.045455	0.045455	
0.045455	0.045455	0.045455	0.045455	0.545455	0.045455	0.045455	0.045455	0.045455	0.045455	0.045455	


Vector Pi :

0.003497	0.541958	0.195804	0.157343	0.080420	0.003497	0.003497	0.003497	0.003497	0.003497	0.003497	


Vector Phi :

0.001583	0.412060	0.261729	0.175464	0.074628	0.030151	0.011098	0.012682	0.014268	0.003168	0.003169	
