
Parameters: 11 states AND 11 symbols

Matrix A :

0.0909091	0.0909091	0.0909091	0.0909091	0.0909091	0.0909091	0.0909091	0.0909091	0.0909091	0.0909091	0.0909091	
0.000178253	0.847237	0.145276	0.00606061	0.000178253	0.000178253	0.000178253	0.000178253	0.000178253	0.000178253	0.000178253	
0.000294204	0.223595	0.628126	0.126508	0.0164754	0.00353045	0.000294204	0.000294204	0.000294204	0.000294204	0.000294204	
0.000547645	0.0427163	0.241512	0.566813	0.133078	0.00657174	0.00657174	0.000547645	0.000547645	0.000547645	0.000547645	
0.00105708	0.00105708	0.00105708	0.268499	0.524313	0.187104	0.012685	0.00105708	0.00105708	0.00105708	0.00105708	
0.00162338	0.00162338	0.00162338	0.108766	0.233766	0.465909	0.162338	0.0194805	0.00162338	0.00162338	0.00162338	
0.00378788	0.00378788	0.00378788	0.00378788	0.00378788	0.420455	0.170455	0.253788	0.128788	0.00378788	0.00378788	
0.00413223	0.00413223	0.00413223	0.00413223	0.00413223	0.0495868	0.322314	0.458678	0.0950413	0.0495868	0.00413223	
0.00606061	0.00606061	0.00606061	0.00606061	0.00606061	0.00606061	0.0727273	0.206061	0.472727	0.206061	0.00606061	
0.0151515	0.0151515	0.0151515	0.0151515	0.0151515	0.0151515	0.0151515	0.181818	0.515152	0.0151515	0.181818	
0.0181818	0.0181818	0.0181818	0.0181818	0.0181818	0.0181818	0.0181818	0.0181818	0.0181818	0.218182	0.618182	


Matrix B :

0.0909091	0.0909091	0.0909091	0.0909091	0.0909091	0.0909091	0.0909091	0.0909091	0.0909091	0.0909091	0.0909091	
0.000170242	0.258597	0.382193	0.20429	0.0732039	0.0357508	0.0132789	0.0132789	0.0132789	0.0020429	0.00391556	
0.00027972	0.0495105	0.48028	0.295664	0.114126	0.0341259	0.0125874	0.00027972	0.00643357	0.00335664	0.00335664	
0.000531632	0.000531632	0.228602	0.409888	0.246146	0.0940989	0.0122275	0.000531632	0.00637959	0.000531632	0.000531632	
0.000988142	0.000988142	0.131423	0.414032	0.316206	0.109684	0.0118577	0.0118577	0.000988142	0.000988142	0.000988142	
0.00149031	0.00149031	0.116244	0.181818	0.345753	0.263785	0.0670641	0.0178838	0.00149031	0.00149031	0.00149031	
0.00363636	0.00363636	0.00363636	0.203636	0.323636	0.363636	0.00363636	0.0836364	0.00363636	0.00363636	0.00363636	
0.00413223	0.00413223	0.00413223	0.0950413	0.140496	0.504132	0.0950413	0.0495868	0.0950413	0.00413223	0.00413223	
0.00568182	0.00568182	0.00568182	0.130682	0.255682	0.00568182	0.443182	0.130682	0.00568182	0.00568182	0.00568182	
0.012987	0.012987	0.012987	0.012987	0.584416	0.012987	0.012987	0.298701	0.012987	0.012987	0.012987	
0.0151515	0.0151515	0.0151515	0.0151515	0.848485	0.0151515	0.0151515	0.0151515	0.0151515	0.0151515	0.0151515	


Vector Pi :

0.00149031	0.411326	0.263785	0.0834575	0.099851	0.0834575	0.0178838	0.00149031	0.00149031	0.0178838	0.0178838	


Vector Phi :

0.000909551	0.414913	0.253963	0.138643	0.0728794	0.0488911	0.0218581	0.0210315	0.0160792	0.0060403	0.00479177	
