
Parameters: 11 states AND 11 symbols

Matrix A :

0.0909091	0.0909091	0.0909091	0.0909091	0.0909091	0.0909091	0.0909091	0.0909091	0.0909091	0.0909091	0.0909091	
0.000247036	0.848073	0.149704	0.000247036	0.000247036	0.000247036	0.000247036	0.000247036	0.000247036	0.000247036	0.000247036	
0.0002886	0.174892	0.695527	0.114574	0.012987	0.0002886	0.0002886	0.0002886	0.0002886	0.0002886	0.0002886	
0.000454545	0.00545455	0.190455	0.680455	0.120455	0.000454545	0.000454545	0.000454545	0.000454545	0.000454545	0.000454545	
0.000683527	0.000683527	0.0157211	0.196172	0.624744	0.158578	0.000683527	0.000683527	0.000683527	0.000683527	0.000683527	
0.000841751	0.000841751	0.000841751	0.010101	0.186027	0.704545	0.0934343	0.000841751	0.000841751	0.000841751	0.000841751	
0.0025974	0.0025974	0.0025974	0.0025974	0.0311688	0.288312	0.574026	0.0597403	0.0311688	0.0025974	0.0025974	
0.004329	0.004329	0.004329	0.004329	0.004329	0.004329	0.147186	0.766234	0.0519481	0.004329	0.004329	
0.00606061	0.00606061	0.00606061	0.00606061	0.00606061	0.00606061	0.0727273	0.139394	0.672727	0.0727273	0.00606061	
0.0454545	0.0454545	0.0454545	0.0454545	0.0454545	0.0454545	0.0454545	0.0454545	0.545455	0.0454545	0.0454545	
0.0454545	0.0454545	0.0454545	0.0454545	0.0454545	0.0454545	0.0454545	0.0454545	0.545455	0.0454545	0.0454545	


Matrix B :

0.0909091	0.0909091	0.0909091	0.0909091	0.0909091	0.0909091	0.0909091	0.0909091	0.0909091	0.0909091	0.0909091	
0.000236128	0.293743	0.252184	0.17686	0.119717	0.070366	0.0340024	0.0210153	0.0132231	0.0106257	0.00802834	
0.000273	0.0753481	0.468741	0.228501	0.105378	0.036309	0.048321	0.015288	0.00627901	0.012285	0.003276	
0.000437063	0.000437063	0.135052	0.45236	0.221591	0.0869755	0.0581294	0.0196678	0.0148601	0.00524476	0.00524476	
0.000649351	0.000649351	0.000649351	0.222078	0.350649	0.229221	0.107792	0.0292208	0.0292208	0.00779221	0.0220779	
0.000790514	0.000790514	0.000790514	0.087747	0.296443	0.235573	0.087747	0.0964427	0.105138	0.0616601	0.0268775	
0.002457	0.002457	0.002457	0.002457	0.110565	0.542998	0.110565	0.164619	0.0565111	0.002457	0.002457	
0.004329	0.004329	0.004329	0.004329	0.004329	0.718615	0.194805	0.0519481	0.004329	0.004329	0.004329	
0.00568182	0.00568182	0.00568182	0.00568182	0.00568182	0.0681818	0.630682	0.255682	0.00568182	0.00568182	0.00568182	
0.0454545	0.0454545	0.0454545	0.0454545	0.0454545	0.0454545	0.545455	0.0454545	0.0454545	0.0454545	0.0454545	
0.0454545	0.0454545	0.0454545	0.0454545	0.0454545	0.0454545	0.0454545	0.0454545	0.545455	0.0454545	0.0454545	


Vector Pi :

0.00149031	0.263785	0.296572	0.132638	0.116244	0.116244	0.0342772	0.00149031	0.0178838	0.00149031	0.0178838	


Vector Phi :

0.0007389	0.316056	0.266615	0.166605	0.108953	0.0867167	0.0270767	0.0151773	0.00992225	0.00140056	0.0007389	
