
Parameters: 11 states AND 11 symbols

Matrix A :

0.090909	0.090909	0.090909	0.090909	0.090909	0.090909	0.090909	0.090909	0.090909	0.090909	0.090909	
0.000399	0.886364	0.088118	0.013557	0.000399	0.000399	0.004785	0.000399	0.000399	0.000399	0.004785	
0.000583	0.154429	0.750583	0.077506	0.006993	0.000583	0.000583	0.006993	0.000583	0.000583	0.000583	
0.001541	0.001541	0.221880	0.510015	0.187982	0.018490	0.035439	0.018490	0.001541	0.001541	0.001541	
0.002331	0.027972	0.053613	0.284382	0.412587	0.181818	0.027972	0.002331	0.002331	0.002331	0.002331	
0.002597	0.002597	0.031169	0.059740	0.174026	0.545455	0.145455	0.031169	0.002597	0.002597	0.002597	
0.003497	0.003497	0.003497	0.003497	0.041958	0.195804	0.541958	0.080420	0.080420	0.041958	0.003497	
0.008264	0.008264	0.099174	0.008264	0.190083	0.099174	0.008264	0.190083	0.190083	0.190083	0.008264	
0.006494	0.006494	0.006494	0.077922	0.006494	0.006494	0.077922	0.220779	0.435065	0.149351	0.006494	
0.005682	0.005682	0.005682	0.005682	0.068182	0.005682	0.068182	0.005682	0.130682	0.505682	0.193182	
0.006061	0.006061	0.006061	0.006061	0.006061	0.072727	0.006061	0.006061	0.072727	0.139394	0.672727	


Matrix B :

0.090909	0.090909	0.090909	0.090909	0.090909	0.090909	0.090909	0.090909	0.090909	0.090909	0.090909	
0.000384	0.299962	0.333717	0.152282	0.122746	0.067894	0.021481	0.000384	0.000384	0.000384	0.000384	
0.000554	0.098115	0.317627	0.165188	0.268847	0.067627	0.079823	0.000554	0.000554	0.000554	0.000554	
0.001443	0.049062	0.271284	0.096681	0.271284	0.160173	0.112554	0.033189	0.001443	0.001443	0.001443	
0.002217	0.050998	0.246120	0.172949	0.026608	0.319290	0.050998	0.050998	0.075388	0.002217	0.002217	
0.002525	0.002525	0.058081	0.113636	0.141414	0.308081	0.141414	0.141414	0.058081	0.030303	0.002525	
0.003247	0.038961	0.217532	0.074675	0.146104	0.003247	0.181818	0.324675	0.003247	0.003247	0.003247	
0.008264	0.008264	0.008264	0.280992	0.190083	0.190083	0.099174	0.099174	0.008264	0.008264	0.099174	
0.006061	0.072727	0.006061	0.072727	0.072727	0.072727	0.072727	0.139394	0.139394	0.006061	0.339394	
0.005348	0.005348	0.064171	0.064171	0.122995	0.064171	0.005348	0.064171	0.122995	0.299465	0.181818	
0.005348	0.005348	0.005348	0.064171	0.534759	0.299465	0.005348	0.005348	0.005348	0.064171	0.005348	


Vector Pi :

0.002933	0.293255	0.293255	0.099707	0.067449	0.035191	0.067449	0.002933	0.035191	0.035191	0.067449	


Vector Phi :

0.001690	0.374816	0.255707	0.102240	0.066843	0.059749	0.044279	0.018649	0.023719	0.027074	0.025233	
