
Parameters: 11 states AND 11 symbols

Matrix A :

0.090909	0.090909	0.090909	0.090909	0.090909	0.090909	0.090909	0.090909	0.090909	0.090909	0.090909	
0.000325	0.807468	0.153896	0.032468	0.000325	0.000325	0.003896	0.000325	0.000325	0.000325	0.000325	
0.000819	0.406224	0.370188	0.162981	0.045864	0.009828	0.000819	0.000819	0.000819	0.000819	0.000819	
0.001490	0.099851	0.362146	0.394933	0.116244	0.017884	0.001490	0.001490	0.001490	0.001490	0.001490	
0.004785	0.004785	0.110048	0.267943	0.215311	0.320574	0.057416	0.004785	0.004785	0.004785	0.004785	
0.005682	0.068182	0.130682	0.193182	0.068182	0.318182	0.068182	0.068182	0.068182	0.005682	0.005682	
0.012987	0.155844	0.012987	0.012987	0.155844	0.298701	0.155844	0.155844	0.012987	0.012987	0.012987	
0.022727	0.022727	0.022727	0.272727	0.022727	0.022727	0.272727	0.272727	0.022727	0.022727	0.022727	
0.045455	0.045455	0.045455	0.045455	0.045455	0.045455	0.045455	0.045455	0.045455	0.045455	0.545455	
0.090909	0.090909	0.090909	0.090909	0.090909	0.090909	0.090909	0.090909	0.090909	0.090909	0.090909	
0.030303	0.030303	0.030303	0.030303	0.030303	0.030303	0.363636	0.030303	0.030303	0.030303	0.363636	


Matrix B :

0.090909	0.090909	0.090909	0.090909	0.090909	0.090909	0.090909	0.090909	0.090909	0.090909	0.090909	
0.000313	0.369279	0.324451	0.169279	0.089969	0.027900	0.014107	0.003762	0.000313	0.000313	0.000313	
0.000791	0.026877	0.383399	0.366008	0.148617	0.061660	0.009486	0.000791	0.000791	0.000791	0.000791	
0.001399	0.001399	0.093706	0.370629	0.216783	0.109091	0.186014	0.016783	0.001399	0.001399	0.001399	
0.004785	0.004785	0.004785	0.373206	0.267943	0.162679	0.057416	0.110048	0.004785	0.004785	0.004785	
0.005051	0.005051	0.005051	0.116162	0.282828	0.449495	0.060606	0.005051	0.060606	0.005051	0.005051	
0.012987	0.012987	0.012987	0.012987	0.298701	0.155844	0.155844	0.155844	0.012987	0.155844	0.012987	
0.022727	0.022727	0.022727	0.022727	0.022727	0.022727	0.272727	0.272727	0.272727	0.022727	0.022727	
0.045455	0.045455	0.045455	0.045455	0.045455	0.045455	0.045455	0.045455	0.545455	0.045455	0.045455	
0.090909	0.090909	0.090909	0.090909	0.090909	0.090909	0.090909	0.090909	0.090909	0.090909	0.090909	
0.030303	0.030303	0.030303	0.030303	0.030303	0.030303	0.030303	0.030303	0.030303	0.030303	0.696970	


Vector Pi :

0.004329	0.480519	0.194805	0.194805	0.004329	0.099567	0.004329	0.004329	0.004329	0.004329	0.004329	


Vector Phi :

0.001980	0.554455	0.219802	0.120792	0.037624	0.031683	0.013861	0.007921	0.003960	0.001980	0.005941	
