
Parameters: 11 states AND 11 symbols

Matrix A :

0.0909091	0.0909091	0.0909091	0.0909091	0.0909091	0.0909091	0.0909091	0.0909091	0.0909091	0.0909091	0.0909091	
0.000126614	0.865029	0.122689	0.00848316	0.00151937	0.00151937	0.000126614	0.000126614	0.000126614	0.000126614	0.000126614	
0.000276319	0.276872	0.620337	0.0914617	0.00939486	0.000276319	0.000276319	0.000276319	0.000276319	0.000276319	0.000276319	
0.000977517	0.0439883	0.345064	0.474096	0.0977517	0.0224829	0.000977517	0.000977517	0.0117302	0.000977517	0.000977517	
0.0031348	0.0376176	0.141066	0.31348	0.278997	0.141066	0.0721003	0.0031348	0.0031348	0.0031348	0.0031348	
0.00606061	0.00606061	0.00606061	0.139394	0.339394	0.339394	0.0727273	0.0727273	0.00606061	0.00606061	0.00606061	
0.0181818	0.0181818	0.0181818	0.0181818	0.218182	0.218182	0.218182	0.0181818	0.218182	0.0181818	0.0181818	
0.0181818	0.0181818	0.0181818	0.218182	0.218182	0.218182	0.0181818	0.218182	0.0181818	0.0181818	0.0181818	
0.030303	0.030303	0.030303	0.030303	0.030303	0.030303	0.030303	0.030303	0.030303	0.030303	0.69697	
0.030303	0.030303	0.030303	0.030303	0.030303	0.030303	0.030303	0.69697	0.030303	0.030303	0.030303	
0.0227273	0.0227273	0.0227273	0.0227273	0.0227273	0.0227273	0.0227273	0.0227273	0.0227273	0.522727	0.272727	


Matrix B :

0.0909091	0.0909091	0.0909091	0.0909091	0.0909091	0.0909091	0.0909091	0.0909091	0.0909091	0.0909091	0.0909091	
0.000120409	0.238531	0.396147	0.205418	0.0822396	0.0398555	0.019988	0.0133654	0.00409392	0.000120409	0.000120409	
0.000263505	0.00606061	0.188669	0.339394	0.214756	0.142292	0.0582345	0.0263505	0.0205534	0.00316206	0.000263505	
0.000937207	0.000937207	0.0627929	0.124649	0.24836	0.186504	0.155576	0.165886	0.031865	0.0112465	0.0112465	
0.00293255	0.00293255	0.131965	0.00293255	0.0997067	0.325513	0.0997067	0.164223	0.0997067	0.0351906	0.0351906	
0.00606061	0.00606061	0.0727273	0.206061	0.139394	0.0727273	0.0727273	0.206061	0.139394	0.00606061	0.0727273	
0.0181818	0.0181818	0.0181818	0.618182	0.0181818	0.218182	0.0181818	0.0181818	0.0181818	0.0181818	0.0181818	
0.0181818	0.0181818	0.0181818	0.218182	0.0181818	0.218182	0.218182	0.0181818	0.0181818	0.218182	0.0181818	
0.030303	0.030303	0.030303	0.030303	0.363636	0.363636	0.030303	0.030303	0.030303	0.030303	0.030303	
0.030303	0.030303	0.030303	0.030303	0.363636	0.030303	0.030303	0.030303	0.030303	0.030303	0.363636	
0.0181818	0.0181818	0.0181818	0.0181818	0.218182	0.0181818	0.0181818	0.218182	0.0181818	0.0181818	0.418182	


Vector Pi :

0.00149031	0.608048	0.263785	0.0670641	0.0342772	0.00149031	0.00149031	0.00149031	0.00149031	0.00149031	0.0178838	


Vector Phi :

0.000829876	0.595851	0.273029	0.0771784	0.0240664	0.0124481	0.00414938	0.00414938	0.00248963	0.00248963	0.0033195	
