
Parameters: 11 states AND 11 symbols

Matrix A :

0.0909091	0.0909091	0.0909091	0.0909091	0.0909091	0.0909091	0.0909091	0.0909091	0.0909091	0.0909091	0.0909091	
0.00010784	0.834034	0.146015	0.0167152	0.00248032	0.00010784	0.00010784	0.00010784	0.00010784	0.00010784	0.00010784	
0.000383583	0.519371	0.346375	0.118527	0.0130418	0.000383583	0.000383583	0.000383583	0.000383583	0.000383583	0.000383583	
0.00104493	0.115987	0.322884	0.437827	0.0815047	0.0240334	0.0125392	0.00104493	0.00104493	0.00104493	0.00104493	
0.00505051	0.227273	0.171717	0.171717	0.116162	0.0606061	0.116162	0.116162	0.00505051	0.00505051	0.00505051	
0.010101	0.232323	0.010101	0.232323	0.010101	0.343434	0.121212	0.010101	0.010101	0.010101	0.010101	
0.0151515	0.181818	0.0151515	0.0151515	0.181818	0.348485	0.0151515	0.0151515	0.181818	0.0151515	0.0151515	
0.030303	0.030303	0.030303	0.030303	0.363636	0.030303	0.030303	0.030303	0.030303	0.030303	0.363636	
0.0454545	0.0454545	0.0454545	0.0454545	0.0454545	0.0454545	0.545455	0.0454545	0.0454545	0.0454545	0.0454545	
0.0909091	0.0909091	0.0909091	0.0909091	0.0909091	0.0909091	0.0909091	0.0909091	0.0909091	0.0909091	0.0909091	
0.0454545	0.0454545	0.0454545	0.0454545	0.545455	0.0454545	0.0454545	0.0454545	0.0454545	0.0454545	0.0454545	


Matrix B :

0.0909091	0.0909091	0.0909091	0.0909091	0.0909091	0.0909091	0.0909091	0.0909091	0.0909091	0.0909091	0.0909091	
0.000102955	0.80871	0.173376	0.0170905	0.000102955	0.000102955	0.000102955	0.000102955	0.000102955	0.000102955	0.000102955	
0.000363636	0.496364	0.380364	0.108364	0.00836364	0.00436364	0.000363636	0.000363636	0.000363636	0.000363636	0.000363636	
0.000988142	0.0662055	0.70751	0.142292	0.055336	0.0227273	0.000988142	0.000988142	0.000988142	0.000988142	0.000988142	
0.00505051	0.00505051	0.171717	0.393939	0.282828	0.0606061	0.00505051	0.0606061	0.00505051	0.00505051	0.00505051	
0.00909091	0.00909091	0.00909091	0.409091	0.209091	0.309091	0.00909091	0.00909091	0.00909091	0.00909091	0.00909091	
0.012987	0.012987	0.012987	0.298701	0.155844	0.155844	0.155844	0.155844	0.012987	0.012987	0.012987	
0.030303	0.030303	0.030303	0.030303	0.030303	0.363636	0.363636	0.030303	0.030303	0.030303	0.030303	
0.0454545	0.0454545	0.0454545	0.0454545	0.0454545	0.545455	0.0454545	0.0454545	0.0454545	0.0454545	0.0454545	
0.0909091	0.0909091	0.0909091	0.0909091	0.0909091	0.0909091	0.0909091	0.0909091	0.0909091	0.0909091	0.0909091	
0.0454545	0.0454545	0.0454545	0.0454545	0.0454545	0.0454545	0.0454545	0.0454545	0.0454545	0.0454545	0.545455	


Vector Pi :

0.00149031	0.640835	0.214605	0.099851	0.00149031	0.0178838	0.0178838	0.00149031	0.00149031	0.00149031	0.00149031	


Vector Phi :

0.000817939	0.699636	0.195716	0.0703766	0.0147009	0.00732406	0.0048906	0.00245137	0.00163304	0.000817939	0.00163506	
