
Parameters: 11 states AND 11 symbols

Matrix A :

0.0909091	0.0909091	0.0909091	0.0909091	0.0909091	0.0909091	0.0909091	0.0909091	0.0909091	0.0909091	0.0909091	
0.000146628	0.890469	0.106598	0.00175953	0.000146628	0.000146628	0.000146628	0.000146628	0.000146628	0.000146628	0.000146628	
0.000292312	0.215726	0.678749	0.0967553	0.00672318	0.000292312	0.000292312	0.000292312	0.000292312	0.000292312	0.000292312	
0.000610128	0.00732154	0.215375	0.644905	0.121415	0.00732154	0.000610128	0.000610128	0.000610128	0.000610128	0.000610128	
0.00131752	0.00131752	0.00131752	0.291173	0.552042	0.102767	0.0158103	0.030303	0.00131752	0.00131752	0.00131752	
0.00324675	0.00324675	0.00324675	0.038961	0.36039	0.538961	0.038961	0.00324675	0.00324675	0.00324675	0.00324675	
0.0151515	0.0151515	0.0151515	0.0151515	0.0151515	0.348485	0.348485	0.181818	0.0151515	0.0151515	0.0151515	
0.012987	0.012987	0.012987	0.012987	0.012987	0.155844	0.155844	0.298701	0.012987	0.155844	0.155844	
0.0454545	0.0454545	0.0454545	0.0454545	0.0454545	0.545455	0.0454545	0.0454545	0.0454545	0.0454545	0.0454545	
0.0227273	0.0227273	0.0227273	0.0227273	0.0227273	0.0227273	0.0227273	0.272727	0.272727	0.272727	0.0227273	
0.030303	0.030303	0.030303	0.030303	0.030303	0.030303	0.030303	0.030303	0.030303	0.363636	0.363636	


Matrix B :

0.0909091	0.0909091	0.0909091	0.0909091	0.0909091	0.0909091	0.0909091	0.0909091	0.0909091	0.0909091	0.0909091	
0.000140292	0.307239	0.410634	0.157548	0.0896465	0.0232884	0.00631313	0.00322671	0.000140292	0.000140292	0.0016835	
0.000278009	0.00639422	0.263275	0.413122	0.208229	0.0797887	0.0155685	0.00639422	0.00333611	0.000278009	0.00333611	
0.000575374	0.000575374	0.0385501	0.241082	0.373993	0.222094	0.0828539	0.0258918	0.000575374	0.000575374	0.0132336	
0.00121212	0.00121212	0.00121212	0.0278788	0.174545	0.294545	0.187879	0.134545	0.147879	0.0145455	0.0145455	
0.00324675	0.00324675	0.00324675	0.00324675	0.0746753	0.217532	0.324675	0.181818	0.11039	0.0746753	0.00324675	
0.012987	0.012987	0.012987	0.012987	0.012987	0.012987	0.012987	0.87013	0.012987	0.012987	0.012987	
0.012987	0.012987	0.012987	0.012987	0.012987	0.155844	0.155844	0.441558	0.012987	0.155844	0.012987	
0.0454545	0.0454545	0.0454545	0.0454545	0.0454545	0.545455	0.0454545	0.0454545	0.0454545	0.0454545	0.0454545	
0.0227273	0.0227273	0.0227273	0.0227273	0.0227273	0.0227273	0.522727	0.0227273	0.0227273	0.272727	0.0227273	
0.030303	0.030303	0.030303	0.030303	0.030303	0.030303	0.030303	0.363636	0.363636	0.030303	0.030303	


Vector Pi :

0.00149031	0.444113	0.280179	0.149031	0.099851	0.00149031	0.0178838	0.00149031	0.00149031	0.00149031	0.00149031	


Vector Phi :

0.000829293	0.520196	0.257149	0.123296	0.057113	0.0231871	0.0049704	0.00579891	0.00165818	0.00331548	0.0024866	
