
Parameters: 11 states AND 11 symbols

Matrix A :

0.0909091	0.0909091	0.0909091	0.0909091	0.0909091	0.0909091	0.0909091	0.0909091	0.0909091	0.0909091	0.0909091	
0.0002331	0.759207	0.22331	0.0156177	0.0002331	0.0002331	0.0002331	0.0002331	0.0002331	0.0002331	0.0002331	
0.000249066	0.233126	0.608468	0.150934	0.00572852	0.000249066	0.000249066	0.000249066	0.000249066	0.000249066	0.000249066	
0.000445633	0.0347594	0.26025	0.544563	0.147504	0.0102496	0.000445633	0.000445633	0.000445633	0.000445633	0.000445633	
0.000739098	0.000739098	0.0169993	0.244642	0.586105	0.13082	0.0169993	0.000739098	0.000739098	0.000739098	0.000739098	
0.0015674	0.0015674	0.0015674	0.0188088	0.311912	0.501567	0.15674	0.0015674	0.0015674	0.0015674	0.0015674	
0.00324675	0.00324675	0.00324675	0.00324675	0.00324675	0.324675	0.467532	0.146104	0.038961	0.00324675	0.00324675	
0.0113636	0.0113636	0.0113636	0.0113636	0.0113636	0.261364	0.261364	0.0113636	0.386364	0.0113636	0.0113636	
0.012987	0.012987	0.012987	0.012987	0.012987	0.012987	0.155844	0.155844	0.155844	0.441558	0.012987	
0.0113636	0.0113636	0.0113636	0.0113636	0.0113636	0.0113636	0.0113636	0.261364	0.136364	0.261364	0.261364	
0.0113636	0.0113636	0.0113636	0.0113636	0.0113636	0.0113636	0.0113636	0.0113636	0.0113636	0.261364	0.636364	


Matrix B :

0.0909091	0.0909091	0.0909091	0.0909091	0.0909091	0.0909091	0.0909091	0.0909091	0.0909091	0.0909091	0.0909091	
0.000222816	0.362968	0.36787	0.157086	0.0688503	0.0271836	0.0100267	0.00512478	0.000222816	0.000222816	0.000222816	
0.000236128	0.0781582	0.454782	0.208028	0.145691	0.0781582	0.0262102	0.00283353	0.00543093	0.000236128	0.000236128	
0.000420875	0.000420875	0.296717	0.356902	0.218013	0.0698653	0.0374579	0.0143098	0.00505051	0.000420875	0.000420875	
0.000710227	0.000710227	0.00852273	0.297585	0.360085	0.141335	0.0475852	0.0319602	0.102273	0.00852273	0.000710227	
0.00149031	0.00149031	0.00149031	0.132638	0.493294	0.181818	0.0506706	0.00149031	0.0506706	0.0506706	0.0342772	
0.0031348	0.0031348	0.0031348	0.0031348	0.106583	0.31348	0.244514	0.141066	0.0376176	0.0376176	0.106583	
0.0113636	0.0113636	0.0113636	0.0113636	0.0113636	0.0113636	0.636364	0.136364	0.0113636	0.136364	0.0113636	
0.0113636	0.0113636	0.0113636	0.0113636	0.0113636	0.0113636	0.136364	0.761364	0.0113636	0.0113636	0.0113636	
0.0113636	0.0113636	0.0113636	0.0113636	0.0113636	0.0113636	0.0113636	0.511364	0.386364	0.0113636	0.0113636	
0.0113636	0.0113636	0.0113636	0.0113636	0.0113636	0.0113636	0.0113636	0.0113636	0.136364	0.761364	0.0113636	


Vector Pi :

0.00149031	0.312966	0.329359	0.198212	0.0834575	0.0342772	0.0178838	0.00149031	0.0178838	0.00149031	0.00149031	


Vector Phi :

0.000858992	0.318737	0.301092	0.170471	0.105321	0.0518477	0.0247124	0.00699682	0.00610529	0.00694047	0.0069183	
