
Parameters: 11 states AND 11 symbols

Matrix A :

0.0909091	0.0909091	0.0909091	0.0909091	0.0909091	0.0909091	0.0909091	0.0909091	0.0909091	0.0909091	0.0909091	
0.000180375	0.805736	0.168831	0.0140693	0.00811688	0.0021645	0.000180375	0.000180375	0.000180375	0.000180375	0.000180375	
0.000309215	0.279221	0.524119	0.149969	0.0377242	0.00371058	0.000309215	0.00371058	0.000309215	0.000309215	0.000309215	
0.000547645	0.0728368	0.259584	0.464403	0.163198	0.0306681	0.00657174	0.000547645	0.000547645	0.000547645	0.000547645	
0.000956938	0.0220096	0.10622	0.295694	0.285167	0.22201	0.0430622	0.0220096	0.000956938	0.000956938	0.000956938	
0.00154083	0.01849	0.0354391	0.0862866	0.272727	0.323575	0.187982	0.0523883	0.00154083	0.01849	0.00154083	
0.0025974	0.0025974	0.0025974	0.116883	0.202597	0.202597	0.25974	0.145455	0.0597403	0.0025974	0.0025974	
0.00413223	0.00413223	0.00413223	0.00413223	0.0495868	0.140496	0.18595	0.18595	0.367769	0.0495868	0.00413223	
0.00505051	0.00505051	0.00505051	0.00505051	0.00505051	0.00505051	0.282828	0.282828	0.282828	0.116162	0.00505051	
0.0151515	0.0151515	0.0151515	0.0151515	0.0151515	0.181818	0.0151515	0.0151515	0.348485	0.0151515	0.348485	
0.0181818	0.0181818	0.0181818	0.0181818	0.0181818	0.0181818	0.0181818	0.218182	0.0181818	0.218182	0.418182	


Matrix B :

0.0909091	0.0909091	0.0909091	0.0909091	0.0909091	0.0909091	0.0909091	0.0909091	0.0909091	0.0909091	0.0909091	
0.000172176	0.360021	0.305096	0.18199	0.0778237	0.0475207	0.0172176	0.00585399	0.00396006	0.000172176	0.000172176	
0.0002886	0.0574315	0.476479	0.266955	0.117749	0.0510823	0.012987	0.0034632	0.00981241	0.0034632	0.0002886	
0.000528541	0.000528541	0.186575	0.459831	0.215645	0.0877378	0.0179704	0.00634249	0.000528541	0.00634249	0.0179704	
0.000918274	0.000918274	0.000918274	0.31405	0.394858	0.182736	0.0110193	0.0312213	0.0211203	0.0110193	0.0312213	
0.00149031	0.00149031	0.00149031	0.0342772	0.52608	0.296572	0.099851	0.00149031	0.00149031	0.0342772	0.00149031	
0.00252525	0.00252525	0.00252525	0.00252525	0.0580808	0.502525	0.335859	0.0858586	0.00252525	0.00252525	0.00252525	
0.00378788	0.00378788	0.00378788	0.00378788	0.00378788	0.170455	0.670455	0.0454545	0.00378788	0.00378788	0.0871212	
0.00505051	0.00505051	0.00505051	0.00505051	0.00505051	0.00505051	0.393939	0.449495	0.0606061	0.00505051	0.0606061	
0.0151515	0.0151515	0.0151515	0.0151515	0.0151515	0.0151515	0.0151515	0.515152	0.181818	0.181818	0.0151515	
0.0181818	0.0181818	0.0181818	0.0181818	0.0181818	0.0181818	0.0181818	0.0181818	0.618182	0.218182	0.0181818	


Vector Pi :

0.00149031	0.394933	0.329359	0.099851	0.0834575	0.0342772	0.0178838	0.0342772	0.00149031	0.00149031	0.00149031	


Vector Phi :

0.000822437	0.420299	0.245737	0.137216	0.0772563	0.0482426	0.0286326	0.0180224	0.0147486	0.00491871	0.00410335	
