
Parameters: 11 states AND 11 symbols

Matrix A :

0.090909	0.090909	0.090909	0.090909	0.090909	0.090909	0.090909	0.090909	0.090909	0.090909	0.090909	
0.000328	0.899245	0.086971	0.011159	0.000328	0.000328	0.000328	0.000328	0.000328	0.000328	0.000328	
0.000967	0.266925	0.500967	0.181818	0.043520	0.000967	0.000967	0.000967	0.000967	0.000967	0.000967	
0.001623	0.019481	0.287338	0.358766	0.198052	0.037338	0.019481	0.001623	0.019481	0.019481	0.037338	
0.002841	0.002841	0.127841	0.315341	0.284091	0.190341	0.065341	0.002841	0.002841	0.002841	0.002841	
0.005051	0.005051	0.005051	0.282828	0.116162	0.171717	0.227273	0.171717	0.005051	0.005051	0.005051	
0.003497	0.003497	0.041958	0.041958	0.195804	0.118881	0.234266	0.311189	0.003497	0.003497	0.041958	
0.003788	0.003788	0.045455	0.003788	0.003788	0.087121	0.295455	0.212121	0.295455	0.045455	0.003788	
0.003367	0.003367	0.003367	0.003367	0.003367	0.003367	0.114478	0.188552	0.447811	0.188552	0.040404	
0.004329	0.004329	0.004329	0.004329	0.004329	0.051948	0.051948	0.004329	0.242424	0.385281	0.242424	
0.003788	0.045455	0.003788	0.003788	0.003788	0.003788	0.003788	0.087121	0.045455	0.212121	0.587121	


Matrix B :

0.090909	0.090909	0.090909	0.090909	0.090909	0.090909	0.090909	0.090909	0.090909	0.090909	0.090909	
0.000313	0.272727	0.348589	0.207210	0.083072	0.052038	0.007210	0.017555	0.010658	0.000313	0.000313	
0.000909	0.220909	0.420909	0.220909	0.030909	0.060909	0.030909	0.010909	0.000909	0.000909	0.000909	
0.001515	0.068182	0.534848	0.184848	0.134848	0.034848	0.018182	0.018182	0.001515	0.001515	0.001515	
0.002841	0.034091	0.377841	0.315341	0.221591	0.002841	0.034091	0.002841	0.002841	0.002841	0.002841	
0.005051	0.060606	0.282828	0.227273	0.282828	0.116162	0.005051	0.005051	0.005051	0.005051	0.005051	
0.003497	0.041958	0.311189	0.157343	0.234266	0.118881	0.118881	0.003497	0.003497	0.003497	0.003497	
0.003497	0.003497	0.195804	0.272727	0.234266	0.157343	0.118881	0.003497	0.003497	0.003497	0.003497	
0.003247	0.003247	0.288961	0.181818	0.360390	0.146104	0.003247	0.003247	0.003247	0.003247	0.003247	
0.004132	0.004132	0.413223	0.185950	0.095041	0.004132	0.004132	0.140496	0.049587	0.004132	0.095041	
0.003367	0.003367	0.114478	0.262626	0.040404	0.262626	0.040404	0.003367	0.077441	0.040404	0.151515	


Vector Pi :

0.002933	0.422287	0.196481	0.099707	0.002933	0.002933	0.035191	0.067449	0.035191	0.035191	0.099707	


Vector Phi :

0.001640	0.465942	0.158341	0.095853	0.053118	0.029362	0.040091	0.038215	0.043759	0.034323	0.039357	
