
Parameters: 11 states AND 11 symbols

Matrix A :

0.090909	0.090909	0.090909	0.090909	0.090909	0.090909	0.090909	0.090909	0.090909	0.090909	0.090909	
0.000457	0.889904	0.095934	0.000457	0.000457	0.005482	0.000457	0.000457	0.000457	0.000457	0.005482	
0.000645	0.121212	0.759510	0.107028	0.000645	0.000645	0.007737	0.000645	0.000645	0.000645	0.000645	
0.001357	0.031208	0.165536	0.598372	0.165536	0.031208	0.001357	0.001357	0.001357	0.001357	0.001357	
0.002020	0.002020	0.068687	0.224242	0.490909	0.157576	0.046465	0.002020	0.002020	0.002020	0.002020	
0.002392	0.002392	0.002392	0.002392	0.265550	0.502392	0.186603	0.002392	0.028708	0.002392	0.002392	
0.002331	0.002331	0.002331	0.027972	0.027972	0.181818	0.489510	0.207459	0.053613	0.002331	0.002331	
0.003247	0.003247	0.003247	0.038961	0.003247	0.003247	0.288961	0.538961	0.110390	0.003247	0.003247	
0.005348	0.005348	0.005348	0.005348	0.005348	0.005348	0.064171	0.240642	0.475936	0.122995	0.064171	
0.010101	0.121212	0.010101	0.010101	0.010101	0.121212	0.010101	0.010101	0.232323	0.343434	0.121212	
0.005682	0.005682	0.005682	0.005682	0.005682	0.005682	0.005682	0.005682	0.005682	0.193182	0.755682	


Matrix B :

0.090909	0.090909	0.090909	0.090909	0.090909	0.090909	0.090909	0.090909	0.090909	0.090909	0.090909	
0.000433	0.343290	0.257576	0.152814	0.114719	0.071861	0.038528	0.005195	0.005195	0.009957	0.000433	
0.000631	0.090909	0.354798	0.306187	0.118687	0.070076	0.014520	0.042298	0.000631	0.000631	0.000631	
0.001263	0.015152	0.126263	0.390152	0.265152	0.112374	0.029040	0.001263	0.029040	0.001263	0.029040	
0.001894	0.001894	0.231061	0.460227	0.043561	0.022727	0.085227	0.022727	0.022727	0.064394	0.043561	
0.002331	0.002331	0.207459	0.386946	0.156177	0.002331	0.027972	0.027972	0.079254	0.027972	0.079254	
0.002217	0.002217	0.075388	0.270510	0.270510	0.221729	0.099778	0.026608	0.002217	0.026608	0.002217	
0.003030	0.003030	0.169697	0.136364	0.269697	0.303030	0.103030	0.003030	0.003030	0.003030	0.003030	
0.004785	0.004785	0.057416	0.110048	0.425837	0.004785	0.320574	0.004785	0.057416	0.004785	0.004785	
0.009091	0.009091	0.009091	0.309091	0.109091	0.009091	0.209091	0.009091	0.009091	0.009091	0.309091	
0.005682	0.005682	0.005682	0.068182	0.005682	0.068182	0.068182	0.318182	0.193182	0.068182	0.193182	


Vector Pi :

0.002933	0.390029	0.099707	0.131965	0.099707	0.035191	0.067449	0.067449	0.067449	0.035191	0.002933	


Vector Phi :

0.001693	0.317991	0.234523	0.117574	0.077963	0.065140	0.066616	0.047734	0.028911	0.015152	0.026703	
