
Parameters: 11 states AND 11 symbols

Matrix A :

0.0909091	0.0909091	0.0909091	0.0909091	0.0909091	0.0909091	0.0909091	0.0909091	0.0909091	0.0909091	0.0909091	
0.000112233	0.924804	0.0704826	0.0013468	0.0013468	0.000112233	0.000112233	0.000112233	0.000112233	0.0013468	0.000112233	
0.000381971	0.223071	0.664248	0.0886173	0.0213904	0.000381971	0.000381971	0.000381971	0.000381971	0.000381971	0.000381971	
0.0012285	0.0282555	0.285012	0.58231	0.0823096	0.014742	0.0012285	0.0012285	0.0012285	0.0012285	0.0012285	
0.00363636	0.0836364	0.0836364	0.203636	0.203636	0.203636	0.0836364	0.123636	0.00363636	0.00363636	0.00363636	
0.00568182	0.0681818	0.00568182	0.130682	0.318182	0.255682	0.193182	0.00568182	0.00568182	0.00568182	0.00568182	
0.00699301	0.00699301	0.00699301	0.0839161	0.160839	0.237762	0.314685	0.00699301	0.0839161	0.0839161	0.00699301	
0.0113636	0.0113636	0.0113636	0.0113636	0.0113636	0.0113636	0.261364	0.511364	0.136364	0.0113636	0.0113636	
0.0113636	0.0113636	0.0113636	0.0113636	0.0113636	0.261364	0.136364	0.0113636	0.386364	0.136364	0.0113636	
0.0151515	0.0151515	0.0151515	0.0151515	0.0151515	0.0151515	0.0151515	0.0151515	0.348485	0.181818	0.348485	
0.0151515	0.181818	0.0151515	0.0151515	0.0151515	0.0151515	0.0151515	0.0151515	0.0151515	0.181818	0.515152	


Matrix B :

0.0909091	0.0909091	0.0909091	0.0909091	0.0909091	0.0909091	0.0909091	0.0909091	0.0909091	0.0909091	0.0909091	
0.000107204	0.226522	0.376286	0.251286	0.0802959	0.0378431	0.0189751	0.00246569	0.00482419	0.00128645	0.000107204	
0.000359324	0.000359324	0.150557	0.344233	0.233561	0.126842	0.0794107	0.0280273	0.0161696	0.00826446	0.012217	
0.00118064	0.00118064	0.105077	0.22196	0.325856	0.286895	0.0531287	0.00118064	0.00118064	0.00118064	0.00118064	
0.0034965	0.0034965	0.272727	0.041958	0.234266	0.388112	0.041958	0.0034965	0.0034965	0.0034965	0.0034965	
0.00534759	0.00534759	0.122995	0.122995	0.240642	0.358289	0.122995	0.00534759	0.00534759	0.00534759	0.00534759	
0.00649351	0.00649351	0.00649351	0.435065	0.220779	0.220779	0.0779221	0.00649351	0.00649351	0.00649351	0.00649351	
0.010101	0.010101	0.010101	0.010101	0.121212	0.343434	0.454545	0.010101	0.010101	0.010101	0.010101	
0.0113636	0.0113636	0.0113636	0.0113636	0.0113636	0.386364	0.261364	0.261364	0.0113636	0.0113636	0.0113636	
0.0151515	0.0151515	0.0151515	0.181818	0.0151515	0.348485	0.181818	0.181818	0.0151515	0.0151515	0.0151515	
0.0151515	0.0151515	0.0151515	0.0151515	0.181818	0.181818	0.0151515	0.348485	0.181818	0.0151515	0.0151515	


Vector Pi :

0.00149031	0.640835	0.230999	0.0506706	0.0178838	0.0178838	0.0178838	0.0178838	0.00149031	0.00149031	0.00149031	


Vector Phi :

0.000835311	0.668711	0.199841	0.0620411	0.0209322	0.0133863	0.0108744	0.00669436	0.00668023	0.00499963	0.00500371	
