
Parameters: 11 states AND 11 symbols

Matrix A :

0.090909	0.090909	0.090909	0.090909	0.090909	0.090909	0.090909	0.090909	0.090909	0.090909	0.090909	
0.000173	0.944830	0.032616	0.013532	0.000173	0.005899	0.000173	0.000173	0.000173	0.000173	0.002082	
0.002331	0.463869	0.233100	0.130536	0.104895	0.002331	0.027972	0.027972	0.002331	0.002331	0.002331	
0.005051	0.227273	0.338384	0.116162	0.116162	0.060606	0.005051	0.060606	0.005051	0.060606	0.005051	
0.008264	0.190083	0.371901	0.190083	0.190083	0.008264	0.008264	0.008264	0.008264	0.008264	0.008264	
0.015152	0.348485	0.181818	0.015152	0.181818	0.181818	0.015152	0.015152	0.015152	0.015152	0.015152	
0.045455	0.045455	0.045455	0.045455	0.545455	0.045455	0.045455	0.045455	0.045455	0.045455	0.045455	
0.030303	0.363636	0.363636	0.030303	0.030303	0.030303	0.030303	0.030303	0.030303	0.030303	0.030303	
0.090909	0.090909	0.090909	0.090909	0.090909	0.090909	0.090909	0.090909	0.090909	0.090909	0.090909	
0.045455	0.545455	0.045455	0.045455	0.045455	0.045455	0.045455	0.045455	0.045455	0.045455	0.045455	
0.045455	0.545455	0.045455	0.045455	0.045455	0.045455	0.045455	0.045455	0.045455	0.045455	0.045455	


Matrix B :

0.090909	0.090909	0.090909	0.090909	0.090909	0.090909	0.090909	0.090909	0.090909	0.090909	0.090909	
0.000165	0.323802	0.303802	0.201983	0.069256	0.047438	0.023802	0.018347	0.007438	0.000165	0.003802	
0.002273	0.077273	0.327273	0.202273	0.202273	0.077273	0.077273	0.027273	0.002273	0.002273	0.002273	
0.004785	0.110048	0.320574	0.267943	0.057416	0.057416	0.110048	0.004785	0.004785	0.057416	0.004785	
0.006993	0.006993	0.083916	0.314685	0.083916	0.160839	0.160839	0.006993	0.160839	0.006993	0.006993	
0.015152	0.015152	0.181818	0.015152	0.181818	0.181818	0.181818	0.015152	0.015152	0.181818	0.015152	
0.045455	0.045455	0.045455	0.045455	0.045455	0.045455	0.545455	0.045455	0.045455	0.045455	0.045455	
0.030303	0.030303	0.030303	0.030303	0.030303	0.030303	0.696970	0.030303	0.030303	0.030303	0.030303	
0.090909	0.090909	0.090909	0.090909	0.090909	0.090909	0.090909	0.090909	0.090909	0.090909	0.090909	
0.045455	0.045455	0.045455	0.545455	0.045455	0.045455	0.045455	0.045455	0.045455	0.045455	0.045455	
0.045455	0.045455	0.045455	0.545455	0.045455	0.045455	0.045455	0.045455	0.045455	0.045455	0.045455	


Vector Pi :

0.002933	0.809384	0.035191	0.067449	0.067449	0.002933	0.002933	0.002933	0.002933	0.002933	0.002933	


Vector Phi :

0.001595	0.865031	0.062863	0.027438	0.017489	0.009686	0.003207	0.004731	0.001595	0.003119	0.003246	
