
Parameters: 11 states AND 11 symbols

Matrix A :

0.090909	0.090909	0.090909	0.090909	0.090909	0.090909	0.090909	0.090909	0.090909	0.090909	0.090909	
0.000166	0.967319	0.016589	0.007465	0.001991	0.001991	0.000166	0.003816	0.000166	0.000166	0.000166	
0.003367	0.373737	0.373737	0.040404	0.077441	0.040404	0.040404	0.003367	0.003367	0.003367	0.040404	
0.011364	0.261364	0.136364	0.011364	0.136364	0.136364	0.136364	0.011364	0.011364	0.136364	0.011364	
0.015152	0.015152	0.348485	0.181818	0.015152	0.348485	0.015152	0.015152	0.015152	0.015152	0.015152	
0.011364	0.386364	0.261364	0.011364	0.136364	0.136364	0.011364	0.011364	0.011364	0.011364	0.011364	
0.030303	0.030303	0.696970	0.030303	0.030303	0.030303	0.030303	0.030303	0.030303	0.030303	0.030303	
0.030303	0.030303	0.030303	0.363636	0.030303	0.363636	0.030303	0.030303	0.030303	0.030303	0.030303	
0.090909	0.090909	0.090909	0.090909	0.090909	0.090909	0.090909	0.090909	0.090909	0.090909	0.090909	
0.045455	0.545455	0.045455	0.045455	0.045455	0.045455	0.045455	0.045455	0.045455	0.045455	0.045455	
0.045455	0.545455	0.045455	0.045455	0.045455	0.045455	0.045455	0.045455	0.045455	0.045455	0.045455	


Matrix B :

0.090909	0.090909	0.090909	0.090909	0.090909	0.090909	0.090909	0.090909	0.090909	0.090909	0.090909	
0.000158	0.289357	0.271935	0.184827	0.132563	0.061134	0.014096	0.015838	0.019322	0.007127	0.003643	
0.003030	0.069697	0.169697	0.269697	0.336364	0.003030	0.069697	0.003030	0.069697	0.003030	0.003030	
0.011364	0.011364	0.136364	0.136364	0.011364	0.386364	0.136364	0.011364	0.136364	0.011364	0.011364	
0.015152	0.015152	0.015152	0.015152	0.348485	0.348485	0.181818	0.015152	0.015152	0.015152	0.015152	
0.010101	0.010101	0.010101	0.121212	0.232323	0.010101	0.454545	0.010101	0.121212	0.010101	0.010101	
0.030303	0.030303	0.030303	0.363636	0.030303	0.030303	0.030303	0.363636	0.030303	0.030303	0.030303	
0.030303	0.030303	0.363636	0.363636	0.030303	0.030303	0.030303	0.030303	0.030303	0.030303	0.030303	
0.090909	0.090909	0.090909	0.090909	0.090909	0.090909	0.090909	0.090909	0.090909	0.090909	0.090909	
0.045455	0.045455	0.545455	0.045455	0.045455	0.045455	0.045455	0.045455	0.045455	0.045455	0.045455	
0.045455	0.045455	0.045455	0.045455	0.045455	0.545455	0.045455	0.045455	0.045455	0.045455	0.045455	


Vector Pi :

0.002933	0.841642	0.099707	0.002933	0.002933	0.035191	0.002933	0.002933	0.002933	0.002933	0.002933	


Vector Phi :

0.001642	0.899836	0.044335	0.013136	0.009852	0.013136	0.004926	0.004926	0.001642	0.003284	0.003284	
