
Parameters: 11 states AND 11 symbols

Matrix A :

0.0909091	0.0909091	0.0909091	0.0909091	0.0909091	0.0909091	0.0909091	0.0909091	0.0909091	0.0909091	0.0909091	
0.000263505	0.664032	0.252437	0.0727273	0.00895916	0.000263505	0.000263505	0.000263505	0.000263505	0.000263505	0.000263505	
0.000307125	0.297604	0.446253	0.192875	0.0509828	0.0036855	0.00706388	0.000307125	0.000307125	0.000307125	0.000307125	
0.0004329	0.119481	0.2671	0.329004	0.205195	0.0623377	0.00995671	0.00519481	0.0004329	0.0004329	0.0004329	
0.00058651	0.0134897	0.0973607	0.271554	0.400587	0.142522	0.0651026	0.00703812	0.00058651	0.00058651	0.00058651	
0.00104493	0.00104493	0.0470219	0.173459	0.253918	0.31139	0.184953	0.0240334	0.00104493	0.00104493	0.00104493	
0.00149031	0.00149031	0.0178838	0.0178838	0.116244	0.312966	0.329359	0.099851	0.099851	0.00149031	0.00149031	
0.00395257	0.00395257	0.00395257	0.00395257	0.0909091	0.177866	0.351779	0.264822	0.0474308	0.0474308	0.00395257	
0.00699301	0.00699301	0.00699301	0.00699301	0.00699301	0.00699301	0.160839	0.314685	0.0839161	0.314685	0.0839161	
0.010101	0.010101	0.010101	0.010101	0.010101	0.010101	0.010101	0.232323	0.343434	0.232323	0.121212	
0.0181818	0.0181818	0.0181818	0.0181818	0.0181818	0.0181818	0.0181818	0.0181818	0.218182	0.218182	0.418182	


Matrix B :

0.0909091	0.0909091	0.0909091	0.0909091	0.0909091	0.0909091	0.0909091	0.0909091	0.0909091	0.0909091	0.0909091	
0.000252525	0.389141	0.308586	0.191919	0.0558081	0.0280303	0.0030303	0.00580808	0.00580808	0.0030303	0.00858586	
0.000292312	0.286466	0.360421	0.164279	0.125694	0.0356621	0.0195849	0.00672318	0.000292312	0.000292312	0.000292312	
0.000418936	0.0234604	0.493506	0.180142	0.143276	0.0741517	0.0418936	0.0188521	0.0142438	0.00502723	0.00502723	
0.000544366	0.000544366	0.234077	0.371802	0.168209	0.150245	0.0424605	0.0125204	0.0185084	0.000544366	0.000544366	
0.000967118	0.000967118	0.0116054	0.437137	0.203095	0.160542	0.0647969	0.0222437	0.0754352	0.0222437	0.000967118	
0.00146628	0.00146628	0.00146628	0.195015	0.372434	0.259531	0.0821114	0.0821114	0.00146628	0.00146628	0.00146628	
0.00378788	0.00378788	0.00378788	0.0454545	0.337121	0.462121	0.0871212	0.0454545	0.00378788	0.00378788	0.00378788	
0.00649351	0.00649351	0.00649351	0.00649351	0.363636	0.363636	0.220779	0.00649351	0.00649351	0.00649351	0.00649351	
0.00909091	0.00909091	0.00909091	0.00909091	0.109091	0.509091	0.309091	0.00909091	0.00909091	0.00909091	0.00909091	
0.0181818	0.0181818	0.0181818	0.0181818	0.0181818	0.418182	0.418182	0.0181818	0.0181818	0.0181818	0.0181818	


Vector Pi :

0.00149031	0.247392	0.247392	0.116244	0.198212	0.116244	0.0178838	0.0178838	0.0178838	0.0178838	0.00149031	


Vector Phi :

0.000829876	0.286307	0.245643	0.174274	0.128631	0.0721992	0.0506224	0.0190871	0.0107884	0.00746888	0.00414938	
