
Parameters: 11 states AND 11 symbols

Matrix A :

0.090909	0.090909	0.090909	0.090909	0.090909	0.090909	0.090909	0.090909	0.090909	0.090909	0.090909	
0.000364	0.768364	0.180364	0.028364	0.012364	0.000364	0.004364	0.004364	0.000364	0.000364	0.000364	
0.000689	0.349174	0.455234	0.121901	0.030992	0.023416	0.000689	0.008264	0.008264	0.000689	0.000689	
0.001748	0.136364	0.347902	0.155594	0.232517	0.078671	0.020979	0.020979	0.001748	0.001748	0.001748	
0.001715	0.058319	0.020583	0.246998	0.379074	0.114923	0.058319	0.058319	0.020583	0.001715	0.039451	
0.003367	0.040404	0.188552	0.077441	0.262626	0.077441	0.077441	0.114478	0.114478	0.003367	0.040404	
0.003636	0.003636	0.003636	0.083636	0.123636	0.363636	0.283636	0.123636	0.003636	0.003636	0.003636	
0.004132	0.004132	0.049587	0.095041	0.049587	0.049587	0.231405	0.140496	0.276860	0.049587	0.049587	
0.003953	0.003953	0.003953	0.047431	0.003953	0.047431	0.134387	0.221344	0.395257	0.134387	0.003953	
0.015152	0.015152	0.015152	0.015152	0.015152	0.015152	0.015152	0.181818	0.181818	0.015152	0.515152	
0.006494	0.077922	0.006494	0.006494	0.149351	0.006494	0.149351	0.006494	0.077922	0.077922	0.435065	


Matrix B :

0.090909	0.090909	0.090909	0.090909	0.090909	0.090909	0.090909	0.090909	0.090909	0.090909	0.090909	
0.000344	0.314738	0.307163	0.185950	0.110193	0.060950	0.011708	0.007920	0.000344	0.000344	0.000344	
0.000640	0.042894	0.204866	0.402049	0.225992	0.064020	0.028809	0.028809	0.000640	0.000640	0.000640	
0.001653	0.019835	0.183471	0.256198	0.274380	0.128926	0.056198	0.019835	0.038017	0.019835	0.001653	
0.001684	0.001684	0.094276	0.223906	0.260943	0.316498	0.038721	0.001684	0.020202	0.001684	0.038721	
0.003367	0.040404	0.077441	0.225589	0.225589	0.225589	0.077441	0.040404	0.040404	0.040404	0.003367	
0.003636	0.003636	0.003636	0.043636	0.283636	0.203636	0.243636	0.163636	0.043636	0.003636	0.003636	
0.004132	0.004132	0.004132	0.049587	0.231405	0.231405	0.140496	0.185950	0.095041	0.049587	0.004132	
0.003953	0.003953	0.003953	0.047431	0.177866	0.221344	0.177866	0.134387	0.134387	0.090909	0.003953	
0.012987	0.012987	0.012987	0.012987	0.155844	0.155844	0.298701	0.298701	0.012987	0.012987	0.012987	
0.006061	0.006061	0.006061	0.072727	0.272727	0.206061	0.206061	0.206061	0.006061	0.006061	0.006061	


Vector Pi :

0.002933	0.422287	0.357771	0.099707	0.035191	0.002933	0.002933	0.002933	0.002933	0.035191	0.035191	


Vector Phi :

0.001648	0.416734	0.216005	0.085614	0.087305	0.044445	0.041202	0.036242	0.037865	0.009881	0.023059	
