
Parameters: 11 states AND 11 symbols

Matrix A :

0.090909	0.090909	0.090909	0.090909	0.090909	0.090909	0.090909	0.090909	0.090909	0.090909	0.090909	
0.000397	0.751489	0.188170	0.022231	0.013497	0.000397	0.004764	0.009131	0.000397	0.000397	0.009131	
0.000722	0.302309	0.405483	0.199134	0.040404	0.016595	0.024531	0.000722	0.000722	0.008658	0.000722	
0.000967	0.086074	0.245648	0.437137	0.192456	0.022244	0.011605	0.000967	0.000967	0.000967	0.000967	
0.001623	0.108766	0.108766	0.269481	0.269481	0.108766	0.073052	0.055195	0.001623	0.001623	0.001623	
0.004785	0.004785	0.004785	0.162679	0.320574	0.320574	0.057416	0.057416	0.004785	0.004785	0.057416	
0.005348	0.064171	0.005348	0.181818	0.122995	0.181818	0.122995	0.181818	0.064171	0.005348	0.064171	
0.006061	0.006061	0.072727	0.006061	0.206061	0.006061	0.072727	0.139394	0.206061	0.206061	0.072727	
0.006993	0.083916	0.006993	0.006993	0.160839	0.006993	0.083916	0.006993	0.237762	0.237762	0.160839	
0.006993	0.006993	0.083916	0.083916	0.006993	0.006993	0.083916	0.237762	0.237762	0.160839	0.083916	
0.004132	0.049587	0.004132	0.004132	0.049587	0.004132	0.049587	0.004132	0.095041	0.140496	0.595041	


Matrix B :

0.090909	0.090909	0.090909	0.090909	0.090909	0.090909	0.090909	0.090909	0.090909	0.090909	0.090909	
0.000371	0.273840	0.396289	0.220779	0.082004	0.016698	0.008534	0.000371	0.000371	0.000371	0.000371	
0.000694	0.054129	0.306037	0.344205	0.191534	0.061763	0.038862	0.000694	0.000694	0.000694	0.000694	
0.000937	0.021556	0.165886	0.238051	0.268978	0.134958	0.155576	0.011246	0.000937	0.000937	0.000937	
0.001595	0.019139	0.159490	0.282297	0.124402	0.071770	0.106858	0.159490	0.054226	0.019139	0.001595	
0.004329	0.004329	0.099567	0.575758	0.194805	0.051948	0.004329	0.004329	0.051948	0.004329	0.004329	
0.005348	0.005348	0.064171	0.299465	0.358289	0.005348	0.122995	0.005348	0.005348	0.064171	0.064171	
0.005682	0.005682	0.068182	0.193182	0.005682	0.255682	0.068182	0.005682	0.068182	0.068182	0.255682	
0.006993	0.006993	0.083916	0.160839	0.237762	0.160839	0.237762	0.006993	0.083916	0.006993	0.006993	
0.006993	0.006993	0.083916	0.160839	0.083916	0.083916	0.083916	0.160839	0.083916	0.083916	0.160839	
0.003788	0.003788	0.045455	0.212121	0.170455	0.170455	0.087121	0.128788	0.128788	0.045455	0.003788	


Vector Pi :

0.002933	0.551320	0.164223	0.099707	0.035191	0.035191	0.002933	0.035191	0.002933	0.002933	0.067449	


Vector Phi :

0.001681	0.371983	0.207101	0.156506	0.094219	0.034233	0.028501	0.025197	0.021822	0.021793	0.036963	
