
Parameters: 11 states AND 11 symbols

Matrix A :

0.090909	0.090909	0.090909	0.090909	0.090909	0.090909	0.090909	0.090909	0.090909	0.090909	0.090909	
0.000486	0.626155	0.241128	0.086048	0.016529	0.016529	0.005834	0.000486	0.000486	0.000486	0.005834	
0.000758	0.434091	0.334091	0.142424	0.050758	0.009091	0.009091	0.009091	0.000758	0.009091	0.000758	
0.000937	0.124649	0.186504	0.330834	0.186504	0.042174	0.062793	0.042174	0.011246	0.000937	0.011246	
0.001748	0.059441	0.155594	0.309441	0.232517	0.155594	0.059441	0.020979	0.001748	0.001748	0.001748	
0.002273	0.052273	0.127273	0.127273	0.227273	0.277273	0.102273	0.052273	0.027273	0.002273	0.002273	
0.002525	0.002525	0.030303	0.113636	0.085859	0.224747	0.280303	0.169192	0.030303	0.058081	0.002525	
0.003953	0.003953	0.003953	0.090909	0.003953	0.090909	0.221344	0.221344	0.221344	0.134387	0.003953	
0.005051	0.005051	0.116162	0.060606	0.005051	0.060606	0.227273	0.116162	0.227273	0.060606	0.116162	
0.006061	0.006061	0.006061	0.006061	0.006061	0.006061	0.072727	0.006061	0.339394	0.139394	0.406061	
0.005682	0.068182	0.005682	0.130682	0.005682	0.068182	0.005682	0.068182	0.005682	0.318182	0.318182	


Matrix B :

0.090909	0.090909	0.090909	0.090909	0.090909	0.090909	0.090909	0.090909	0.090909	0.090909	0.090909	
0.000471	0.264720	0.347621	0.259538	0.073010	0.031559	0.010834	0.010834	0.000471	0.000471	0.000471	
0.000716	0.079456	0.347173	0.339298	0.173944	0.040086	0.000716	0.008590	0.008590	0.000716	0.000716	
0.000891	0.020499	0.226381	0.285205	0.255793	0.098930	0.040107	0.059715	0.010695	0.000891	0.000891	
0.001653	0.001653	0.038017	0.310744	0.201653	0.165289	0.165289	0.056198	0.056198	0.001653	0.001653	
0.002165	0.002165	0.049784	0.216450	0.192641	0.192641	0.073593	0.073593	0.097403	0.049784	0.049784	
0.002331	0.002331	0.130536	0.156177	0.207459	0.181818	0.104895	0.027972	0.053613	0.104895	0.027972	
0.003636	0.003636	0.123636	0.083636	0.363636	0.163636	0.083636	0.123636	0.003636	0.003636	0.043636	
0.005051	0.005051	0.060606	0.338384	0.116162	0.227273	0.116162	0.060606	0.005051	0.060606	0.005051	
0.005682	0.005682	0.068182	0.255682	0.318182	0.193182	0.005682	0.005682	0.068182	0.005682	0.068182	
0.005348	0.005348	0.122995	0.240642	0.299465	0.064171	0.005348	0.064171	0.064171	0.122995	0.005348	


Vector Pi :

0.002933	0.164223	0.228739	0.196481	0.099707	0.067449	0.099707	0.067449	0.002933	0.035191	0.035191	


Vector Phi :

0.001645	0.313155	0.198879	0.157974	0.085332	0.065735	0.059056	0.037713	0.029539	0.024655	0.026317	
