
Parameters: 11 states AND 11 symbols

Matrix A :

0.0909091	0.0909091	0.0909091	0.0909091	0.0909091	0.0909091	0.0909091	0.0909091	0.0909091	0.0909091	0.0909091	
0.000231911	0.806354	0.176252	0.015538	0.000231911	0.000231911	0.000231911	0.000231911	0.000231911	0.000231911	0.000231911	
0.000324675	0.253896	0.561039	0.168182	0.011039	0.0038961	0.000324675	0.000324675	0.000324675	0.000324675	0.000324675	
0.000439174	0.0149319	0.237154	0.536671	0.203338	0.00527009	0.000439174	0.000439174	0.000439174	0.000439174	0.000439174	
0.000564653	0.00677583	0.0316206	0.236589	0.547149	0.155844	0.0191982	0.000564653	0.000564653	0.000564653	0.000564653	
0.00109529	0.00109529	0.00109529	0.0372399	0.242059	0.56736	0.121577	0.0251917	0.00109529	0.00109529	0.00109529	
0.0030303	0.0030303	0.0030303	0.0363636	0.169697	0.236364	0.30303	0.236364	0.0030303	0.0030303	0.0030303	
0.0030303	0.0030303	0.0030303	0.0030303	0.0363636	0.0363636	0.169697	0.60303	0.136364	0.0030303	0.0030303	
0.010101	0.010101	0.010101	0.010101	0.010101	0.010101	0.232323	0.232323	0.232323	0.121212	0.121212	
0.0454545	0.0454545	0.0454545	0.0454545	0.0454545	0.0454545	0.0454545	0.0454545	0.545455	0.0454545	0.0454545	
0.0181818	0.0181818	0.0181818	0.0181818	0.0181818	0.0181818	0.0181818	0.0181818	0.218182	0.0181818	0.618182	


Matrix B :

0.0909091	0.0909091	0.0909091	0.0909091	0.0909091	0.0909091	0.0909091	0.0909091	0.0909091	0.0909091	0.0909091	
0.000220119	0.276249	0.382787	0.206031	0.0946511	0.0316971	0.00506273	0.00264143	0.000220119	0.000220119	0.000220119	
0.000312402	0.020931	0.443611	0.350828	0.103405	0.0346767	0.0312402	0.0140581	0.000312402	0.000312402	0.000312402	
0.000413223	0.000413223	0.0367769	0.432231	0.345868	0.127686	0.027686	0.0140496	0.00950413	0.00495868	0.000413223	
0.000541126	0.000541126	0.000541126	0.0779221	0.357684	0.274351	0.17316	0.0719697	0.0183983	0.0183983	0.00649351	
0.00106952	0.00106952	0.00106952	0.0128342	0.212834	0.295187	0.118717	0.17754	0.0716578	0.0716578	0.0363636	
0.0026738	0.0026738	0.0026738	0.0026738	0.0026738	0.120321	0.237968	0.355615	0.149733	0.0026738	0.120321	
0.00284091	0.00284091	0.00284091	0.00284091	0.00284091	0.00284091	0.190341	0.440341	0.221591	0.0965909	0.0340909	
0.010101	0.010101	0.010101	0.010101	0.010101	0.010101	0.010101	0.121212	0.787879	0.010101	0.010101	
0.0454545	0.0454545	0.0454545	0.0454545	0.0454545	0.0454545	0.0454545	0.0454545	0.0454545	0.545455	0.0454545	
0.0181818	0.0181818	0.0181818	0.0181818	0.0181818	0.0181818	0.0181818	0.0181818	0.0181818	0.418182	0.418182	


Vector Pi :

0.00149031	0.345753	0.165425	0.214605	0.132638	0.0342772	0.0670641	0.0342772	0.00149031	0.00149031	0.00149031	


Vector Phi :

0.000825137	0.329982	0.236011	0.17191	0.131194	0.0678189	0.0245396	0.0245689	0.00738933	0.00164618	0.00411553	
