
Parameters: 11 states AND 11 symbols

Matrix A :

0.0909091	0.0909091	0.0909091	0.0909091	0.0909091	0.0909091	0.0909091	0.0909091	0.0909091	0.0909091	0.0909091	
0.000211416	0.821142	0.160677	0.0141649	0.002537	0.000211416	0.000211416	0.000211416	0.000211416	0.000211416	0.000211416	
0.00026738	0.203209	0.667914	0.120856	0.00614973	0.00026738	0.00026738	0.00026738	0.00026738	0.00026738	0.00026738	
0.000510725	0.0398366	0.213994	0.562308	0.163432	0.0173647	0.000510725	0.000510725	0.000510725	0.000510725	0.000510725	
0.000834028	0.000834028	0.0467056	0.230192	0.52377	0.156797	0.0375313	0.000834028	0.000834028	0.000834028	0.000834028	
0.00135685	0.00135685	0.0162822	0.046133	0.255088	0.53867	0.105834	0.0312076	0.00135685	0.00135685	0.00135685	
0.0021645	0.0021645	0.0021645	0.0497835	0.0497835	0.24026	0.573593	0.0735931	0.0021645	0.0021645	0.0021645	
0.00649351	0.00649351	0.00649351	0.00649351	0.00649351	0.00649351	0.363636	0.363636	0.149351	0.0779221	0.00649351	
0.010101	0.010101	0.010101	0.010101	0.010101	0.010101	0.121212	0.343434	0.454545	0.010101	0.010101	
0.0181818	0.0181818	0.0181818	0.0181818	0.0181818	0.0181818	0.0181818	0.0181818	0.418182	0.218182	0.218182	
0.0181818	0.0181818	0.0181818	0.0181818	0.0181818	0.0181818	0.0181818	0.0181818	0.0181818	0.218182	0.618182	


Matrix B :

0.0909091	0.0909091	0.0909091	0.0909091	0.0909091	0.0909091	0.0909091	0.0909091	0.0909091	0.0909091	0.0909091	
0.000201572	0.259625	0.319492	0.246321	0.111066	0.0356783	0.00463616	0.00241887	0.011288	0.00241887	0.00685346	
0.000255363	0.000255363	0.250255	0.444076	0.168795	0.0648621	0.0255363	0.0395812	0.00306435	0.000255363	0.00306435	
0.000486145	0.000486145	0.0165289	0.310647	0.34808	0.230433	0.0272241	0.0432669	0.0165289	0.000486145	0.00583374	
0.000770416	0.000770416	0.0177196	0.0346687	0.271957	0.339753	0.221109	0.0516179	0.0177196	0.0431433	0.000770416	
0.00131752	0.00131752	0.00131752	0.0447958	0.11726	0.305665	0.305665	0.218709	0.00131752	0.00131752	0.00131752	
0.00211416	0.00211416	0.00211416	0.0486258	0.0486258	0.02537	0.141649	0.490486	0.234672	0.00211416	0.00211416	
0.00649351	0.00649351	0.00649351	0.00649351	0.149351	0.220779	0.0779221	0.149351	0.0779221	0.0779221	0.220779	
0.00826446	0.00826446	0.00826446	0.00826446	0.00826446	0.00826446	0.00826446	0.00826446	0.735537	0.00826446	0.190083	
0.0181818	0.0181818	0.0181818	0.0181818	0.0181818	0.0181818	0.0181818	0.0181818	0.618182	0.218182	0.0181818	
0.0181818	0.0181818	0.0181818	0.0181818	0.0181818	0.0181818	0.0181818	0.0181818	0.0181818	0.818182	0.0181818	


Vector Pi :

0.00149031	0.345753	0.247392	0.149031	0.149031	0.0342772	0.0178838	0.00149031	0.0342772	0.0178838	0.00149031	


Vector Phi :

0.000753755	0.36321	0.287967	0.148677	0.0898342	0.0542797	0.0329433	0.0104519	0.00597539	0.00268177	0.00322535	
