
Parameters: 11 states AND 11 symbols

Matrix A :

0.0909091	0.0909091	0.0909091	0.0909091	0.0909091	0.0909091	0.0909091	0.0909091	0.0909091	0.0909091	0.0909091	
0.000142268	0.863992	0.108123	0.0173567	0.00327216	0.00170721	0.000142268	0.000142268	0.00327216	0.000142268	0.00170721	
0.000341763	0.278537	0.556733	0.13568	0.01162	0.00786056	0.00410116	0.000341763	0.000341763	0.00410116	0.000341763	
0.000668449	0.0815508	0.309492	0.434492	0.125668	0.0227273	0.00802139	0.00802139	0.00802139	0.000668449	0.000668449	
0.0015674	0.0015674	0.0532915	0.363636	0.380878	0.15674	0.0188088	0.0015674	0.0188088	0.0015674	0.0015674	
0.0025974	0.0025974	0.0311688	0.145455	0.288312	0.288312	0.145455	0.0597403	0.0311688	0.0025974	0.0025974	
0.00454545	0.0545455	0.00454545	0.0545455	0.0545455	0.304545	0.254545	0.154545	0.104545	0.00454545	0.00454545	
0.00568182	0.00568182	0.0681818	0.00568182	0.0681818	0.193182	0.193182	0.380682	0.0681818	0.00568182	0.00568182	
0.00826446	0.00826446	0.00826446	0.00826446	0.0991736	0.00826446	0.0991736	0.280992	0.00826446	0.371901	0.0991736	
0.00757576	0.0909091	0.00757576	0.00757576	0.00757576	0.00757576	0.174242	0.00757576	0.0909091	0.340909	0.257576	
0.00826446	0.00826446	0.0991736	0.0991736	0.00826446	0.00826446	0.00826446	0.00826446	0.0991736	0.190083	0.46281	


Matrix B :

0.0909091	0.0909091	0.0909091	0.0909091	0.0909091	0.0909091	0.0909091	0.0909091	0.0909091	0.0909091	0.0909091	
0.000135483	0.229644	0.345888	0.220702	0.11489	0.0552771	0.0239805	0.00758705	0.0016258	0.000135483	0.000135483	
0.000325839	0.018247	0.118605	0.347996	0.290648	0.111437	0.0755947	0.0325839	0.00391007	0.000325839	0.000325839	
0.000631313	0.00757576	0.174242	0.125631	0.26452	0.195076	0.104798	0.0839646	0.0353535	0.00757576	0.000631313	
0.00149031	0.00149031	0.0834575	0.116244	0.214605	0.263785	0.0834575	0.0670641	0.0834575	0.0506706	0.0342772	
0.0025974	0.0025974	0.145455	0.288312	0.231169	0.202597	0.0311688	0.0883117	0.0025974	0.0025974	0.0025974	
0.004329	0.004329	0.0995671	0.147186	0.242424	0.194805	0.290043	0.004329	0.004329	0.004329	0.004329	
0.00568182	0.00568182	0.00568182	0.255682	0.255682	0.0681818	0.193182	0.0681818	0.130682	0.00568182	0.00568182	
0.00699301	0.00699301	0.160839	0.237762	0.237762	0.314685	0.00699301	0.00699301	0.00699301	0.00699301	0.00699301	
0.00757576	0.00757576	0.00757576	0.174242	0.424242	0.257576	0.00757576	0.00757576	0.0909091	0.00757576	0.00757576	
0.00757576	0.00757576	0.00757576	0.0909091	0.340909	0.340909	0.00757576	0.00757576	0.0909091	0.0909091	0.00757576	


Vector Pi :

0.00149031	0.509687	0.214605	0.149031	0.0506706	0.00149031	0.0178838	0.00149031	0.0342772	0.00149031	0.0178838	


Vector Phi :

0.000824585	0.533977	0.220187	0.110934	0.04759	0.0287758	0.01646	0.0131663	0.00907619	0.00991069	0.00909885	
