
Parameters: 11 states AND 11 symbols

Matrix A :

0.0909091	0.0909091	0.0909091	0.0909091	0.0909091	0.0909091	0.0909091	0.0909091	0.0909091	0.0909091	0.0909091	
0.000123183	0.898497	0.084134	0.00554324	0.00283321	0.00283321	0.0014782	0.00283321	0.000123183	0.0014782	0.000123183	
0.000405844	0.28612	0.549513	0.147727	0.00933442	0.000405844	0.000405844	0.000405844	0.000405844	0.00487013	0.000405844	
0.000937207	0.0834114	0.310216	0.39269	0.165886	0.0421743	0.000937207	0.000937207	0.000937207	0.000937207	0.000937207	
0.00185529	0.0222635	0.0834879	0.328386	0.307978	0.205937	0.0222635	0.0222635	0.00185529	0.00185529	0.00185529	
0.00221729	0.0266075	0.00221729	0.075388	0.27051	0.465632	0.0997783	0.0266075	0.00221729	0.00221729	0.0266075	
0.00649351	0.00649351	0.149351	0.0779221	0.0779221	0.292208	0.220779	0.149351	0.00649351	0.00649351	0.00649351	
0.010101	0.010101	0.010101	0.010101	0.010101	0.010101	0.232323	0.232323	0.232323	0.121212	0.121212	
0.0151515	0.0151515	0.0151515	0.0151515	0.181818	0.181818	0.348485	0.0151515	0.181818	0.0151515	0.0151515	
0.00909091	0.00909091	0.209091	0.00909091	0.00909091	0.00909091	0.00909091	0.00909091	0.109091	0.409091	0.209091	
0.00568182	0.00568182	0.00568182	0.0681818	0.00568182	0.00568182	0.00568182	0.00568182	0.0681818	0.130682	0.693182	


Matrix B :

0.0909091	0.0909091	0.0909091	0.0909091	0.0909091	0.0909091	0.0909091	0.0909091	0.0909091	0.0909091	0.0909091	
0.000117454	0.330867	0.403218	0.174536	0.060841	0.0194973	0.00528541	0.00270143	0.00140944	0.00140944	0.000117454	
0.000383583	0.139624	0.38435	0.261987	0.0932106	0.0552359	0.0383583	0.0130418	0.000383583	0.00460299	0.0088224	
0.000891266	0.040107	0.216578	0.285205	0.118538	0.0597148	0.0597148	0.0989305	0.0793226	0.040107	0.000891266	
0.00185529	0.0426716	0.144712	0.246753	0.205937	0.124304	0.0426716	0.124304	0.0426716	0.0222635	0.00185529	
0.00211416	0.00211416	0.141649	0.211416	0.118393	0.141649	0.0486258	0.0951374	0.0951374	0.118393	0.02537	
0.00568182	0.00568182	0.255682	0.505682	0.00568182	0.0681818	0.130682	0.00568182	0.00568182	0.00568182	0.00568182	
0.00909091	0.00909091	0.209091	0.209091	0.309091	0.209091	0.00909091	0.00909091	0.00909091	0.00909091	0.00909091	
0.0151515	0.0151515	0.0151515	0.0151515	0.515152	0.0151515	0.348485	0.0151515	0.0151515	0.0151515	0.0151515	
0.00909091	0.00909091	0.309091	0.209091	0.209091	0.109091	0.109091	0.00909091	0.00909091	0.00909091	0.00909091	
0.00534759	0.0641711	0.475936	0.122995	0.0641711	0.00534759	0.00534759	0.00534759	0.240642	0.00534759	0.00534759	


Vector Pi :

0.00149031	0.591654	0.214605	0.0834575	0.00149031	0.0342772	0.0342772	0.0178838	0.00149031	0.00149031	0.0178838	


Vector Phi :

0.000829876	0.612448	0.185892	0.0804979	0.0406639	0.0340249	0.0116183	0.00746888	0.00497925	0.00829876	0.013278	
