
Parameters: 11 states AND 11 symbols

Matrix A :

0.090909	0.090909	0.090909	0.090909	0.090909	0.090909	0.090909	0.090909	0.090909	0.090909	0.090909	
0.000379	0.787879	0.162879	0.029545	0.008712	0.000379	0.000379	0.000379	0.004545	0.004545	0.000379	
0.000978	0.398827	0.334311	0.140762	0.086999	0.011730	0.011730	0.011730	0.000978	0.000978	0.000978	
0.002273	0.127273	0.252273	0.252273	0.177273	0.077273	0.027273	0.027273	0.052273	0.002273	0.002273	
0.002273	0.077273	0.177273	0.127273	0.352273	0.102273	0.052273	0.002273	0.052273	0.027273	0.027273	
0.006061	0.072727	0.072727	0.072727	0.206061	0.072727	0.406061	0.072727	0.006061	0.006061	0.006061	
0.004545	0.054545	0.004545	0.054545	0.104545	0.104545	0.204545	0.104545	0.304545	0.004545	0.054545	
0.005348	0.064171	0.122995	0.064171	0.005348	0.064171	0.122995	0.240642	0.181818	0.122995	0.005348	
0.003135	0.072100	0.072100	0.003135	0.003135	0.003135	0.003135	0.072100	0.175549	0.210031	0.382445	
0.002114	0.002114	0.025370	0.002114	0.048626	0.025370	0.025370	0.071882	0.118393	0.350951	0.327696	
0.001466	0.001466	0.001466	0.017595	0.017595	0.017595	0.033724	0.033724	0.065982	0.259531	0.549853	


Matrix B :

0.090909	0.090909	0.090909	0.090909	0.090909	0.090909	0.090909	0.090909	0.090909	0.090909	0.090909	
0.000364	0.284364	0.244364	0.172364	0.136364	0.076364	0.056364	0.024364	0.004364	0.000364	0.000364	
0.000947	0.188447	0.386364	0.198864	0.125947	0.042614	0.021780	0.021780	0.011364	0.000947	0.000947	
0.002020	0.202020	0.379798	0.290909	0.090909	0.024242	0.002020	0.002020	0.002020	0.002020	0.002020	
0.002165	0.097403	0.502165	0.240260	0.049784	0.049784	0.049784	0.002165	0.002165	0.002165	0.002165	
0.005348	0.064171	0.417112	0.358289	0.064171	0.064171	0.005348	0.005348	0.005348	0.005348	0.005348	
0.004329	0.099567	0.385281	0.337662	0.147186	0.004329	0.004329	0.004329	0.004329	0.004329	0.004329	
0.005348	0.064171	0.064171	0.417112	0.181818	0.064171	0.122995	0.005348	0.064171	0.005348	0.005348	
0.003030	0.036364	0.236364	0.303030	0.236364	0.136364	0.003030	0.036364	0.003030	0.003030	0.003030	
0.002020	0.002020	0.090909	0.224242	0.290909	0.313131	0.068687	0.002020	0.002020	0.002020	0.002020	
0.001377	0.001377	0.137741	0.228650	0.319559	0.213499	0.001377	0.016529	0.016529	0.016529	0.046832	


Vector Pi :

0.002933	0.325513	0.067449	0.164223	0.067449	0.067449	0.035191	0.002933	0.035191	0.099707	0.131965	


Vector Phi :

0.001644	0.407510	0.159202	0.067532	0.066900	0.024805	0.032843	0.027521	0.046970	0.066617	0.098456	
