
Parameters: 11 states AND 11 symbols

Matrix A :

0.0909091	0.0909091	0.0909091	0.0909091	0.0909091	0.0909091	0.0909091	0.0909091	0.0909091	0.0909091	0.0909091	
0.000126791	0.875998	0.117282	0.00570559	0.000126791	0.000126791	0.000126791	0.000126791	0.000126791	0.000126791	0.000126791	
0.000292312	0.263958	0.624087	0.0903245	0.0163695	0.00350775	0.000292312	0.000292312	0.000292312	0.000292312	0.000292312	
0.00104493	0.0700104	0.334378	0.437827	0.127482	0.0240334	0.00104493	0.00104493	0.00104493	0.00104493	0.00104493	
0.0026738	0.0026738	0.0026738	0.355615	0.355615	0.237968	0.0320856	0.0026738	0.0026738	0.0026738	0.0026738	
0.00378788	0.00378788	0.0871212	0.170455	0.212121	0.212121	0.212121	0.0454545	0.0454545	0.00378788	0.00378788	
0.00699301	0.0839161	0.00699301	0.00699301	0.00699301	0.468531	0.0839161	0.314685	0.00699301	0.00699301	0.00699301	
0.0113636	0.0113636	0.0113636	0.0113636	0.0113636	0.136364	0.386364	0.261364	0.0113636	0.0113636	0.136364	
0.030303	0.030303	0.030303	0.030303	0.030303	0.030303	0.363636	0.030303	0.030303	0.363636	0.030303	
0.030303	0.030303	0.030303	0.030303	0.030303	0.030303	0.363636	0.030303	0.030303	0.363636	0.030303	
0.0227273	0.0227273	0.0227273	0.0227273	0.0227273	0.0227273	0.0227273	0.0227273	0.272727	0.0227273	0.522727	


Matrix B :

0.0909091	0.0909091	0.0909091	0.0909091	0.0909091	0.0909091	0.0909091	0.0909091	0.0909091	0.0909091	0.0909091	
0.000119775	0.293927	0.407234	0.196431	0.068631	0.0264702	0.00538987	0.0014373	0.000119775	0.000119775	0.000119775	
0.000280584	0.0373176	0.170034	0.435466	0.234848	0.0897868	0.0249719	0.00645342	0.000280584	0.000280584	0.000280584	
0.00103306	0.00103306	0.0805785	0.171488	0.194215	0.228306	0.205579	0.114669	0.00103306	0.00103306	0.00103306	
0.0025974	0.0597403	0.0311688	0.145455	0.116883	0.402597	0.0597403	0.145455	0.0311688	0.0025974	0.0025974	
0.0034965	0.118881	0.0034965	0.041958	0.195804	0.195804	0.118881	0.157343	0.041958	0.041958	0.0804196	
0.00699301	0.160839	0.160839	0.00699301	0.00699301	0.468531	0.160839	0.00699301	0.00699301	0.00699301	0.00699301	
0.010101	0.010101	0.121212	0.010101	0.232323	0.121212	0.454545	0.010101	0.010101	0.010101	0.010101	
0.030303	0.030303	0.363636	0.363636	0.030303	0.030303	0.030303	0.030303	0.030303	0.030303	0.030303	
0.030303	0.030303	0.69697	0.030303	0.030303	0.030303	0.030303	0.030303	0.030303	0.030303	0.030303	
0.0227273	0.0227273	0.0227273	0.272727	0.522727	0.0227273	0.0227273	0.0227273	0.0227273	0.0227273	0.0227273	


Vector Pi :

0.00149031	0.673621	0.230999	0.0178838	0.0178838	0.0342772	0.00149031	0.0178838	0.00149031	0.00149031	0.00149031	


Vector Phi :

0.000826182	0.597621	0.256304	0.0717967	0.0280512	0.0198058	0.0107313	0.0066045	0.0024773	0.00247792	0.00330349	
