
Parameters: 11 states AND 11 symbols

Matrix A :

0.0909091	0.0909091	0.0909091	0.0909091	0.0909091	0.0909091	0.0909091	0.0909091	0.0909091	0.0909091	0.0909091	
8.12414e-05	0.984889	0.0143797	8.12414e-05	8.12414e-05	8.12414e-05	8.12414e-05	8.12414e-05	8.12414e-05	8.12414e-05	8.12414e-05	
0.00151515	0.251515	0.651515	0.0515152	0.0181818	0.00151515	0.00151515	0.0181818	0.00151515	0.00151515	0.00151515	
0.0181818	0.0181818	0.418182	0.218182	0.218182	0.0181818	0.0181818	0.0181818	0.0181818	0.0181818	0.0181818	
0.012987	0.155844	0.155844	0.012987	0.441558	0.012987	0.012987	0.155844	0.012987	0.012987	0.012987	
0.0909091	0.0909091	0.0909091	0.0909091	0.0909091	0.0909091	0.0909091	0.0909091	0.0909091	0.0909091	0.0909091	
0.0909091	0.0909091	0.0909091	0.0909091	0.0909091	0.0909091	0.0909091	0.0909091	0.0909091	0.0909091	0.0909091	
0.0227273	0.0227273	0.272727	0.0227273	0.0227273	0.0227273	0.0227273	0.0227273	0.272727	0.272727	0.0227273	
0.0454545	0.0454545	0.0454545	0.0454545	0.0454545	0.0454545	0.0454545	0.545455	0.0454545	0.0454545	0.0454545	
0.0454545	0.0454545	0.0454545	0.0454545	0.0454545	0.0454545	0.0454545	0.0454545	0.0454545	0.0454545	0.545455	
0.030303	0.030303	0.030303	0.030303	0.363636	0.030303	0.030303	0.030303	0.030303	0.030303	0.363636	


Matrix B :

0.0909091	0.0909091	0.0909091	0.0909091	0.0909091	0.0909091	0.0909091	0.0909091	0.0909091	0.0909091	0.0909091	
7.7238e-05	0.273654	0.365413	0.198888	0.0986329	0.0417085	0.0119719	0.00687418	0.00177647	7.7238e-05	0.000926856	
0.00149031	0.00149031	0.149031	0.394933	0.181818	0.0834575	0.132638	0.0342772	0.00149031	0.00149031	0.0178838	
0.0181818	0.0181818	0.0181818	0.218182	0.218182	0.0181818	0.0181818	0.0181818	0.0181818	0.218182	0.218182	
0.012987	0.012987	0.012987	0.012987	0.155844	0.441558	0.012987	0.012987	0.155844	0.012987	0.155844	
0.0909091	0.0909091	0.0909091	0.0909091	0.0909091	0.0909091	0.0909091	0.0909091	0.0909091	0.0909091	0.0909091	
0.0909091	0.0909091	0.0909091	0.0909091	0.0909091	0.0909091	0.0909091	0.0909091	0.0909091	0.0909091	0.0909091	
0.0227273	0.0227273	0.0227273	0.272727	0.0227273	0.0227273	0.0227273	0.272727	0.272727	0.0227273	0.0227273	
0.0454545	0.0454545	0.0454545	0.0454545	0.0454545	0.0454545	0.0454545	0.0454545	0.545455	0.0454545	0.0454545	
0.0454545	0.0454545	0.0454545	0.0454545	0.545455	0.0454545	0.0454545	0.0454545	0.0454545	0.0454545	0.0454545	
0.0227273	0.0227273	0.0227273	0.0227273	0.0227273	0.522727	0.0227273	0.0227273	0.272727	0.0227273	0.0227273	


Vector Pi :

0.00149031	0.95231	0.0178838	0.00149031	0.00149031	0.00149031	0.00149031	0.00149031	0.00149031	0.00149031	0.0178838	


Vector Phi :

0.000829876	0.928631	0.0497925	0.00414938	0.00580913	0.000829876	0.000829876	0.0033195	0.00165975	0.00165975	0.00248963	
