
Parameters: 11 states AND 11 symbols

Matrix A :

0.0909091	0.0909091	0.0909091	0.0909091	0.0909091	0.0909091	0.0909091	0.0909091	0.0909091	0.0909091	0.0909091	
0.000187829	0.777047	0.19027	0.0291134	0.00225394	0.000187829	0.000187829	0.000187829	0.000187829	0.000187829	0.000187829	
0.000260485	0.281063	0.561865	0.143527	0.0117218	0.000260485	0.000260485	0.000260485	0.000260485	0.000260485	0.000260485	
0.000430849	0.0383455	0.261094	0.526497	0.137872	0.0288669	0.00517019	0.000430849	0.000430849	0.000430849	0.000430849	
0.00108225	0.012987	0.0725108	0.310606	0.441558	0.108225	0.0367965	0.012987	0.00108225	0.00108225	0.00108225	
0.00293255	0.00293255	0.00293255	0.196481	0.293255	0.228739	0.196481	0.0674487	0.00293255	0.00293255	0.00293255	
0.004329	0.004329	0.004329	0.0995671	0.0519481	0.337662	0.290043	0.194805	0.004329	0.004329	0.004329	
0.00757576	0.00757576	0.00757576	0.00757576	0.0909091	0.0909091	0.174242	0.340909	0.0909091	0.174242	0.00757576	
0.0227273	0.0227273	0.0227273	0.0227273	0.272727	0.0227273	0.272727	0.0227273	0.272727	0.0227273	0.0227273	
0.0181818	0.0181818	0.0181818	0.0181818	0.0181818	0.0181818	0.218182	0.0181818	0.0181818	0.418182	0.218182	
0.030303	0.030303	0.030303	0.030303	0.030303	0.030303	0.030303	0.030303	0.363636	0.030303	0.363636	


Matrix B :

0.0909091	0.0909091	0.0909091	0.0909091	0.0909091	0.0909091	0.0909091	0.0909091	0.0909091	0.0909091	0.0909091	
0.000180018	0.251665	0.330873	0.178398	0.107111	0.0615662	0.0318632	0.0259226	0.00810081	0.000180018	0.00414041	
0.000247036	0.0165514	0.331769	0.280138	0.201334	0.0872036	0.0518775	0.00839921	0.0111166	0.00839921	0.00296443	
0.00040404	0.00040404	0.0315152	0.329293	0.289293	0.191515	0.0848485	0.0359596	0.0226263	0.0137374	0.00040404	
0.00102145	0.00102145	0.00102145	0.169561	0.315628	0.259448	0.135853	0.0684372	0.0122574	0.0347293	0.00102145	
0.00284091	0.00284091	0.00284091	0.0653409	0.127841	0.252841	0.221591	0.127841	0.127841	0.0340909	0.0340909	
0.004329	0.004329	0.004329	0.004329	0.0995671	0.242424	0.337662	0.147186	0.0995671	0.0519481	0.004329	
0.00757576	0.00757576	0.00757576	0.00757576	0.257576	0.257576	0.0909091	0.0909091	0.174242	0.0909091	0.00757576	
0.0227273	0.0227273	0.0227273	0.0227273	0.0227273	0.272727	0.0227273	0.522727	0.0227273	0.0227273	0.0227273	
0.0181818	0.0181818	0.0181818	0.0181818	0.0181818	0.218182	0.618182	0.0181818	0.0181818	0.0181818	0.0181818	
0.030303	0.030303	0.030303	0.030303	0.030303	0.030303	0.69697	0.030303	0.030303	0.030303	0.030303	


Vector Pi :

0.00149031	0.345753	0.296572	0.247392	0.0834575	0.0178838	0.00149031	0.00149031	0.00149031	0.00149031	0.00149031	


Vector Phi :

0.00082561	0.40304	0.290994	0.173378	0.0691712	0.0255174	0.0172942	0.00988425	0.00329902	0.00412164	0.00247491	
