
Parameters: 11 states AND 11 symbols

Matrix A :

0.0909091	0.0909091	0.0909091	0.0909091	0.0909091	0.0909091	0.0909091	0.0909091	0.0909091	0.0909091	0.0909091	
0.000217486	0.753806	0.217921	0.0193562	0.00500217	0.00260983	0.000217486	0.000217486	0.000217486	0.000217486	0.000217486	
0.000297089	0.304219	0.516637	0.15716	0.0199049	0.000297089	0.000297089	0.000297089	0.000297089	0.000297089	0.000297089	
0.000496771	0.0442126	0.246398	0.448584	0.22454	0.0332837	0.000496771	0.000496771	0.000496771	0.000496771	0.000496771	
0.000614251	0.00737101	0.0681818	0.264128	0.507371	0.122236	0.0276413	0.000614251	0.000614251	0.000614251	0.000614251	
0.0013369	0.0013369	0.0307487	0.0307487	0.280749	0.471925	0.13369	0.0454545	0.0013369	0.0013369	0.0013369	
0.0025974	0.0025974	0.0025974	0.0883117	0.116883	0.231169	0.345455	0.116883	0.0883117	0.0025974	0.0025974	
0.00505051	0.00505051	0.00505051	0.00505051	0.00505051	0.116162	0.449495	0.227273	0.116162	0.0606061	0.00505051	
0.00699301	0.00699301	0.00699301	0.00699301	0.00699301	0.00699301	0.00699301	0.314685	0.314685	0.237762	0.0839161	
0.00826446	0.00826446	0.00826446	0.00826446	0.00826446	0.00826446	0.00826446	0.190083	0.280992	0.371901	0.0991736	
0.0227273	0.0227273	0.0227273	0.0227273	0.0227273	0.0227273	0.0227273	0.0227273	0.0227273	0.522727	0.272727	


Matrix B :

0.0909091	0.0909091	0.0909091	0.0909091	0.0909091	0.0909091	0.0909091	0.0909091	0.0909091	0.0909091	0.0909091	
0.000208986	0.363427	0.287565	0.165726	0.101358	0.0346917	0.0231975	0.0117032	0.00710554	0.00250784	0.00250784	
0.00027972	0.135664	0.427972	0.215664	0.117203	0.0556643	0.0187413	0.0156643	0.00951049	0.00027972	0.00335664	
0.000468604	0.000468604	0.309747	0.371603	0.2015	0.0417057	0.0313964	0.0210872	0.00562324	0.00562324	0.0107779	
0.000606061	0.000606061	0.120606	0.353939	0.340606	0.133939	0.0406061	0.000606061	0.000606061	0.00727273	0.000606061	
0.0012285	0.0012285	0.0012285	0.39312	0.271499	0.203931	0.0687961	0.0282555	0.014742	0.0012285	0.014742	
0.002457	0.002457	0.002457	0.0835381	0.651106	0.137592	0.110565	0.002457	0.002457	0.002457	0.002457	
0.00505051	0.00505051	0.00505051	0.00505051	0.338384	0.393939	0.0606061	0.116162	0.0606061	0.00505051	0.00505051	
0.00606061	0.00606061	0.00606061	0.00606061	0.206061	0.472727	0.0727273	0.0727273	0.0727273	0.0727273	0.00606061	
0.00757576	0.00757576	0.00757576	0.00757576	0.0909091	0.424242	0.00757576	0.174242	0.257576	0.00757576	0.00757576	
0.0227273	0.0227273	0.0227273	0.0227273	0.0227273	0.772727	0.0227273	0.0227273	0.0227273	0.0227273	0.0227273	


Vector Pi :

0.00149031	0.280179	0.296572	0.181818	0.0342772	0.099851	0.0506706	0.00149031	0.0342772	0.0178838	0.00149031	


Vector Phi :

0.00080663	0.350499	0.256976	0.151846	0.121645	0.0550528	0.0269115	0.0141838	0.0102011	0.00870096	0.00317645	
