
Parameters: 11 states AND 11 symbols

Matrix A :

0.0909091	0.0909091	0.0909091	0.0909091	0.0909091	0.0909091	0.0909091	0.0909091	0.0909091	0.0909091	0.0909091	
0.000278009	0.825966	0.168474	0.00333611	0.000278009	0.000278009	0.000278009	0.000278009	0.000278009	0.000278009	0.000278009	
0.000306091	0.185491	0.680441	0.128252	0.00367309	0.000306091	0.000306091	0.000306091	0.000306091	0.000306091	0.000306091	
0.00040404	0.00484848	0.178182	0.667071	0.142626	0.00484848	0.00040404	0.00040404	0.00040404	0.00040404	0.00040404	
0.00071582	0.00071582	0.00071582	0.260558	0.551897	0.181818	0.00071582	0.00071582	0.00071582	0.00071582	0.00071582	
0.000841751	0.000841751	0.000841751	0.010101	0.195286	0.658249	0.130471	0.000841751	0.000841751	0.000841751	0.000841751	
0.00193424	0.00193424	0.00193424	0.00193424	0.0444874	0.257253	0.555126	0.129594	0.00193424	0.00193424	0.00193424	
0.0026738	0.0026738	0.0026738	0.0026738	0.0026738	0.0026738	0.149733	0.679144	0.149733	0.0026738	0.0026738	
0.00505051	0.00505051	0.00505051	0.00505051	0.00505051	0.00505051	0.0606061	0.171717	0.616162	0.116162	0.00505051	
0.010101	0.010101	0.010101	0.010101	0.010101	0.010101	0.010101	0.121212	0.121212	0.565657	0.121212	
0.012987	0.012987	0.012987	0.012987	0.012987	0.012987	0.012987	0.012987	0.012987	0.155844	0.727273	


Matrix B :

0.0909091	0.0909091	0.0909091	0.0909091	0.0909091	0.0909091	0.0909091	0.0909091	0.0909091	0.0909091	0.0909091	
0.000264271	0.282241	0.410148	0.197939	0.0845666	0.0235201	0.000264271	0.000264271	0.000264271	0.000264271	0.000264271	
0.000292312	0.000292312	0.366852	0.469746	0.109617	0.0292312	0.013154	0.00993861	0.000292312	0.000292312	0.000292312	
0.000378788	0.000378788	0.000378788	0.292045	0.492045	0.146212	0.0462121	0.0170455	0.00454545	0.000378788	0.000378788	
0.000693963	0.000693963	0.000693963	0.0312283	0.160999	0.580847	0.191534	0.0235947	0.00832755	0.000693963	0.000693963	
0.000811688	0.000811688	0.000811688	0.000811688	0.099026	0.107955	0.429383	0.304383	0.0454545	0.00974026	0.000811688	
0.00181818	0.00181818	0.00181818	0.00181818	0.00181818	0.181818	0.141818	0.321818	0.241818	0.101818	0.00181818	
0.0026738	0.0026738	0.0026738	0.0026738	0.0026738	0.179144	0.296791	0.26738	0.120321	0.120321	0.0026738	
0.00454545	0.00454545	0.00454545	0.00454545	0.00454545	0.00454545	0.204545	0.604545	0.00454545	0.154545	0.00454545	
0.010101	0.010101	0.010101	0.010101	0.010101	0.010101	0.010101	0.121212	0.787879	0.010101	0.010101	
0.0113636	0.0113636	0.0113636	0.0113636	0.0113636	0.0113636	0.0113636	0.0113636	0.0113636	0.386364	0.511364	


Vector Pi :

0.00149031	0.280179	0.214605	0.263785	0.0670641	0.0670641	0.0506706	0.00149031	0.0342772	0.00149031	0.0178838	


Vector Phi :

0.000832444	0.274561	0.249731	0.185037	0.104793	0.0893485	0.0390026	0.0283206	0.0150167	0.00751375	0.00584434	
