
Parameters: 11 states AND 11 symbols

Matrix A :

0.0909091	0.0909091	0.0909091	0.0909091	0.0909091	0.0909091	0.0909091	0.0909091	0.0909091	0.0909091	0.0909091	
0.000186672	0.864663	0.127497	0.00634684	0.000186672	0.000186672	0.000186672	0.000186672	0.000186672	0.000186672	0.000186672	
0.000261986	0.178936	0.714959	0.0982447	0.00314383	0.00314383	0.000261986	0.000261986	0.000261986	0.000261986	0.000261986	
0.000594177	0.020202	0.242424	0.582294	0.131313	0.020202	0.000594177	0.000594177	0.000594177	0.000594177	0.000594177	
0.000988142	0.000988142	0.000988142	0.261858	0.609684	0.120553	0.000988142	0.000988142	0.000988142	0.000988142	0.000988142	
0.00174825	0.00174825	0.00174825	0.0402098	0.270979	0.501748	0.117133	0.0594406	0.00174825	0.00174825	0.00174825	
0.00324675	0.00324675	0.00324675	0.00324675	0.00324675	0.36039	0.503247	0.11039	0.00324675	0.00324675	0.00324675	
0.00757576	0.00757576	0.00757576	0.00757576	0.00757576	0.00757576	0.340909	0.257576	0.257576	0.0909091	0.00757576	
0.00699301	0.00699301	0.00699301	0.00699301	0.00699301	0.00699301	0.160839	0.160839	0.468531	0.160839	0.00699301	
0.012987	0.012987	0.012987	0.012987	0.012987	0.012987	0.012987	0.012987	0.298701	0.298701	0.298701	
0.0113636	0.0113636	0.0113636	0.0113636	0.0113636	0.0113636	0.0113636	0.0113636	0.136364	0.136364	0.636364	


Matrix B :

0.0909091	0.0909091	0.0909091	0.0909091	0.0909091	0.0909091	0.0909091	0.0909091	0.0909091	0.0909091	0.0909091	
0.000179308	0.333513	0.288148	0.179666	0.0928815	0.0534337	0.0277927	0.0199032	0.00412408	0.000179308	0.000179308	
0.000247036	0.0844862	0.288291	0.212204	0.187747	0.125247	0.0545949	0.013834	0.0247036	0.00839921	0.000247036	
0.000561167	0.0622896	0.222783	0.241302	0.154882	0.167228	0.0746352	0.00673401	0.00673401	0.0129068	0.0499439	
0.000956938	0.0220096	0.127273	0.42201	0.169378	0.200957	0.0535885	0.000956938	0.000956938	0.000956938	0.000956938	
0.00162338	0.00162338	0.180195	0.287338	0.269481	0.162338	0.0909091	0.00162338	0.00162338	0.00162338	0.00162338	
0.0030303	0.0030303	0.136364	0.069697	0.136364	0.20303	0.40303	0.0363636	0.0030303	0.0030303	0.0030303	
0.00757576	0.00757576	0.00757576	0.174242	0.174242	0.424242	0.0909091	0.0909091	0.00757576	0.00757576	0.00757576	
0.00649351	0.00649351	0.00649351	0.0779221	0.220779	0.506494	0.149351	0.00649351	0.00649351	0.00649351	0.00649351	
0.012987	0.012987	0.012987	0.012987	0.012987	0.441558	0.298701	0.155844	0.012987	0.012987	0.012987	
0.0113636	0.0113636	0.0113636	0.0113636	0.261364	0.261364	0.136364	0.261364	0.0113636	0.0113636	0.0113636	


Vector Pi :

0.00149031	0.329359	0.329359	0.149031	0.0506706	0.0670641	0.0506706	0.00149031	0.0178838	0.00149031	0.00149031	


Vector Phi :

0.00079052	0.412227	0.294386	0.127046	0.0744189	0.0403725	0.0200319	0.00907513	0.0100041	0.00541254	0.00623479	
