
Parameters: 11 states AND 11 symbols

Matrix A :

0.0909091	0.0909091	0.0909091	0.0909091	0.0909091	0.0909091	0.0909091	0.0909091	0.0909091	0.0909091	0.0909091	
0.00022899	0.677811	0.264713	0.0480879	0.00778567	0.00022899	0.00022899	0.00022899	0.00022899	0.00022899	0.00022899	
0.000286779	0.363063	0.394609	0.20218	0.0286779	0.00659593	0.00344135	0.000286779	0.000286779	0.000286779	0.000286779	
0.000422833	0.0515856	0.330655	0.414376	0.153911	0.0283298	0.0143763	0.005074	0.000422833	0.000422833	0.000422833	
0.000757576	0.00909091	0.0840909	0.267424	0.384091	0.200758	0.0424242	0.000757576	0.00909091	0.000757576	0.000757576	
0.0012285	0.0012285	0.0552826	0.109337	0.312039	0.379607	0.0958231	0.041769	0.0012285	0.0012285	0.0012285	
0.003367	0.003367	0.003367	0.114478	0.0774411	0.299663	0.114478	0.299663	0.003367	0.0774411	0.003367	
0.0034965	0.0034965	0.0034965	0.0034965	0.118881	0.195804	0.195804	0.234266	0.157343	0.0804196	0.0034965	
0.00826446	0.00826446	0.00826446	0.00826446	0.00826446	0.00826446	0.190083	0.280992	0.280992	0.0991736	0.0991736	
0.00909091	0.00909091	0.00909091	0.00909091	0.00909091	0.00909091	0.00909091	0.209091	0.209091	0.409091	0.109091	
0.012987	0.012987	0.012987	0.012987	0.012987	0.012987	0.012987	0.298701	0.012987	0.012987	0.584416	


Matrix B :

0.0909091	0.0909091	0.0909091	0.0909091	0.0909091	0.0909091	0.0909091	0.0909091	0.0909091	0.0909091	0.0909091	
0.000216967	0.312866	0.355826	0.212627	0.071816	0.0240833	0.0169234	0.00499024	0.000216967	0.000216967	0.000216967	
0.000276319	0.0762642	0.489638	0.255595	0.109699	0.0641061	0.00331583	0.000276319	0.000276319	0.000276319	0.000276319	
0.000405844	0.000405844	0.152192	0.455763	0.259334	0.112013	0.018263	0.000405844	0.000405844	0.000405844	0.000405844	
0.00071582	0.00071582	0.00071582	0.370795	0.370795	0.173944	0.0637079	0.0164639	0.00071582	0.00071582	0.00071582	
0.00113636	0.00113636	0.00113636	0.163636	0.388636	0.313636	0.0761364	0.0511364	0.00113636	0.00113636	0.00113636	
0.0031348	0.0031348	0.0031348	0.0031348	0.141066	0.451411	0.244514	0.106583	0.0376176	0.0031348	0.0031348	
0.003367	0.003367	0.003367	0.003367	0.003367	0.299663	0.299663	0.151515	0.114478	0.114478	0.003367	
0.00757576	0.00757576	0.00757576	0.00757576	0.00757576	0.00757576	0.674242	0.0909091	0.174242	0.00757576	0.00757576	
0.00909091	0.00909091	0.00909091	0.00909091	0.00909091	0.00909091	0.209091	0.309091	0.309091	0.109091	0.00909091	
0.012987	0.012987	0.012987	0.012987	0.012987	0.012987	0.012987	0.298701	0.155844	0.012987	0.441558	


Vector Pi :

0.00149031	0.362146	0.214605	0.132638	0.116244	0.099851	0.0342772	0.0178838	0.0178838	0.00149031	0.00149031	


Vector Phi :

0.000831966	0.32846	0.261997	0.179627	0.0999707	0.0616469	0.0224915	0.0216579	0.00916115	0.00832805	0.00582774	
