
Parameters: 11 states AND 11 symbols

Matrix A :

0.0909091	0.0909091	0.0909091	0.0909091	0.0909091	0.0909091	0.0909091	0.0909091	0.0909091	0.0909091	0.0909091	
0.000178955	0.834825	0.149785	0.0139585	0.000178955	0.000178955	0.000178955	0.000178955	0.000178955	0.000178955	0.000178955	
0.000264271	0.215381	0.631078	0.142706	0.0089852	0.000264271	0.000264271	0.000264271	0.000264271	0.000264271	0.000264271	
0.000471032	0.0419218	0.259538	0.560057	0.124823	0.0108337	0.000471032	0.000471032	0.000471032	0.000471032	0.000471032	
0.00108225	0.012987	0.012987	0.286797	0.524892	0.12013	0.0248918	0.012987	0.00108225	0.00108225	0.00108225	
0.0025974	0.0025974	0.0025974	0.116883	0.25974	0.431169	0.145455	0.0311688	0.0025974	0.0025974	0.0025974	
0.00534759	0.00534759	0.00534759	0.00534759	0.122995	0.299465	0.358289	0.122995	0.0641711	0.00534759	0.00534759	
0.00826446	0.00826446	0.00826446	0.00826446	0.0991736	0.0991736	0.190083	0.280992	0.190083	0.00826446	0.0991736	
0.0151515	0.0151515	0.0151515	0.0151515	0.0151515	0.0151515	0.181818	0.348485	0.348485	0.0151515	0.0151515	
0.0454545	0.0454545	0.0454545	0.0454545	0.0454545	0.0454545	0.0454545	0.545455	0.0454545	0.0454545	0.0454545	
0.0227273	0.0227273	0.0227273	0.0227273	0.0227273	0.0227273	0.0227273	0.0227273	0.0227273	0.272727	0.522727	


Matrix B :

0.0909091	0.0909091	0.0909091	0.0909091	0.0909091	0.0909091	0.0909091	0.0909091	0.0909091	0.0909091	0.0909091	
0.000169607	0.287483	0.369573	0.203528	0.0934532	0.0281547	0.0169607	0.000169607	0.000169607	0.000169607	0.000169607	
0.000251826	0.00579199	0.376983	0.28834	0.147066	0.119365	0.0501133	0.0113322	0.000251826	0.000251826	0.000251826	
0.000450045	0.000450045	0.0252025	0.480648	0.267777	0.129163	0.059856	0.0252025	0.010351	0.000450045	0.000450045	
0.00103306	0.00103306	0.00103306	0.0805785	0.444215	0.27376	0.14876	0.0123967	0.0123967	0.0123967	0.0123967	
0.00252525	0.00252525	0.00252525	0.00252525	0.19697	0.335859	0.308081	0.030303	0.0580808	0.0580808	0.00252525	
0.0606061	0.00505051	0.00505051	0.00505051	0.00505051	0.227273	0.227273	0.449495	0.00505051	0.00505051	0.00505051	
0.00826446	0.00826446	0.00826446	0.00826446	0.00826446	0.00826446	0.280992	0.190083	0.190083	0.280992	0.00826446	
0.0151515	0.0151515	0.0151515	0.0151515	0.0151515	0.0151515	0.0151515	0.348485	0.348485	0.0151515	0.181818	
0.0454545	0.0454545	0.0454545	0.0454545	0.0454545	0.0454545	0.0454545	0.0454545	0.545455	0.0454545	0.0454545	
0.0227273	0.0227273	0.0227273	0.0227273	0.0227273	0.0227273	0.0227273	0.0227273	0.0227273	0.522727	0.272727	


Vector Pi :

0.00149031	0.460507	0.263785	0.149031	0.0670641	0.0342772	0.0178838	0.00149031	0.00149031	0.00149031	0.00149031	


Vector Phi :

0.000803512	0.42505	0.288504	0.159452	0.067968	0.0266876	0.0133017	0.00869522	0.00475038	0.00160051	0.00318798	
