
Parameters: 11 states AND 11 symbols

Matrix A :

0.0909091	0.0909091	0.0909091	0.0909091	0.0909091	0.0909091	0.0909091	0.0909091	0.0909091	0.0909091	0.0909091	
7.99552e-05	0.971056	0.0238267	0.00183897	0.000959463	7.99552e-05	0.000959463	7.99552e-05	7.99552e-05	7.99552e-05	0.000959463	
0.00181818	0.521818	0.381818	0.0618182	0.00181818	0.0218182	0.00181818	0.00181818	0.00181818	0.00181818	0.00181818	
0.012987	0.298701	0.298701	0.155844	0.155844	0.012987	0.012987	0.012987	0.012987	0.012987	0.012987	
0.0227273	0.522727	0.0227273	0.0227273	0.272727	0.0227273	0.0227273	0.0227273	0.0227273	0.0227273	0.0227273	
0.0454545	0.0454545	0.0454545	0.0454545	0.0454545	0.0454545	0.545455	0.0454545	0.0454545	0.0454545	0.0454545	
0.030303	0.69697	0.030303	0.030303	0.030303	0.030303	0.030303	0.030303	0.030303	0.030303	0.030303	
0.0909091	0.0909091	0.0909091	0.0909091	0.0909091	0.0909091	0.0909091	0.0909091	0.0909091	0.0909091	0.0909091	
0.0909091	0.0909091	0.0909091	0.0909091	0.0909091	0.0909091	0.0909091	0.0909091	0.0909091	0.0909091	0.0909091	
0.0909091	0.0909091	0.0909091	0.0909091	0.0909091	0.0909091	0.0909091	0.0909091	0.0909091	0.0909091	0.0909091	
0.0454545	0.0454545	0.545455	0.0454545	0.0454545	0.0454545	0.0454545	0.0454545	0.0454545	0.0454545	0.0454545	


Matrix B :

0.0909091	0.0909091	0.0909091	0.0909091	0.0909091	0.0909091	0.0909091	0.0909091	0.0909091	0.0909091	0.0909091	
7.61383e-05	0.412974	0.365235	0.15083	0.0494899	0.0185016	7.61383e-05	0.0025887	7.61383e-05	7.61383e-05	7.61383e-05	
0.00174825	0.020979	0.174825	0.194056	0.251748	0.232517	0.0402098	0.0594406	0.020979	0.00174825	0.00174825	
0.012987	0.155844	0.012987	0.012987	0.155844	0.012987	0.298701	0.012987	0.155844	0.012987	0.155844	
0.0227273	0.0227273	0.522727	0.272727	0.0227273	0.0227273	0.0227273	0.0227273	0.0227273	0.0227273	0.0227273	
0.0454545	0.0454545	0.0454545	0.0454545	0.0454545	0.545455	0.0454545	0.0454545	0.0454545	0.0454545	0.0454545	
0.030303	0.030303	0.030303	0.363636	0.030303	0.030303	0.363636	0.030303	0.030303	0.030303	0.030303	
0.0909091	0.0909091	0.0909091	0.0909091	0.0909091	0.0909091	0.0909091	0.0909091	0.0909091	0.0909091	0.0909091	
0.0909091	0.0909091	0.0909091	0.0909091	0.0909091	0.0909091	0.0909091	0.0909091	0.0909091	0.0909091	0.0909091	
0.0909091	0.0909091	0.0909091	0.0909091	0.0909091	0.0909091	0.0909091	0.0909091	0.0909091	0.0909091	0.0909091	
0.030303	0.030303	0.030303	0.69697	0.030303	0.030303	0.030303	0.030303	0.030303	0.030303	0.030303	


Vector Pi :

0.00149031	0.935917	0.0342772	0.00149031	0.00149031	0.00149031	0.00149031	0.00149031	0.00149031	0.00149031	0.0178838	


Vector Phi :

0.00082713	0.940447	0.0413565	0.00578991	0.00330852	0.00165426	0.00248139	0.00082713	0.00082713	0.00082713	0.00165426	
