
Parameters: 11 states AND 11 symbols

Matrix A :

0.0909091	0.0909091	0.0909091	0.0909091	0.0909091	0.0909091	0.0909091	0.0909091	0.0909091	0.0909091	0.0909091	
0.000208986	0.51745	0.324347	0.122048	0.030094	0.00480669	0.000208986	0.000208986	0.000208986	0.000208986	0.000208986	
0.000255363	0.399132	0.295199	0.191267	0.078907	0.0311542	0.00306435	0.000255363	0.000255363	0.000255363	0.000255363	
0.000437063	0.236014	0.298514	0.236014	0.125437	0.0725524	0.0292832	0.000437063	0.000437063	0.000437063	0.000437063	
0.000841751	0.14899	0.315657	0.250842	0.167508	0.0934343	0.010101	0.000841751	0.010101	0.000841751	0.000841751	
0.00174825	0.0402098	0.194056	0.155594	0.309441	0.194056	0.0979021	0.00174825	0.00174825	0.00174825	0.00174825	
0.00378788	0.0454545	0.0454545	0.00378788	0.212121	0.0871212	0.337121	0.170455	0.0871212	0.00378788	0.00378788	
0.0113636	0.0113636	0.136364	0.136364	0.0113636	0.0113636	0.261364	0.136364	0.261364	0.0113636	0.0113636	
0.012987	0.012987	0.155844	0.155844	0.155844	0.012987	0.012987	0.012987	0.012987	0.012987	0.441558	
0.0227273	0.0227273	0.0227273	0.0227273	0.0227273	0.0227273	0.0227273	0.272727	0.272727	0.272727	0.0227273	
0.0151515	0.0151515	0.0151515	0.0151515	0.0151515	0.0151515	0.0151515	0.181818	0.0151515	0.348485	0.348485	


Matrix B :

0.0909091	0.0909091	0.0909091	0.0909091	0.0909091	0.0909091	0.0909091	0.0909091	0.0909091	0.0909091	0.0909091	
0.000196348	0.544473	0.315531	0.0865894	0.0325938	0.00883566	0.0109955	0.000196348	0.000196348	0.000196348	0.000196348	
0.000244379	0.0459433	0.696481	0.191105	0.0459433	0.0136852	0.00562072	0.000244379	0.000244379	0.000244379	0.000244379	
0.00041511	0.00041511	0.183064	0.635118	0.1511	0.0278124	0.00041511	0.00041511	0.00041511	0.00041511	0.00041511	
0.000834028	0.000834028	0.028357	0.376981	0.413678	0.129274	0.0467056	0.000834028	0.000834028	0.000834028	0.000834028	
0.00171527	0.00171527	0.00171527	0.0960549	0.473413	0.303602	0.114923	0.00171527	0.00171527	0.00171527	0.00171527	
0.00363636	0.00363636	0.00363636	0.00363636	0.00363636	0.643636	0.203636	0.0436364	0.0836364	0.00363636	0.00363636	
0.0113636	0.0113636	0.0113636	0.0113636	0.0113636	0.0113636	0.761364	0.136364	0.0113636	0.0113636	0.0113636	
0.012987	0.012987	0.012987	0.012987	0.012987	0.012987	0.155844	0.584416	0.155844	0.012987	0.012987	
0.0227273	0.0227273	0.0227273	0.0227273	0.0227273	0.0227273	0.0227273	0.0227273	0.772727	0.0227273	0.0227273	
0.0113636	0.0113636	0.0113636	0.0113636	0.0113636	0.0113636	0.0113636	0.0113636	0.386364	0.136364	0.386364	


Vector Pi :

0.00149031	0.444113	0.263785	0.181818	0.0178838	0.0342772	0.0178838	0.00149031	0.00149031	0.00149031	0.0342772	


Vector Phi :

0.00082176	0.361448	0.294688	0.171994	0.0889422	0.0419296	0.0196594	0.00656062	0.00574497	0.00328494	0.00492584	
