
Parameters: 11 states AND 11 symbols

Matrix A :

0.090909	0.090909	0.090909	0.090909	0.090909	0.090909	0.090909	0.090909	0.090909	0.090909	0.090909	
0.000429	0.825901	0.141938	0.014580	0.009863	0.005146	0.000429	0.000429	0.000429	0.000429	0.000429	
0.000770	0.238059	0.526194	0.153313	0.051618	0.009245	0.017720	0.000770	0.000770	0.000770	0.000770	
0.001357	0.075984	0.284939	0.314790	0.180461	0.061058	0.031208	0.031208	0.016282	0.001357	0.001357	
0.001818	0.081818	0.061818	0.341818	0.281818	0.161818	0.041818	0.021818	0.001818	0.001818	0.001818	
0.002755	0.002755	0.093664	0.093664	0.245179	0.245179	0.184573	0.063361	0.063361	0.002755	0.002755	
0.003247	0.003247	0.003247	0.074675	0.146104	0.181818	0.181818	0.324675	0.003247	0.074675	0.003247	
0.003247	0.003247	0.003247	0.038961	0.074675	0.110390	0.217532	0.288961	0.146104	0.074675	0.038961	
0.006061	0.006061	0.006061	0.072727	0.006061	0.139394	0.072727	0.072727	0.272727	0.139394	0.206061	
0.005348	0.005348	0.005348	0.005348	0.005348	0.005348	0.005348	0.122995	0.122995	0.240642	0.475936	
0.002933	0.002933	0.002933	0.002933	0.035191	0.002933	0.099707	0.067449	0.035191	0.164223	0.583578	


Matrix B :

0.090909	0.090909	0.090909	0.090909	0.090909	0.090909	0.090909	0.090909	0.090909	0.090909	0.090909	
0.000404	0.178182	0.329293	0.249293	0.169293	0.040404	0.013737	0.009293	0.000404	0.009293	0.000404	
0.000751	0.033809	0.413974	0.314801	0.132983	0.058603	0.009016	0.017280	0.000751	0.000751	0.017280	
0.001318	0.001318	0.305665	0.378129	0.189723	0.088274	0.030303	0.001318	0.001318	0.001318	0.001318	
0.001715	0.001715	0.190395	0.246998	0.360206	0.152659	0.039451	0.001715	0.001715	0.001715	0.001715	
0.002674	0.002674	0.061497	0.326203	0.179144	0.149733	0.179144	0.090909	0.002674	0.002674	0.002674	
0.003030	0.036364	0.003030	0.469697	0.136364	0.103030	0.203030	0.036364	0.003030	0.003030	0.003030	
0.003135	0.003135	0.037618	0.382445	0.141066	0.072100	0.141066	0.210031	0.003135	0.003135	0.003135	
0.006061	0.006061	0.072727	0.272727	0.272727	0.139394	0.006061	0.072727	0.139394	0.006061	0.006061	
0.005348	0.005348	0.064171	0.299465	0.299465	0.064171	0.122995	0.122995	0.005348	0.005348	0.005348	
0.002525	0.002525	0.113636	0.280303	0.196970	0.196970	0.058081	0.141414	0.002525	0.002525	0.002525	


Vector Pi :

0.002933	0.390029	0.099707	0.067449	0.099707	0.035191	0.067449	0.035191	0.002933	0.035191	0.164223	


Vector Phi :

0.001604	0.367055	0.200292	0.111649	0.082481	0.053870	0.044981	0.044370	0.023467	0.024236	0.045994	
