
Parameters: 11 states AND 11 symbols

Matrix A :

0.090909	0.090909	0.090909	0.090909	0.090909	0.090909	0.090909	0.090909	0.090909	0.090909	0.090909	
0.000659	0.703557	0.210804	0.044137	0.007905	0.015152	0.000659	0.000659	0.007905	0.007905	0.000659	
0.000797	0.211324	0.535885	0.176236	0.027113	0.009569	0.009569	0.009569	0.000797	0.000797	0.018341	
0.001010	0.101010	0.212121	0.423232	0.156566	0.023232	0.045455	0.023232	0.001010	0.012121	0.001010	
0.001748	0.059441	0.020979	0.309441	0.328671	0.213287	0.020979	0.040210	0.001748	0.001748	0.001748	
0.001684	0.038721	0.020202	0.112795	0.168350	0.390572	0.131313	0.057239	0.057239	0.020202	0.001684	
0.002933	0.002933	0.035191	0.035191	0.035191	0.293255	0.260997	0.228739	0.035191	0.035191	0.035191	
0.002331	0.027972	0.002331	0.027972	0.104895	0.027972	0.181818	0.412587	0.104895	0.104895	0.002331	
0.003497	0.041958	0.003497	0.003497	0.041958	0.157343	0.003497	0.195804	0.388112	0.080420	0.080420	
0.002841	0.002841	0.002841	0.002841	0.034091	0.034091	0.065341	0.065341	0.159091	0.346591	0.284091	
0.003953	0.047431	0.047431	0.003953	0.003953	0.047431	0.003953	0.003953	0.047431	0.438735	0.351779	


Matrix B :

0.090909	0.090909	0.090909	0.090909	0.090909	0.090909	0.090909	0.090909	0.090909	0.090909	0.090909	
0.000636	0.238398	0.357279	0.231405	0.112524	0.049587	0.007629	0.000636	0.000636	0.000636	0.000636	
0.000758	0.034091	0.275758	0.400758	0.209091	0.042424	0.017424	0.017424	0.000758	0.000758	0.000758	
0.000957	0.032536	0.179904	0.316746	0.253589	0.190431	0.011483	0.011483	0.000957	0.000957	0.000957	
0.001684	0.020202	0.168350	0.205387	0.112795	0.223906	0.149832	0.020202	0.094276	0.001684	0.001684	
0.001595	0.001595	0.106858	0.159490	0.229665	0.212121	0.141946	0.071770	0.054226	0.001595	0.019139	
0.002841	0.034091	0.065341	0.065341	0.284091	0.346591	0.065341	0.096591	0.002841	0.002841	0.034091	
0.002217	0.002217	0.148559	0.075388	0.246120	0.099778	0.148559	0.050998	0.124169	0.099778	0.002217	
0.003247	0.003247	0.003247	0.110390	0.146104	0.467532	0.110390	0.074675	0.003247	0.038961	0.038961	
0.002597	0.002597	0.059740	0.031169	0.259740	0.259740	0.259740	0.116883	0.002597	0.002597	0.002597	
0.003788	0.003788	0.003788	0.045455	0.378788	0.212121	0.212121	0.128788	0.003788	0.003788	0.003788	


Vector Pi :

0.002933	0.131965	0.196481	0.196481	0.067449	0.099707	0.035191	0.067449	0.067449	0.099707	0.035191	


Vector Phi :

0.001661	0.234858	0.190774	0.147110	0.085829	0.089446	0.051251	0.064553	0.043174	0.053127	0.038217	
