
Parameters: 11 states AND 11 symbols

Matrix A :

0.0909091	0.0909091	0.0909091	0.0909091	0.0909091	0.0909091	0.0909091	0.0909091	0.0909091	0.0909091	0.0909091	
0.00027972	0.726434	0.237203	0.0341259	0.00027972	0.00027972	0.00027972	0.00027972	0.00027972	0.00027972	0.00027972	
0.000340483	0.299966	0.434797	0.228805	0.0265577	0.00783112	0.000340483	0.000340483	0.000340483	0.000340483	0.000340483	
0.000422833	0.032981	0.279493	0.42833	0.209725	0.0469345	0.000422833	0.000422833	0.000422833	0.000422833	0.000422833	
0.000606061	0.000606061	0.0739394	0.273939	0.427273	0.207273	0.00727273	0.00727273	0.000606061	0.000606061	0.000606061	
0.000777001	0.000777001	0.017871	0.0777001	0.24864	0.445221	0.180264	0.026418	0.000777001	0.000777001	0.000777001	
0.00149031	0.00149031	0.00149031	0.00149031	0.0670641	0.312966	0.460507	0.132638	0.0178838	0.00149031	0.00149031	
0.00275482	0.00275482	0.00275482	0.00275482	0.00275482	0.0936639	0.275482	0.426997	0.123967	0.0633609	0.00275482	
0.00534759	0.00534759	0.00534759	0.00534759	0.00534759	0.00534759	0.0641711	0.358289	0.475936	0.0641711	0.00534759	
0.0113636	0.0113636	0.0113636	0.0113636	0.0113636	0.0113636	0.0113636	0.0113636	0.261364	0.386364	0.261364	
0.0151515	0.0151515	0.0151515	0.0151515	0.0151515	0.0151515	0.0151515	0.0151515	0.181818	0.181818	0.515152	


Matrix B :

0.0909091	0.0909091	0.0909091	0.0909091	0.0909091	0.0909091	0.0909091	0.0909091	0.0909091	0.0909091	0.0909091	
0.000266596	0.32578	0.258331	0.22314	0.120501	0.0354572	0.0295921	0.000266596	0.0061317	0.000266596	0.000266596	
0.00032352	0.0465869	0.402459	0.256551	0.114203	0.117761	0.0359107	0.0181171	0.00744096	0.00032352	0.00032352	
0.000400481	0.000400481	0.198638	0.38366	0.233881	0.0929115	0.0532639	0.0312375	0.000400481	0.00480577	0.000400481	
0.000594177	0.000594177	0.00713012	0.28164	0.209745	0.275104	0.144385	0.0463458	0.0136661	0.020202	0.000594177	
0.000733138	0.000733138	0.000733138	0.105572	0.323314	0.29912	0.13783	0.0813783	0.0168622	0.0168622	0.0168622	
0.0013986	0.0013986	0.0013986	0.0013986	0.309091	0.201399	0.155245	0.13986	0.155245	0.0167832	0.0167832	
0.002457	0.002457	0.002457	0.002457	0.029484	0.407862	0.2457	0.191646	0.0565111	0.0565111	0.002457	
0.00534759	0.00534759	0.00534759	0.00534759	0.00534759	0.0641711	0.240642	0.122995	0.358289	0.122995	0.0641711	
0.0113636	0.0113636	0.0113636	0.0113636	0.0113636	0.0113636	0.136364	0.261364	0.136364	0.0113636	0.386364	
0.0151515	0.0151515	0.0151515	0.0151515	0.0151515	0.0151515	0.0151515	0.681818	0.181818	0.0151515	0.0151515	


Vector Pi :

0.00149031	0.280179	0.230999	0.198212	0.0506706	0.099851	0.0670641	0.0670641	0.00149031	0.00149031	0.00149031	


Vector Phi :

0.000843428	0.265883	0.22072	0.179202	0.126335	0.100351	0.0521731	0.0281472	0.0144635	0.00679622	0.005085	
