
Parameters: 11 states AND 11 symbols

Matrix A :

0.0909091	0.0909091	0.0909091	0.0909091	0.0909091	0.0909091	0.0909091	0.0909091	0.0909091	0.0909091	0.0909091	
0.000146628	0.872727	0.119501	0.00498534	0.000146628	0.00175953	0.000146628	0.000146628	0.000146628	0.000146628	0.000146628	
0.00027465	0.226861	0.640758	0.124142	0.00631695	0.00027465	0.00027465	0.00027465	0.00027465	0.00027465	0.00027465	
0.00058651	0.0134897	0.252199	0.581232	0.13607	0.0134897	0.00058651	0.00058651	0.00058651	0.00058651	0.00058651	
0.00149031	0.00149031	0.0834575	0.296572	0.542474	0.0506706	0.0178838	0.00149031	0.00149031	0.00149031	0.00149031	
0.00649351	0.00649351	0.00649351	0.149351	0.220779	0.220779	0.149351	0.149351	0.0779221	0.00649351	0.00649351	
0.00909091	0.109091	0.00909091	0.00909091	0.109091	0.409091	0.209091	0.109091	0.00909091	0.00909091	0.00909091	
0.0151515	0.0151515	0.0151515	0.0151515	0.0151515	0.0151515	0.515152	0.348485	0.0151515	0.0151515	0.0151515	
0.0454545	0.0454545	0.0454545	0.0454545	0.0454545	0.0454545	0.0454545	0.0454545	0.0454545	0.0454545	0.545455	
0.0909091	0.0909091	0.0909091	0.0909091	0.0909091	0.0909091	0.0909091	0.0909091	0.0909091	0.0909091	0.0909091	
0.0227273	0.0227273	0.0227273	0.0227273	0.0227273	0.0227273	0.272727	0.0227273	0.0227273	0.0227273	0.522727	


Matrix B :

0.0909091	0.0909091	0.0909091	0.0909091	0.0909091	0.0909091	0.0909091	0.0909091	0.0909091	0.0909091	0.0909091	
0.000139218	0.324795	0.428929	0.145622	0.0629264	0.0246415	0.010859	0.00167061	0.000139218	0.000139218	0.000139218	
0.000264271	0.00607822	0.288055	0.375264	0.218288	0.0903805	0.0206131	0.000264271	0.000264271	0.000264271	0.000264271	
0.000544366	0.000544366	0.0843767	0.258029	0.281981	0.198149	0.0664126	0.0604246	0.0125204	0.0364725	0.000544366	
0.00146628	0.00146628	0.0337243	0.195015	0.211144	0.11437	0.259531	0.0498534	0.0498534	0.0337243	0.0498534	
0.00649351	0.00649351	0.00649351	0.220779	0.220779	0.220779	0.220779	0.0779221	0.00649351	0.00649351	0.00649351	
0.00909091	0.00909091	0.00909091	0.209091	0.00909091	0.409091	0.209091	0.109091	0.00909091	0.00909091	0.00909091	
0.0151515	0.0151515	0.0151515	0.0151515	0.348485	0.348485	0.181818	0.0151515	0.0151515	0.0151515	0.0151515	
0.0454545	0.0454545	0.0454545	0.0454545	0.0454545	0.0454545	0.545455	0.0454545	0.0454545	0.0454545	0.0454545	
0.0909091	0.0909091	0.0909091	0.0909091	0.0909091	0.0909091	0.0909091	0.0909091	0.0909091	0.0909091	0.0909091	
0.0181818	0.0181818	0.0181818	0.0181818	0.0181818	0.0181818	0.218182	0.618182	0.0181818	0.0181818	0.0181818	


Vector Pi :

0.00149031	0.542474	0.214605	0.198212	0.0178838	0.00149031	0.00149031	0.00149031	0.00149031	0.00149031	0.0178838	


Vector Phi :

0.000829876	0.514523	0.274689	0.128631	0.0506224	0.0116183	0.00829876	0.00497926	0.00165975	0.000829876	0.0033195	
