
Parameters: 11 states AND 11 symbols

Matrix A :

0.0909091	0.0909091	0.0909091	0.0909091	0.0909091	0.0909091	0.0909091	0.0909091	0.0909091	0.0909091	0.0909091	
0.000157011	0.687549	0.238499	0.0623332	0.00879259	0.000157011	0.00188413	0.000157011	0.000157011	0.000157011	0.000157011	
0.000296121	0.404205	0.326029	0.185964	0.0719574	0.00355345	0.00355345	0.00355345	0.000296121	0.000296121	0.000296121	
0.000525486	0.260641	0.2433	0.312664	0.110352	0.058329	0.00630583	0.000525486	0.00630583	0.000525486	0.000525486	
0.00103306	0.0692149	0.239669	0.171488	0.285124	0.137397	0.0805785	0.00103306	0.00103306	0.0123967	0.00103306	
0.00284091	0.0965909	0.127841	0.190341	0.315341	0.0965909	0.0653409	0.0653409	0.0340909	0.00284091	0.00284091	
0.00606061	0.139394	0.0727273	0.139394	0.206061	0.206061	0.0727273	0.00606061	0.139394	0.00606061	0.00606061	
0.0227273	0.0227273	0.0227273	0.0227273	0.522727	0.0227273	0.0227273	0.0227273	0.0227273	0.0227273	0.272727	
0.0181818	0.0181818	0.0181818	0.218182	0.0181818	0.418182	0.0181818	0.0181818	0.0181818	0.218182	0.0181818	
0.030303	0.030303	0.030303	0.363636	0.030303	0.030303	0.363636	0.030303	0.030303	0.030303	0.030303	
0.0454545	0.0454545	0.0454545	0.0454545	0.545455	0.0454545	0.0454545	0.0454545	0.0454545	0.0454545	0.0454545	


Matrix B :

0.0909091	0.0909091	0.0909091	0.0909091	0.0909091	0.0909091	0.0909091	0.0909091	0.0909091	0.0909091	0.0909091	
0.000149768	0.594878	0.299985	0.0874644	0.0166242	0.000149768	0.000149768	0.000149768	0.000149768	0.000149768	0.000149768	
0.00027972	0.123357	0.661818	0.16951	0.0372028	0.00335664	0.00335664	0.00027972	0.00027972	0.00027972	0.00027972	
0.000510725	0.000510725	0.360061	0.506129	0.101634	0.0229826	0.0061287	0.000510725	0.000510725	0.000510725	0.000510725	
0.000956938	0.000956938	0.0325359	0.516746	0.327273	0.116746	0.000956938	0.000956938	0.000956938	0.000956938	0.000956938	
0.0026738	0.0026738	0.0026738	0.179144	0.532086	0.237968	0.0320856	0.0026738	0.0026738	0.0026738	0.0026738	
0.00606061	0.00606061	0.00606061	0.00606061	0.206061	0.539394	0.139394	0.0727273	0.00606061	0.00606061	0.00606061	
0.0227273	0.0227273	0.0227273	0.0227273	0.0227273	0.522727	0.272727	0.0227273	0.0227273	0.0227273	0.0227273	
0.0181818	0.0181818	0.0181818	0.0181818	0.218182	0.0181818	0.218182	0.218182	0.218182	0.0181818	0.0181818	
0.030303	0.030303	0.030303	0.030303	0.030303	0.363636	0.030303	0.030303	0.030303	0.030303	0.363636	
0.0454545	0.0454545	0.0454545	0.0454545	0.0454545	0.0454545	0.0454545	0.545455	0.0454545	0.0454545	0.0454545	


Vector Pi :

0.00149031	0.460507	0.296572	0.0834575	0.116244	0.0342772	0.00149031	0.00149031	0.00149031	0.00149031	0.00149031	


Vector Phi :

0.00082713	0.478908	0.253929	0.143093	0.0727874	0.0264682	0.0124069	0.00330852	0.00413565	0.00248139	0.00165426	
