
Parameters: 11 states AND 11 symbols

Matrix A :

0.090909	0.090909	0.090909	0.090909	0.090909	0.090909	0.090909	0.090909	0.090909	0.090909	0.090909	
0.000335	0.911775	0.081516	0.004025	0.000335	0.000335	0.000335	0.000335	0.000335	0.000335	0.000335	
0.000636	0.154482	0.692943	0.126510	0.000636	0.014622	0.007629	0.000636	0.000636	0.000636	0.000636	
0.001196	0.027512	0.251196	0.593301	0.080144	0.001196	0.014354	0.014354	0.001196	0.014354	0.001196	
0.003497	0.003497	0.041958	0.311189	0.465035	0.118881	0.041958	0.003497	0.003497	0.003497	0.003497	
0.005682	0.005682	0.005682	0.193182	0.318182	0.193182	0.193182	0.005682	0.068182	0.005682	0.005682	
0.003367	0.003367	0.003367	0.003367	0.077441	0.188552	0.521886	0.188552	0.003367	0.003367	0.003367	
0.006494	0.006494	0.006494	0.006494	0.006494	0.077922	0.435065	0.220779	0.220779	0.006494	0.006494	
0.004545	0.004545	0.004545	0.004545	0.004545	0.004545	0.004545	0.204545	0.704545	0.054545	0.004545	
0.022727	0.022727	0.022727	0.022727	0.022727	0.272727	0.022727	0.022727	0.272727	0.022727	0.272727	
0.045455	0.045455	0.045455	0.045455	0.045455	0.045455	0.045455	0.045455	0.045455	0.545455	0.045455	


Matrix B :

0.090909	0.090909	0.090909	0.090909	0.090909	0.090909	0.090909	0.090909	0.090909	0.090909	0.090909	
0.000324	0.263669	0.331284	0.171142	0.114203	0.082174	0.028793	0.007441	0.000324	0.000324	0.000324	
0.000594	0.092097	0.340463	0.262032	0.124777	0.111705	0.033274	0.033274	0.000594	0.000594	0.000594	
0.001109	0.074279	0.159645	0.245011	0.269401	0.062084	0.147450	0.037694	0.001109	0.001109	0.001109	
0.003367	0.003367	0.225589	0.114478	0.262626	0.040404	0.151515	0.114478	0.077441	0.003367	0.003367	
0.005348	0.122995	0.299465	0.181818	0.064171	0.064171	0.181818	0.064171	0.005348	0.005348	0.005348	
0.003367	0.003367	0.114478	0.114478	0.262626	0.151515	0.114478	0.151515	0.040404	0.040404	0.003367	
0.006494	0.006494	0.077922	0.006494	0.435065	0.077922	0.077922	0.077922	0.077922	0.006494	0.149351	
0.004132	0.049587	0.140496	0.004132	0.231405	0.004132	0.049587	0.004132	0.049587	0.185950	0.276860	
0.022727	0.272727	0.272727	0.022727	0.022727	0.022727	0.272727	0.022727	0.022727	0.022727	0.022727	
0.045455	0.545455	0.045455	0.045455	0.045455	0.045455	0.045455	0.045455	0.045455	0.045455	0.045455	


Vector Pi :

0.002933	0.293255	0.357771	0.196481	0.035191	0.035191	0.002933	0.002933	0.067449	0.002933	0.002933	


Vector Phi :

0.001647	0.461290	0.233574	0.124536	0.042652	0.026252	0.044319	0.022995	0.032869	0.006575	0.003291	
