
Parameters: 11 states AND 11 symbols

Matrix A :

0.045455	0.045455	0.045455	0.045455	0.045455	0.045455	0.045455	0.045455	0.045455	0.045455	0.545455	
0.000431	0.877208	0.099957	0.019388	0.000431	0.000431	0.000431	0.000431	0.000431	0.000431	0.000431	
0.000805	0.204344	0.637973	0.124698	0.027353	0.000805	0.000805	0.000805	0.000805	0.000805	0.000805	
0.001122	0.013468	0.210999	0.581369	0.136925	0.038159	0.013468	0.001122	0.001122	0.001122	0.001122	
0.001399	0.001399	0.032168	0.201399	0.616783	0.109091	0.032168	0.001399	0.001399	0.001399	0.001399	
0.002933	0.035191	0.002933	0.035191	0.260997	0.325513	0.325513	0.002933	0.002933	0.002933	0.002933	
0.002457	0.002457	0.002457	0.029484	0.029484	0.218673	0.434889	0.191646	0.083538	0.002457	0.002457	
0.004329	0.004329	0.004329	0.004329	0.051948	0.051948	0.290043	0.337662	0.194805	0.051948	0.004329	
0.003497	0.003497	0.003497	0.003497	0.003497	0.041958	0.041958	0.195804	0.580420	0.118881	0.003497	
0.009091	0.009091	0.009091	0.009091	0.009091	0.009091	0.009091	0.109091	0.209091	0.509091	0.109091	
0.363636	0.030303	0.030303	0.030303	0.030303	0.030303	0.030303	0.030303	0.363636	0.030303	0.030303	


Matrix B :

0.045455	0.045455	0.045455	0.545455	0.045455	0.045455	0.045455	0.045455	0.045455	0.045455	0.045455	
0.000408	0.202201	0.305340	0.273950	0.161843	0.027313	0.027313	0.000408	0.000408	0.000408	0.000408	
0.000764	0.051184	0.219251	0.303285	0.244461	0.118411	0.059587	0.000764	0.000764	0.000764	0.000764	
0.001057	0.001057	0.152220	0.221987	0.268499	0.210359	0.059197	0.070825	0.012685	0.001057	0.001057	
0.001337	0.001337	0.133690	0.207219	0.133690	0.148396	0.177807	0.163102	0.001337	0.016043	0.016043	
0.002841	0.002841	0.127841	0.315341	0.065341	0.252841	0.065341	0.096591	0.034091	0.002841	0.034091	
0.002457	0.002457	0.056511	0.110565	0.218673	0.137592	0.272727	0.002457	0.029484	0.029484	0.137592	
0.003953	0.003953	0.090909	0.090909	0.264822	0.351779	0.134387	0.047431	0.003953	0.003953	0.003953	
0.003367	0.003367	0.114478	0.114478	0.077441	0.151515	0.262626	0.188552	0.077441	0.003367	0.003367	
0.009091	0.009091	0.009091	0.009091	0.209091	0.009091	0.509091	0.209091	0.009091	0.009091	0.009091	
0.030303	0.030303	0.030303	0.696970	0.030303	0.030303	0.030303	0.030303	0.030303	0.030303	0.030303	


Vector Pi :

0.002933	0.390029	0.196481	0.164223	0.099707	0.035191	0.002933	0.067449	0.035191	0.002933	0.002933	


Vector Phi :

0.003336	0.351469	0.188274	0.135001	0.108372	0.051702	0.061722	0.035041	0.043389	0.016689	0.005005	
