
Parameters: 11 states AND 11 symbols

Matrix A :

0.0909091	0.0909091	0.0909091	0.0909091	0.0909091	0.0909091	0.0909091	0.0909091	0.0909091	0.0909091	0.0909091	
0.000182548	0.747171	0.21705	0.030303	0.000182548	0.00219058	0.000182548	0.00219058	0.000182548	0.000182548	0.000182548	
0.000256082	0.310115	0.496031	0.163636	0.0227913	0.00588988	0.000256082	0.000256082	0.000256082	0.000256082	0.000256082	
0.000496771	0.0606061	0.317437	0.404868	0.17536	0.0114257	0.0168902	0.0114257	0.000496771	0.000496771	0.000496771	
0.00103306	0.0237603	0.137397	0.353306	0.341942	0.137397	0.00103306	0.00103306	0.00103306	0.00103306	0.00103306	
0.00227273	0.00227273	0.0272727	0.102273	0.327273	0.427273	0.0522727	0.0522727	0.00227273	0.00227273	0.00227273	
0.010101	0.121212	0.010101	0.010101	0.232323	0.232323	0.010101	0.343434	0.010101	0.010101	0.010101	
0.00649351	0.00649351	0.00649351	0.00649351	0.00649351	0.220779	0.0779221	0.220779	0.220779	0.0779221	0.149351	
0.012987	0.012987	0.012987	0.012987	0.298701	0.012987	0.155844	0.298701	0.155844	0.012987	0.012987	
0.030303	0.030303	0.030303	0.030303	0.030303	0.030303	0.363636	0.030303	0.030303	0.030303	0.363636	
0.012987	0.012987	0.012987	0.012987	0.012987	0.012987	0.012987	0.012987	0.298701	0.155844	0.441558	


Matrix B :

0.0909091	0.0909091	0.0909091	0.0909091	0.0909091	0.0909091	0.0909091	0.0909091	0.0909091	0.0909091	0.0909091	
0.000174825	0.492483	0.425175	0.0655594	0.0117133	0.0020979	0.0020979	0.000174825	0.000174825	0.000174825	0.000174825	
0.000244379	0.0136852	0.451857	0.438416	0.0647605	0.0271261	0.00293255	0.000244379	0.000244379	0.000244379	0.000244379	
0.000461467	0.000461467	0.0512229	0.360868	0.376096	0.142593	0.0512229	0.0156899	0.000461467	0.000461467	0.000461467	
0.0010101	0.0010101	0.0010101	0.089899	0.312121	0.389899	0.145455	0.0343434	0.0232323	0.0010101	0.0010101	
0.0020202	0.0020202	0.0020202	0.0020202	0.179798	0.357576	0.379798	0.0686869	0.0020202	0.0020202	0.0020202	
0.010101	0.010101	0.010101	0.010101	0.121212	0.121212	0.454545	0.232323	0.010101	0.010101	0.010101	
0.00649351	0.00649351	0.00649351	0.00649351	0.00649351	0.00649351	0.363636	0.220779	0.292208	0.0779221	0.00649351	
0.012987	0.012987	0.012987	0.012987	0.012987	0.012987	0.012987	0.298701	0.441558	0.155844	0.012987	
0.030303	0.030303	0.030303	0.030303	0.030303	0.030303	0.030303	0.363636	0.030303	0.363636	0.030303	
0.012987	0.012987	0.012987	0.012987	0.012987	0.012987	0.012987	0.012987	0.584416	0.012987	0.298701	


Vector Pi :

0.00149031	0.378539	0.263785	0.230999	0.0342772	0.0834575	0.00149031	0.00149031	0.00149031	0.00149031	0.00149031	


Vector Phi :

0.000830915	0.411512	0.295756	0.152206	0.0731984	0.0332585	0.00748159	0.0116317	0.00581601	0.00249262	0.00581606	
