
Parameters: 11 states AND 11 symbols

Matrix A :

0.0909091	0.0909091	0.0909091	0.0909091	0.0909091	0.0909091	0.0909091	0.0909091	0.0909091	0.0909091	0.0909091	
0.000171204	0.772299	0.201678	0.0208868	0.00393768	0.000171204	0.000171204	0.000171204	0.000171204	0.000171204	0.000171204	
0.00025113	0.309643	0.530638	0.138373	0.0168257	0.00301356	0.00025113	0.00025113	0.00025113	0.00025113	0.00025113	
0.000541126	0.0422078	0.316017	0.470779	0.143398	0.0183983	0.000541126	0.00649351	0.000541126	0.000541126	0.000541126	
0.00121212	0.0145455	0.0945455	0.307879	0.374545	0.161212	0.0412121	0.00121212	0.00121212	0.00121212	0.00121212	
0.00293255	0.00293255	0.0674487	0.164223	0.325513	0.196481	0.131965	0.0674487	0.00293255	0.0351906	0.00293255	
0.00606061	0.00606061	0.00606061	0.00606061	0.206061	0.272727	0.272727	0.206061	0.00606061	0.00606061	0.00606061	
0.00649351	0.00649351	0.00649351	0.00649351	0.00649351	0.220779	0.220779	0.435065	0.0779221	0.00649351	0.00649351	
0.0227273	0.0227273	0.0227273	0.0227273	0.272727	0.0227273	0.0227273	0.272727	0.272727	0.0227273	0.0227273	
0.0454545	0.0454545	0.0454545	0.0454545	0.0454545	0.0454545	0.0454545	0.0454545	0.0454545	0.0454545	0.545455	
0.0454545	0.0454545	0.0454545	0.0454545	0.0454545	0.0454545	0.0454545	0.0454545	0.545455	0.0454545	0.0454545	


Matrix B :

0.0909091	0.0909091	0.0909091	0.0909091	0.0909091	0.0909091	0.0909091	0.0909091	0.0909091	0.0909091	0.0909091	
0.000163506	0.498365	0.347286	0.11707	0.0199477	0.00555919	0.00735775	0.00376063	0.000163506	0.000163506	0.000163506	
0.000237982	0.0290338	0.500238	0.327463	0.091861	0.0211804	0.013327	0.00547358	0.00285578	0.000237982	0.00809139	
0.000507872	0.000507872	0.039614	0.447435	0.335703	0.134586	0.0340274	0.00609446	0.000507872	0.000507872	0.000507872	
0.0011655	0.0011655	0.0011655	0.193473	0.488345	0.231935	0.0652681	0.013986	0.0011655	0.0011655	0.0011655	
0.00293255	0.00293255	0.00293255	0.00293255	0.196481	0.325513	0.422287	0.0351906	0.00293255	0.00293255	0.00293255	
0.00606061	0.00606061	0.00606061	0.00606061	0.0727273	0.406061	0.139394	0.272727	0.0727273	0.00606061	0.00606061	
0.00606061	0.00606061	0.00606061	0.00606061	0.00606061	0.00606061	0.272727	0.472727	0.0727273	0.00606061	0.139394	
0.0227273	0.0227273	0.0227273	0.0227273	0.0227273	0.272727	0.0227273	0.0227273	0.0227273	0.0227273	0.522727	
0.0454545	0.0454545	0.0454545	0.0454545	0.0454545	0.0454545	0.0454545	0.0454545	0.545455	0.0454545	0.0454545	
0.0454545	0.0454545	0.0454545	0.0454545	0.0454545	0.0454545	0.0454545	0.545455	0.0454545	0.0454545	0.0454545	


Vector Pi :

0.00149031	0.411326	0.329359	0.165425	0.0506706	0.0178838	0.00149031	0.0178838	0.00149031	0.00149031	0.00149031	


Vector Phi :

0.000812585	0.441854	0.30124	0.140418	0.0615919	0.0243423	0.0120412	0.0112607	0.00323022	0.00159782	0.00161149	
