
Parameters: 11 states AND 11 symbols

Matrix A :

0.090909	0.090909	0.090909	0.090909	0.090909	0.090909	0.090909	0.090909	0.090909	0.090909	0.090909	
0.000380	0.920882	0.071510	0.004564	0.000380	0.000380	0.000380	0.000380	0.000380	0.000380	0.000380	
0.000575	0.108170	0.791715	0.082854	0.006904	0.006904	0.000575	0.000575	0.000575	0.000575	0.000575	
0.002392	0.002392	0.318182	0.397129	0.212919	0.002392	0.055024	0.002392	0.002392	0.002392	0.002392	
0.002933	0.002933	0.035191	0.228739	0.454545	0.228739	0.002933	0.002933	0.035191	0.002933	0.002933	
0.003247	0.038961	0.038961	0.074675	0.253247	0.324675	0.217532	0.038961	0.003247	0.003247	0.003247	
0.002674	0.002674	0.002674	0.002674	0.002674	0.149733	0.649733	0.120321	0.032086	0.032086	0.002674	
0.006061	0.006061	0.006061	0.006061	0.006061	0.139394	0.139394	0.472727	0.206061	0.006061	0.006061	
0.006494	0.006494	0.006494	0.006494	0.006494	0.220779	0.077922	0.149351	0.149351	0.292208	0.077922	
0.003953	0.003953	0.003953	0.003953	0.003953	0.003953	0.003953	0.003953	0.221344	0.569170	0.177866	
0.004785	0.004785	0.004785	0.004785	0.004785	0.004785	0.004785	0.004785	0.057416	0.215311	0.688995	


Matrix B :

0.090909	0.090909	0.090909	0.090909	0.090909	0.090909	0.090909	0.090909	0.090909	0.090909	0.090909	
0.000367	0.141496	0.238270	0.310850	0.193915	0.081012	0.012463	0.004399	0.004399	0.004399	0.008431	
0.000541	0.042208	0.464827	0.131494	0.048160	0.113636	0.071970	0.042208	0.042208	0.018398	0.024351	
0.002114	0.002114	0.257928	0.234672	0.141649	0.118393	0.048626	0.118393	0.025370	0.002114	0.048626	
0.002755	0.002755	0.063361	0.457300	0.214876	0.033058	0.033058	0.002755	0.063361	0.063361	0.063361	
0.003247	0.003247	0.003247	0.146104	0.396104	0.003247	0.146104	0.074675	0.038961	0.146104	0.038961	
0.002674	0.002674	0.002674	0.208556	0.355615	0.149733	0.120321	0.002674	0.032086	0.032086	0.090909	
0.005348	0.005348	0.005348	0.358289	0.122995	0.005348	0.064171	0.005348	0.122995	0.064171	0.240642	
0.006494	0.006494	0.006494	0.220779	0.149351	0.006494	0.149351	0.220779	0.220779	0.006494	0.006494	
0.003788	0.003788	0.003788	0.128788	0.045455	0.003788	0.170455	0.253788	0.378788	0.003788	0.003788	
0.004545	0.004545	0.004545	0.204545	0.054545	0.104545	0.154545	0.204545	0.054545	0.204545	0.004545	


Vector Pi :

0.002933	0.293255	0.357771	0.131965	0.067449	0.002933	0.002933	0.067449	0.002933	0.035191	0.035191	


Vector Phi :

0.001706	0.391727	0.258105	0.066229	0.053447	0.048087	0.058562	0.025800	0.024083	0.039570	0.032683	
