
Parameters: 11 states AND 11 symbols

Matrix A :

0.0909091	0.0909091	0.0909091	0.0909091	0.0909091	0.0909091	0.0909091	0.0909091	0.0909091	0.0909091	0.0909091	
0.000111	0.909757	0.0721501	0.014763	0.001332	0.000111	0.000111	0.000111	0.001332	0.000111	0.000111	
0.0004914	0.314005	0.541032	0.0977887	0.0167076	0.022113	0.00589681	0.0004914	0.0004914	0.0004914	0.0004914	
0.00126263	0.167929	0.320707	0.237374	0.15404	0.084596	0.00126263	0.0151515	0.00126263	0.0151515	0.00126263	
0.00284091	0.0340909	0.00284091	0.471591	0.284091	0.0965909	0.0653409	0.00284091	0.00284091	0.00284091	0.0340909	
0.0034965	0.0034965	0.041958	0.195804	0.157343	0.234266	0.195804	0.157343	0.0034965	0.0034965	0.0034965	
0.00454545	0.0545455	0.0545455	0.0545455	0.154545	0.204545	0.304545	0.104545	0.0545455	0.00454545	0.00454545	
0.00478469	0.00478469	0.00478469	0.110048	0.00478469	0.0574163	0.162679	0.373206	0.110048	0.110048	0.0574163	
0.0113636	0.136364	0.0113636	0.0113636	0.0113636	0.136364	0.136364	0.386364	0.0113636	0.136364	0.0113636	
0.010101	0.010101	0.010101	0.121212	0.010101	0.010101	0.121212	0.010101	0.121212	0.232323	0.343434	
0.00649351	0.00649351	0.00649351	0.00649351	0.00649351	0.00649351	0.00649351	0.0779221	0.149351	0.149351	0.577922	


Matrix B :

0.0909091	0.0909091	0.0909091	0.0909091	0.0909091	0.0909091	0.0909091	0.0909091	0.0909091	0.0909091	0.0909091	
0.000106326	0.419989	0.380223	0.138118	0.0457204	0.0129718	0.00244551	0.000106326	0.000106326	0.000106326	0.000106326	
0.000459137	0.0509642	0.379247	0.338843	0.131772	0.0863177	0.0105601	0.000459137	0.000459137	0.000459137	0.000459137	
0.00118064	0.00118064	0.273908	0.247934	0.312869	0.0920897	0.0531287	0.0141677	0.00118064	0.00118064	0.00118064	
0.00284091	0.00284091	0.127841	0.284091	0.284091	0.190341	0.0965909	0.00284091	0.00284091	0.00284091	0.00284091	
0.0031348	0.0031348	0.0376176	0.141066	0.31348	0.141066	0.175549	0.175549	0.0031348	0.0031348	0.0031348	
0.00413223	0.00413223	0.00413223	0.0950413	0.367769	0.322314	0.0950413	0.0950413	0.00413223	0.00413223	0.00413223	
0.00454545	0.00454545	0.00454545	0.154545	0.104545	0.254545	0.0545455	0.204545	0.104545	0.104545	0.00454545	
0.0113636	0.0113636	0.0113636	0.0113636	0.136364	0.261364	0.136364	0.136364	0.136364	0.136364	0.0113636	
0.010101	0.010101	0.010101	0.121212	0.121212	0.010101	0.343434	0.010101	0.121212	0.232323	0.010101	
0.00649351	0.00649351	0.00649351	0.00649351	0.00649351	0.363636	0.149351	0.149351	0.0779221	0.0779221	0.149351	


Vector Pi :

0.00149031	0.591654	0.214605	0.0834575	0.00149031	0.0506706	0.0342772	0.0178838	0.00149031	0.00149031	0.00149031	


Vector Phi :

0.000829877	0.679668	0.153527	0.0597511	0.026556	0.0215768	0.0165975	0.0157677	0.00663902	0.0074689	0.0116183	
