
Parameters: 11 states AND 11 symbols

Matrix A :

0.0909091	0.0909091	0.0909091	0.0909091	0.0909091	0.0909091	0.0909091	0.0909091	0.0909091	0.0909091	0.0909091	
9.06372e-05	0.924318	0.0698813	0.00507568	9.06372e-05	9.06372e-05	9.06372e-05	9.06372e-05	9.06372e-05	9.06372e-05	9.06372e-05	
0.000622665	0.486924	0.384184	0.0896638	0.0143213	0.0143213	0.000622665	0.000622665	0.000622665	0.000622665	0.00747198	
0.0026738	0.149733	0.44385	0.237968	0.149733	0.0026738	0.0026738	0.0026738	0.0026738	0.0026738	0.0026738	
0.00826446	0.00826446	0.190083	0.46281	0.190083	0.00826446	0.0991736	0.00826446	0.00826446	0.00826446	0.00826446	
0.0227273	0.0227273	0.272727	0.272727	0.0227273	0.0227273	0.0227273	0.0227273	0.272727	0.0227273	0.0227273	
0.030303	0.030303	0.363636	0.030303	0.363636	0.030303	0.030303	0.030303	0.030303	0.030303	0.030303	
0.0909091	0.0909091	0.0909091	0.0909091	0.0909091	0.0909091	0.0909091	0.0909091	0.0909091	0.0909091	0.0909091	
0.0454545	0.0454545	0.0454545	0.0454545	0.0454545	0.545455	0.0454545	0.0454545	0.0454545	0.0454545	0.0454545	
0.0909091	0.0909091	0.0909091	0.0909091	0.0909091	0.0909091	0.0909091	0.0909091	0.0909091	0.0909091	0.0909091	
0.030303	0.030303	0.030303	0.030303	0.030303	0.030303	0.363636	0.030303	0.030303	0.030303	0.363636	


Matrix B :

0.0909091	0.0909091	0.0909091	0.0909091	0.0909091	0.0909091	0.0909091	0.0909091	0.0909091	0.0909091	0.0909091	
8.60882e-05	0.137397	0.308798	0.266185	0.164859	0.0730028	0.0360709	0.00576791	0.00671488	0.00103306	8.60882e-05	
0.000602047	0.00722456	0.17941	0.119807	0.23239	0.23239	0.133052	0.0602047	0.0270921	0.00722456	0.000602047	
0.0026738	0.0026738	0.0320856	0.179144	0.0026738	0.179144	0.179144	0.26738	0.120321	0.0320856	0.0026738	
0.00699301	0.00699301	0.00699301	0.160839	0.0839161	0.00699301	0.00699301	0.237762	0.0839161	0.391608	0.00699301	
0.0227273	0.0227273	0.0227273	0.272727	0.0227273	0.272727	0.272727	0.0227273	0.0227273	0.0227273	0.0227273	
0.030303	0.030303	0.030303	0.030303	0.030303	0.030303	0.030303	0.363636	0.030303	0.030303	0.363636	
0.0909091	0.0909091	0.0909091	0.0909091	0.0909091	0.0909091	0.0909091	0.0909091	0.0909091	0.0909091	0.0909091	
0.0454545	0.0454545	0.0454545	0.0454545	0.0454545	0.545455	0.0454545	0.0454545	0.0454545	0.0454545	0.0454545	
0.0909091	0.0909091	0.0909091	0.0909091	0.0909091	0.0909091	0.0909091	0.0909091	0.0909091	0.0909091	0.0909091	
0.030303	0.030303	0.030303	0.030303	0.030303	0.030303	0.030303	0.030303	0.030303	0.363636	0.363636	


Vector Pi :

0.00149031	0.853949	0.0834575	0.0178838	0.0342772	0.00149031	0.00149031	0.00149031	0.00149031	0.00149031	0.00149031	


Vector Phi :

0.000812015	0.832312	0.119927	0.0267501	0.00879779	0.00326955	0.00242853	0.000812015	0.0016294	0.000812015	0.00245015	
