
Parameters: 11 states AND 11 symbols

Matrix A :

0.045455	0.045455	0.045455	0.045455	0.045455	0.045455	0.045455	0.045455	0.045455	0.045455	0.545455	
0.000461	0.721274	0.178126	0.051223	0.010614	0.005538	0.010614	0.005538	0.005538	0.005538	0.005538	
0.000858	0.349914	0.312178	0.151801	0.104631	0.019726	0.029160	0.019726	0.010292	0.000858	0.000858	
0.001181	0.118064	0.247934	0.299882	0.157025	0.092090	0.014168	0.014168	0.040142	0.014168	0.001181	
0.001443	0.064935	0.160173	0.255411	0.303030	0.112554	0.033189	0.017316	0.033189	0.017316	0.001443	
0.002933	0.002933	0.035191	0.067449	0.325513	0.196481	0.131965	0.131965	0.067449	0.035191	0.002933	
0.003247	0.003247	0.110390	0.146104	0.146104	0.146104	0.146104	0.074675	0.146104	0.074675	0.003247	
0.003367	0.077441	0.040404	0.040404	0.040404	0.040404	0.225589	0.188552	0.151515	0.077441	0.114478	
0.002841	0.002841	0.002841	0.065341	0.034091	0.034091	0.096591	0.284091	0.315341	0.096591	0.065341	
0.004329	0.004329	0.004329	0.051948	0.051948	0.051948	0.051948	0.051948	0.242424	0.385281	0.099567	
0.051948	0.099567	0.147186	0.004329	0.051948	0.004329	0.051948	0.004329	0.004329	0.051948	0.528139	


Matrix B :

0.045455	0.045455	0.045455	0.045455	0.045455	0.045455	0.545455	0.045455	0.045455	0.045455	0.045455	
0.000439	0.314449	0.275801	0.213000	0.111550	0.034256	0.019763	0.014932	0.005270	0.010101	0.000439	
0.000819	0.117936	0.334152	0.180999	0.226044	0.090909	0.036855	0.000819	0.009828	0.000819	0.000819	
0.001151	0.039125	0.266974	0.216341	0.266974	0.153049	0.039125	0.001151	0.013809	0.001151	0.001151	
0.001377	0.061983	0.092287	0.198347	0.274105	0.183196	0.077135	0.092287	0.016529	0.001377	0.001377	
0.002674	0.032086	0.179144	0.149733	0.120321	0.208556	0.120321	0.120321	0.032086	0.002674	0.032086	
0.003135	0.037618	0.072100	0.003135	0.175549	0.175549	0.313480	0.037618	0.141066	0.037618	0.003135	
0.003030	0.036364	0.103030	0.136364	0.169697	0.069697	0.069697	0.169697	0.036364	0.103030	0.103030	
0.002674	0.032086	0.032086	0.061497	0.179144	0.149733	0.179144	0.120321	0.061497	0.061497	0.120321	
0.004329	0.004329	0.099567	0.004329	0.099567	0.099567	0.194805	0.051948	0.194805	0.147186	0.099567	
0.004132	0.004132	0.140496	0.049587	0.231405	0.276860	0.185950	0.049587	0.004132	0.049587	0.004132	


Vector Pi :

0.002933	0.325513	0.164223	0.099707	0.099707	0.099707	0.035191	0.099707	0.035191	0.002933	0.035191	


Vector Phi :

0.003359	0.323760	0.174114	0.124890	0.103791	0.051190	0.046818	0.045599	0.055667	0.035319	0.035493	
