
Parameters: 11 states AND 11 symbols

Matrix A :

0.090909	0.090909	0.090909	0.090909	0.090909	0.090909	0.090909	0.090909	0.090909	0.090909	0.090909	
0.000751	0.604057	0.215627	0.124718	0.033809	0.000751	0.009016	0.000751	0.009016	0.000751	0.000751	
0.000842	0.269360	0.417508	0.213805	0.065657	0.010101	0.019360	0.000842	0.000842	0.000842	0.000842	
0.000819	0.072891	0.262080	0.406224	0.171990	0.054873	0.009828	0.000819	0.018837	0.000819	0.000819	
0.001122	0.062851	0.050505	0.260382	0.408530	0.112233	0.075196	0.013468	0.013468	0.001122	0.001122	
0.001976	0.023715	0.067194	0.088933	0.262846	0.328063	0.175889	0.045455	0.001976	0.001976	0.001976	
0.002392	0.055024	0.002392	0.028708	0.081340	0.265550	0.291866	0.160287	0.055024	0.028708	0.028708	
0.004132	0.049587	0.004132	0.004132	0.049587	0.095041	0.276860	0.231405	0.276860	0.004132	0.004132	
0.003030	0.003030	0.003030	0.003030	0.003030	0.069697	0.069697	0.136364	0.436364	0.236364	0.036364	
0.004785	0.004785	0.004785	0.004785	0.057416	0.004785	0.004785	0.110048	0.215311	0.373206	0.215311	
0.003953	0.047431	0.003953	0.047431	0.003953	0.003953	0.003953	0.047431	0.003953	0.134387	0.699605	


Matrix B :

0.090909	0.090909	0.090909	0.090909	0.090909	0.090909	0.090909	0.090909	0.090909	0.090909	0.090909	
0.000722	0.310245	0.421356	0.159452	0.064214	0.032468	0.008658	0.000722	0.000722	0.000722	0.000722	
0.000797	0.018341	0.342903	0.263955	0.237640	0.132376	0.000797	0.000797	0.000797	0.000797	0.000797	
0.000770	0.000770	0.204160	0.297381	0.246533	0.195686	0.051618	0.000770	0.000770	0.000770	0.000770	
0.001045	0.001045	0.081505	0.253918	0.207941	0.265413	0.173459	0.012539	0.001045	0.001045	0.001045	
0.001934	0.001934	0.001934	0.299807	0.257253	0.214700	0.023211	0.065764	0.129594	0.001934	0.001934	
0.028708	0.002392	0.028708	0.186603	0.344498	0.239234	0.028708	0.028708	0.055024	0.028708	0.028708	
0.003953	0.003953	0.003953	0.134387	0.177866	0.264822	0.308300	0.090909	0.003953	0.003953	0.003953	
0.002933	0.002933	0.002933	0.002933	0.196481	0.390029	0.164223	0.228739	0.002933	0.002933	0.002933	
0.004545	0.004545	0.004545	0.004545	0.254545	0.554545	0.154545	0.004545	0.004545	0.004545	0.004545	
0.003636	0.003636	0.003636	0.043636	0.243636	0.323636	0.123636	0.123636	0.043636	0.003636	0.083636	


Vector Pi :

0.002933	0.164223	0.196481	0.228739	0.196481	0.035191	0.002933	0.035191	0.035191	0.035191	0.067449	


Vector Phi :

0.001667	0.201667	0.180000	0.185000	0.135000	0.076667	0.063333	0.036667	0.050000	0.031667	0.038333	
