
Parameters: 11 states AND 11 symbols

Matrix A :

0.0909091	0.0909091	0.0909091	0.0909091	0.0909091	0.0909091	0.0909091	0.0909091	0.0909091	0.0909091	0.0909091	
0.000157011	0.853352	0.134872	0.00879259	0.000157011	0.000157011	0.000157011	0.000157011	0.000157011	0.000157011	0.00188413	
0.000251826	0.213548	0.678922	0.0944347	0.00856208	0.00302191	0.000251826	0.000251826	0.000251826	0.000251826	0.000251826	
0.000745156	0.0499255	0.28763	0.476155	0.16468	0.00894188	0.000745156	0.000745156	0.00894188	0.000745156	0.000745156	
0.0012285	0.0012285	0.0282555	0.298526	0.568796	0.0823096	0.014742	0.0012285	0.0012285	0.0012285	0.0012285	
0.00413223	0.00413223	0.00413223	0.0495868	0.322314	0.413223	0.140496	0.00413223	0.0495868	0.00413223	0.00413223	
0.0151515	0.0151515	0.0151515	0.0151515	0.0151515	0.515152	0.181818	0.181818	0.0151515	0.0151515	0.0151515	
0.030303	0.030303	0.030303	0.030303	0.363636	0.363636	0.030303	0.030303	0.030303	0.030303	0.030303	
0.0151515	0.0151515	0.0151515	0.0151515	0.0151515	0.0151515	0.0151515	0.0151515	0.515152	0.181818	0.181818	
0.00757576	0.0909091	0.00757576	0.00757576	0.00757576	0.00757576	0.00757576	0.0909091	0.00757576	0.590909	0.174242	
0.00649351	0.00649351	0.00649351	0.0779221	0.00649351	0.00649351	0.00649351	0.00649351	0.00649351	0.220779	0.649351	


Matrix B :

0.0909091	0.0909091	0.0909091	0.0909091	0.0909091	0.0909091	0.0909091	0.0909091	0.0909091	0.0909091	0.0909091	
0.000148302	0.230165	0.354145	0.239953	0.122497	0.0393	0.00993623	0.00177962	0.00177962	0.000148302	0.000148302	
0.000242424	0.00824242	0.104242	0.269576	0.274909	0.168242	0.0989091	0.0615758	0.0109091	0.00290909	0.000242424	
0.000699301	0.00839161	0.0545455	0.123776	0.231469	0.36993	0.146853	0.0391608	0.0237762	0.000699301	0.000699301	
0.00118064	0.00118064	0.0141677	0.0661157	0.260921	0.247934	0.144038	0.131051	0.0920897	0.0401417	0.00118064	
0.00413223	0.00413223	0.00413223	0.00413223	0.0495868	0.322314	0.140496	0.140496	0.140496	0.00413223	0.18595	
0.0151515	0.0151515	0.0151515	0.0151515	0.0151515	0.0151515	0.348485	0.0151515	0.181818	0.0151515	0.348485	
0.030303	0.030303	0.030303	0.363636	0.030303	0.030303	0.363636	0.030303	0.030303	0.030303	0.030303	
0.0151515	0.0151515	0.0151515	0.181818	0.515152	0.0151515	0.181818	0.0151515	0.0151515	0.0151515	0.0151515	
0.00757576	0.00757576	0.00757576	0.0909091	0.424242	0.0909091	0.174242	0.174242	0.00757576	0.00757576	0.00757576	
0.00606061	0.0727273	0.0727273	0.0727273	0.139394	0.139394	0.139394	0.139394	0.206061	0.00606061	0.00606061	


Vector Pi :

0.00149031	0.558867	0.230999	0.132638	0.0506706	0.00149031	0.00149031	0.00149031	0.00149031	0.00149031	0.0178838	


Vector Phi :

0.000833338	0.482499	0.300833	0.101667	0.0616669	0.0183334	0.00500003	0.00250002	0.00500003	0.0100001	0.0116668	
