
Parameters: 11 states AND 11 symbols

Matrix A :

0.0909091	0.0909091	0.0909091	0.0909091	0.0909091	0.0909091	0.0909091	0.0909091	0.0909091	0.0909091	0.0909091	
0.000246366	0.778024	0.187238	0.0137965	0.0137965	0.000246366	0.000246366	0.00566642	0.000246366	0.000246366	0.000246366	
0.000329381	0.243083	0.543808	0.14888	0.0401845	0.0111989	0.00757576	0.000329381	0.000329381	0.000329381	0.00395257	
0.000531632	0.0531632	0.26369	0.497608	0.152578	0.0297714	0.000531632	0.000531632	0.000531632	0.000531632	0.000531632	
0.000699301	0.0160839	0.0391608	0.223776	0.485315	0.185315	0.0391608	0.00839161	0.000699301	0.000699301	0.000699301	
0.00110865	0.0133038	0.037694	0.0620843	0.245011	0.415743	0.184035	0.0133038	0.0254989	0.00110865	0.00110865	
0.0015674	0.0360502	0.0188088	0.0360502	0.0705329	0.191223	0.432602	0.208464	0.0015674	0.0015674	0.0015674	
0.0030303	0.0030303	0.0363636	0.0363636	0.0030303	0.10303	0.236364	0.30303	0.236364	0.0363636	0.0030303	
0.002331	0.002331	0.027972	0.027972	0.002331	0.027972	0.0536131	0.0792541	0.540793	0.156177	0.0792541	
0.003367	0.003367	0.003367	0.003367	0.003367	0.003367	0.040404	0.0774411	0.299663	0.447811	0.114478	
0.00534759	0.00534759	0.00534759	0.00534759	0.00534759	0.00534759	0.00534759	0.00534759	0.00534759	0.417112	0.534759	


Matrix B :

0.0909091	0.0909091	0.0909091	0.0909091	0.0909091	0.0909091	0.0909091	0.0909091	0.0909091	0.0909091	0.0909091	
0.000238607	0.302076	0.38869	0.136722	0.0816034	0.0711047	0.0107373	0.00548795	0.000238607	0.00286328	0.000238607	
0.00031027	0.0480918	0.355259	0.348433	0.181198	0.0412659	0.0173751	0.00713621	0.00031027	0.00031027	0.00031027	
0.000494071	0.000494071	0.22332	0.283103	0.22332	0.103755	0.0385375	0.0548419	0.0439723	0.0222332	0.00592885	
0.000683527	0.000683527	0.188653	0.233766	0.166097	0.188653	0.120984	0.0232399	0.0382775	0.00820232	0.0307587	
0.00106952	0.0245989	0.106952	0.365775	0.142246	0.118717	0.118717	0.0363636	0.0363636	0.0481283	0.00106952	
0.00146628	0.0175953	0.162757	0.227273	0.211144	0.0337243	0.0982405	0.0659824	0.0982405	0.0821114	0.00146628	
0.00284091	0.00284091	0.0965909	0.0965909	0.0965909	0.252841	0.0653409	0.0653409	0.127841	0.0965909	0.0965909	
0.0021645	0.025974	0.121212	0.168831	0.0735931	0.145022	0.168831	0.121212	0.0974026	0.025974	0.0497835	
0.0031348	0.0031348	0.141066	0.210031	0.141066	0.210031	0.175549	0.0721003	0.0376176	0.0031348	0.0031348	
0.00505051	0.00505051	0.0606061	0.0606061	0.116162	0.116162	0.505051	0.116162	0.00505051	0.00505051	0.00505051	


Vector Pi :

0.00149031	0.198212	0.280179	0.230999	0.0506706	0.0506706	0.0670641	0.0178838	0.0506706	0.0342772	0.0178838	


Vector Phi :

0.000849514	0.305315	0.228226	0.140452	0.107943	0.0688268	0.0494099	0.0267921	0.0340737	0.0234441	0.0146677	
