
Parameters: 11 states AND 11 symbols

Matrix A :

0.090909	0.090909	0.090909	0.090909	0.090909	0.090909	0.090909	0.090909	0.090909	0.090909	0.090909	
0.000217	0.801653	0.129404	0.040887	0.009787	0.002610	0.007395	0.002610	0.005002	0.000217	0.000217	
0.000928	0.511132	0.235622	0.082560	0.062152	0.031540	0.021336	0.000928	0.011132	0.021336	0.021336	
0.002331	0.438228	0.233100	0.130536	0.104895	0.053613	0.002331	0.002331	0.027972	0.002331	0.002331	
0.005051	0.338384	0.282828	0.005051	0.171717	0.060606	0.005051	0.060606	0.005051	0.005051	0.060606	
0.008264	0.280992	0.280992	0.190083	0.008264	0.099174	0.008264	0.008264	0.008264	0.008264	0.099174	
0.012987	0.441558	0.012987	0.155844	0.012987	0.155844	0.155844	0.012987	0.012987	0.012987	0.012987	
0.030303	0.030303	0.363636	0.363636	0.030303	0.030303	0.030303	0.030303	0.030303	0.030303	0.030303	
0.018182	0.218182	0.418182	0.218182	0.018182	0.018182	0.018182	0.018182	0.018182	0.018182	0.018182	
0.022727	0.522727	0.022727	0.272727	0.022727	0.022727	0.022727	0.022727	0.022727	0.022727	0.022727	
0.018182	0.218182	0.018182	0.418182	0.018182	0.018182	0.018182	0.018182	0.018182	0.218182	0.018182	


Matrix B :

0.090909	0.090909	0.090909	0.090909	0.090909	0.090909	0.090909	0.090909	0.090909	0.090909	0.090909	
0.000207	0.154752	0.350207	0.250207	0.136570	0.068388	0.029752	0.007025	0.002479	0.000207	0.000207	
0.000900	0.020702	0.218722	0.317732	0.189019	0.129613	0.050405	0.040504	0.030603	0.000900	0.000900	
0.002217	0.002217	0.148559	0.148559	0.172949	0.197339	0.172949	0.075388	0.075388	0.002217	0.002217	
0.005051	0.005051	0.060606	0.282828	0.227273	0.116162	0.116162	0.116162	0.005051	0.005051	0.060606	
0.083916	0.006993	0.006993	0.083916	0.468531	0.083916	0.160839	0.006993	0.006993	0.083916	0.006993	
0.011364	0.011364	0.011364	0.011364	0.011364	0.261364	0.011364	0.386364	0.136364	0.136364	0.011364	
0.030303	0.030303	0.030303	0.030303	0.030303	0.030303	0.363636	0.030303	0.030303	0.030303	0.363636	
0.018182	0.018182	0.018182	0.218182	0.418182	0.018182	0.218182	0.018182	0.018182	0.018182	0.018182	
0.022727	0.022727	0.022727	0.272727	0.022727	0.022727	0.272727	0.272727	0.022727	0.022727	0.022727	
0.018182	0.018182	0.018182	0.218182	0.018182	0.218182	0.218182	0.218182	0.018182	0.018182	0.018182	


Vector Pi :

0.002933	0.680352	0.099707	0.067449	0.002933	0.099707	0.035191	0.002933	0.002933	0.002933	0.002933	


Vector Phi :

0.001616	0.689482	0.160562	0.063599	0.029481	0.016193	0.011482	0.004904	0.008185	0.006494	0.008003	
