
Parameters: 11 states AND 11 symbols

Matrix A :

0.0909091	0.0909091	0.0909091	0.0909091	0.0909091	0.0909091	0.0909091	0.0909091	0.0909091	0.0909091	0.0909091	
0.000131562	0.868438	0.111564	0.0146033	0.0044731	0.000131562	0.000131562	0.000131562	0.000131562	0.000131562	0.000131562	
0.000331785	0.285003	0.558726	0.11347	0.0258792	0.00763106	0.00398142	0.000331785	0.00398142	0.000331785	0.000331785	
0.000826446	0.0735537	0.309917	0.419008	0.128099	0.0371901	0.0190083	0.000826446	0.00991736	0.000826446	0.000826446	
0.00197628	0.0237154	0.175889	0.328063	0.241107	0.15415	0.0237154	0.0237154	0.00197628	0.0237154	0.00197628	
0.0030303	0.0363636	0.0363636	0.20303	0.20303	0.369697	0.10303	0.0363636	0.0030303	0.0030303	0.0030303	
0.00649351	0.0779221	0.0779221	0.00649351	0.149351	0.292208	0.149351	0.00649351	0.149351	0.00649351	0.0779221	
0.0181818	0.0181818	0.0181818	0.0181818	0.218182	0.0181818	0.0181818	0.218182	0.418182	0.0181818	0.0181818	
0.00534759	0.00534759	0.00534759	0.0641711	0.0641711	0.0641711	0.181818	0.0641711	0.299465	0.122995	0.122995	
0.00826446	0.00826446	0.00826446	0.00826446	0.00826446	0.00826446	0.0991736	0.00826446	0.46281	0.371901	0.00826446	
0.0151515	0.0151515	0.0151515	0.0151515	0.0151515	0.0151515	0.0151515	0.0151515	0.0151515	0.515152	0.348485	


Matrix B :

0.0909091	0.0909091	0.0909091	0.0909091	0.0909091	0.0909091	0.0909091	0.0909091	0.0909091	0.0909091	0.0909091	
0.000125565	0.204545	0.352336	0.233551	0.10786	0.0553742	0.0208438	0.0139377	0.00841286	0.002888	0.000125565	
0.000312402	0.020931	0.213371	0.333646	0.227117	0.124024	0.0518588	0.0140581	0.0140581	0.000312402	0.000312402	
0.000790514	0.0181818	0.12253	0.26166	0.279051	0.105138	0.105138	0.0181818	0.0616601	0.00948617	0.0181818	
0.00197628	0.00197628	0.132411	0.306324	0.219368	0.132411	0.0454545	0.0237154	0.00197628	0.0237154	0.110672	
0.00284091	0.00284091	0.0340909	0.284091	0.409091	0.0653409	0.0965909	0.0965909	0.00284091	0.00284091	0.00284091	
0.00649351	0.00649351	0.149351	0.0779221	0.149351	0.149351	0.292208	0.149351	0.00649351	0.00649351	0.00649351	
0.0181818	0.0181818	0.0181818	0.218182	0.218182	0.218182	0.0181818	0.0181818	0.218182	0.0181818	0.0181818	
0.00505051	0.00505051	0.00505051	0.393939	0.116162	0.0606061	0.227273	0.00505051	0.0606061	0.116162	0.00505051	
0.00757576	0.00757576	0.00757576	0.0909091	0.257576	0.174242	0.00757576	0.257576	0.0909091	0.0909091	0.00757576	
0.012987	0.012987	0.012987	0.155844	0.012987	0.298701	0.441558	0.012987	0.012987	0.012987	0.012987	


Vector Pi :

0.00149031	0.558867	0.263785	0.0834575	0.00149031	0.0342772	0.00149031	0.00149031	0.0178838	0.0178838	0.0178838	


Vector Phi :

0.000833036	0.57096	0.229001	0.0916797	0.0383342	0.0250111	0.0116721	0.00416719	0.0141722	0.00916812	0.00500111	
