
Parameters: 11 states AND 11 symbols

Matrix A :

0.090909	0.090909	0.090909	0.090909	0.090909	0.090909	0.090909	0.090909	0.090909	0.090909	0.090909	
0.000173	0.941013	0.045975	0.002082	0.002082	0.002082	0.000173	0.000173	0.000173	0.002082	0.003990	
0.001748	0.444056	0.367133	0.059441	0.020979	0.040210	0.040210	0.020979	0.001748	0.001748	0.001748	
0.010101	0.232323	0.565657	0.121212	0.010101	0.010101	0.010101	0.010101	0.010101	0.010101	0.010101	
0.018182	0.418182	0.218182	0.018182	0.018182	0.018182	0.018182	0.018182	0.218182	0.018182	0.018182	
0.018182	0.218182	0.218182	0.018182	0.218182	0.018182	0.218182	0.018182	0.018182	0.018182	0.018182	
0.022727	0.272727	0.022727	0.272727	0.272727	0.022727	0.022727	0.022727	0.022727	0.022727	0.022727	
0.045455	0.045455	0.045455	0.045455	0.045455	0.545455	0.045455	0.045455	0.045455	0.045455	0.045455	
0.045455	0.045455	0.545455	0.045455	0.045455	0.045455	0.045455	0.045455	0.045455	0.045455	0.045455	
0.045455	0.045455	0.045455	0.545455	0.045455	0.045455	0.045455	0.045455	0.045455	0.045455	0.045455	
0.030303	0.363636	0.030303	0.363636	0.030303	0.030303	0.030303	0.030303	0.030303	0.030303	0.030303	


Matrix B :

0.090909	0.090909	0.090909	0.090909	0.090909	0.090909	0.090909	0.090909	0.090909	0.090909	0.090909	
0.000165	0.261508	0.359512	0.192542	0.099984	0.047352	0.021944	0.012869	0.003795	0.000165	0.000165	
0.001684	0.020202	0.057239	0.372054	0.260943	0.094276	0.075758	0.057239	0.020202	0.001684	0.038721	
0.010101	0.010101	0.010101	0.565657	0.232323	0.010101	0.010101	0.121212	0.010101	0.010101	0.010101	
0.015152	0.015152	0.181818	0.015152	0.348485	0.015152	0.015152	0.348485	0.015152	0.015152	0.015152	
0.018182	0.018182	0.018182	0.018182	0.018182	0.218182	0.218182	0.418182	0.018182	0.018182	0.018182	
0.022727	0.022727	0.272727	0.022727	0.272727	0.022727	0.272727	0.022727	0.022727	0.022727	0.022727	
0.045455	0.045455	0.045455	0.045455	0.045455	0.045455	0.045455	0.545455	0.045455	0.045455	0.045455	
0.045455	0.045455	0.045455	0.545455	0.045455	0.045455	0.045455	0.045455	0.045455	0.045455	0.045455	
0.045455	0.045455	0.045455	0.045455	0.045455	0.045455	0.045455	0.045455	0.545455	0.045455	0.045455	
0.030303	0.030303	0.030303	0.030303	0.030303	0.363636	0.030303	0.363636	0.030303	0.030303	0.030303	


Vector Pi :

0.002933	0.873900	0.067449	0.002933	0.035191	0.002933	0.002933	0.002933	0.002933	0.002933	0.002933	


Vector Phi :

0.001642	0.860427	0.085386	0.014778	0.008210	0.008210	0.006568	0.003284	0.003284	0.003284	0.004926	
