
Parameters: 11 states AND 11 symbols

Matrix A :

0.045455	0.045455	0.045455	0.045455	0.045455	0.045455	0.045455	0.045455	0.045455	0.045455	0.545455	
0.000368	0.874862	0.093485	0.012514	0.004417	0.008465	0.004417	0.000368	0.000368	0.000368	0.000368	
0.000909	0.270909	0.530909	0.160909	0.000909	0.010909	0.010909	0.010909	0.000909	0.000909	0.000909	
0.001357	0.016282	0.255088	0.508820	0.165536	0.031208	0.016282	0.001357	0.001357	0.001357	0.001357	
0.002331	0.053613	0.130536	0.233100	0.361305	0.156177	0.002331	0.053613	0.002331	0.002331	0.002331	
0.003030	0.003030	0.036364	0.069697	0.269697	0.303030	0.103030	0.103030	0.103030	0.003030	0.003030	
0.003367	0.003367	0.003367	0.003367	0.003367	0.225589	0.558923	0.151515	0.003367	0.040404	0.003367	
0.003247	0.003247	0.003247	0.038961	0.110390	0.074675	0.181818	0.360390	0.146104	0.074675	0.003247	
0.005348	0.005348	0.005348	0.064171	0.064171	0.005348	0.005348	0.240642	0.299465	0.240642	0.064171	
0.005051	0.005051	0.005051	0.005051	0.005051	0.060606	0.005051	0.116162	0.227273	0.282828	0.282828	
0.043636	0.003636	0.003636	0.003636	0.003636	0.003636	0.003636	0.043636	0.003636	0.203636	0.683636	


Matrix B :

0.045455	0.045455	0.045455	0.045455	0.545455	0.045455	0.045455	0.045455	0.045455	0.045455	0.045455	
0.000340	0.232550	0.183861	0.210078	0.146408	0.078992	0.105209	0.019067	0.011576	0.011576	0.000340	
0.000891	0.206774	0.442068	0.196970	0.040107	0.040107	0.040107	0.020499	0.000891	0.010695	0.000891	
0.001337	0.074866	0.530749	0.280749	0.030749	0.030749	0.030749	0.016043	0.001337	0.001337	0.001337	
0.002331	0.027972	0.438228	0.284382	0.156177	0.079254	0.002331	0.002331	0.002331	0.002331	0.002331	
0.002841	0.002841	0.315341	0.377841	0.127841	0.096591	0.002841	0.002841	0.002841	0.065341	0.002841	
0.003367	0.003367	0.151515	0.410774	0.299663	0.077441	0.040404	0.003367	0.003367	0.003367	0.003367	
0.003030	0.003030	0.069697	0.703030	0.136364	0.069697	0.003030	0.003030	0.003030	0.003030	0.003030	
0.005348	0.005348	0.064171	0.299465	0.122995	0.417112	0.005348	0.005348	0.005348	0.005348	0.064171	
0.004545	0.004545	0.004545	0.054545	0.404545	0.304545	0.054545	0.004545	0.004545	0.054545	0.104545	
0.003497	0.003497	0.041958	0.349650	0.195804	0.118881	0.080420	0.003497	0.003497	0.041958	0.157343	


Vector Pi :

0.002933	0.648094	0.067449	0.035191	0.002933	0.067449	0.002933	0.067449	0.002933	0.067449	0.035191	


Vector Phi :

0.003334	0.411618	0.166658	0.111668	0.065005	0.050005	0.045006	0.046675	0.028340	0.030009	0.041682	
