
Parameters: 11 states AND 11 symbols

Matrix A :

0.090909	0.090909	0.090909	0.090909	0.090909	0.090909	0.090909	0.090909	0.090909	0.090909	0.090909	
0.000280	0.920280	0.058741	0.003357	0.003357	0.000280	0.003357	0.000280	0.003357	0.003357	0.003357	
0.001280	0.297055	0.550576	0.099872	0.001280	0.015365	0.001280	0.001280	0.001280	0.015365	0.015365	
0.002217	0.026608	0.172949	0.538803	0.197339	0.026608	0.026608	0.002217	0.002217	0.002217	0.002217	
0.003497	0.003497	0.041958	0.195804	0.503497	0.195804	0.041958	0.003497	0.003497	0.003497	0.003497	
0.006061	0.072727	0.006061	0.139394	0.072727	0.272727	0.139394	0.139394	0.072727	0.006061	0.072727	
0.005682	0.068182	0.068182	0.068182	0.068182	0.130682	0.318182	0.193182	0.005682	0.068182	0.005682	
0.006993	0.006993	0.006993	0.006993	0.006993	0.083916	0.237762	0.314685	0.314685	0.006993	0.006993	
0.006061	0.072727	0.006061	0.006061	0.072727	0.006061	0.072727	0.206061	0.272727	0.206061	0.072727	
0.004785	0.004785	0.057416	0.057416	0.004785	0.004785	0.004785	0.004785	0.110048	0.425837	0.320574	
0.001567	0.001567	0.036050	0.018809	0.001567	0.001567	0.018809	0.001567	0.036050	0.070533	0.811912	


Matrix B :

0.090909	0.090909	0.090909	0.090909	0.090909	0.090909	0.090909	0.090909	0.090909	0.090909	0.090909	
0.000266	0.169856	0.304359	0.278044	0.114301	0.061669	0.044125	0.011962	0.006114	0.003190	0.006114	
0.001196	0.093301	0.238038	0.435407	0.093301	0.040670	0.040670	0.001196	0.027512	0.001196	0.027512	
0.002114	0.071882	0.374207	0.281184	0.234672	0.002114	0.025370	0.002114	0.002114	0.002114	0.002114	
0.003497	0.080420	0.157343	0.541958	0.157343	0.003497	0.041958	0.003497	0.003497	0.003497	0.003497	
0.006061	0.206061	0.139394	0.272727	0.072727	0.072727	0.072727	0.139394	0.006061	0.006061	0.006061	
0.005348	0.417112	0.240642	0.181818	0.064171	0.005348	0.005348	0.005348	0.064171	0.005348	0.005348	
0.005682	0.005682	0.068182	0.505682	0.318182	0.068182	0.005682	0.005682	0.005682	0.005682	0.005682	
0.006061	0.006061	0.139394	0.206061	0.406061	0.139394	0.072727	0.006061	0.006061	0.006061	0.006061	
0.004785	0.004785	0.057416	0.373206	0.162679	0.004785	0.215311	0.004785	0.057416	0.110048	0.004785	
0.001515	0.001515	0.084848	0.168182	0.168182	0.234848	0.101515	0.084848	0.051515	0.051515	0.051515	


Vector Pi :

0.002933	0.551320	0.164223	0.067449	0.002933	0.002933	0.035191	0.099707	0.002933	0.002933	0.067449	


Vector Phi :

0.001667	0.541647	0.118333	0.068335	0.043335	0.025001	0.026668	0.021668	0.025002	0.031669	0.096675	
