
Parameters: 11 states AND 11 symbols

Matrix A :

0.0909091	0.0909091	0.0909091	0.0909091	0.0909091	0.0909091	0.0909091	0.0909091	0.0909091	0.0909091	0.0909091	
0.000291375	0.692599	0.259907	0.041958	0.0034965	0.000291375	0.000291375	0.000291375	0.000291375	0.000291375	0.000291375	
0.000298063	0.282265	0.472429	0.226528	0.0134128	0.00357675	0.000298063	0.000298063	0.000298063	0.000298063	0.000298063	
0.000374111	0.0374111	0.28021	0.461279	0.189675	0.0291807	0.000374111	0.000374111	0.000374111	0.000374111	0.000374111	
0.000571755	0.000571755	0.0760435	0.258433	0.491138	0.145226	0.0194397	0.00686106	0.000571755	0.000571755	0.000571755	
0.00106952	0.00106952	0.00106952	0.0834225	0.295187	0.436364	0.142246	0.0363636	0.00106952	0.00106952	0.00106952	
0.00189394	0.00189394	0.00189394	0.00189394	0.0852273	0.314394	0.439394	0.126894	0.0227273	0.00189394	0.00189394	
0.00395257	0.00395257	0.00395257	0.00395257	0.00395257	0.0474308	0.438735	0.264822	0.177866	0.0474308	0.00395257	
0.00757576	0.00757576	0.00757576	0.00757576	0.00757576	0.00757576	0.0909091	0.424242	0.257576	0.174242	0.00757576	
0.010101	0.010101	0.010101	0.010101	0.010101	0.010101	0.010101	0.121212	0.343434	0.454545	0.010101	
0.030303	0.030303	0.030303	0.030303	0.030303	0.030303	0.030303	0.030303	0.030303	0.363636	0.363636	


Matrix B :

0.0909091	0.0909091	0.0909091	0.0909091	0.0909091	0.0909091	0.0909091	0.0909091	0.0909091	0.0909091	0.0909091	
0.000278862	0.359175	0.261015	0.147518	0.0892359	0.070831	0.0186838	0.0309537	0.0125488	0.00641383	0.00334635	
0.000284981	0.157025	0.326304	0.266743	0.0911941	0.0974637	0.0316329	0.0253634	0.000284981	0.000284981	0.00341978	
0.000353732	0.0431553	0.385568	0.214362	0.140432	0.148214	0.0470463	0.0159179	0.000353732	0.00424478	0.000353732	
0.000537924	0.000537924	0.213556	0.361485	0.148467	0.14255	0.0892953	0.0301237	0.000537924	0.0123722	0.000537924	
0.00104493	0.00104493	0.0125392	0.357367	0.276907	0.184953	0.0815047	0.0355277	0.0355277	0.0125392	0.00104493	
0.00178253	0.00178253	0.0213904	0.158645	0.57041	0.0998217	0.0998217	0.0213904	0.0213904	0.00178253	0.00178253	
0.00395257	0.00395257	0.00395257	0.177866	0.3083	0.264822	0.177866	0.00395257	0.00395257	0.0474308	0.00395257	
0.00699301	0.00699301	0.00699301	0.0839161	0.314685	0.0839161	0.314685	0.0839161	0.00699301	0.0839161	0.00699301	
0.00826446	0.00826446	0.00826446	0.190083	0.190083	0.371901	0.00826446	0.00826446	0.0991736	0.0991736	0.00826446	
0.030303	0.030303	0.030303	0.69697	0.030303	0.030303	0.030303	0.030303	0.030303	0.030303	0.030303	


Vector Pi :

0.00149031	0.230999	0.214605	0.230999	0.165425	0.0342772	0.0506706	0.00149031	0.0178838	0.0342772	0.0178838	


Vector Phi :

0.000757148	0.263199	0.257766	0.203737	0.132052	0.069749	0.0385054	0.0179756	0.00897831	0.00614458	0.00113572	
