
Parameters: 11 states AND 11 symbols

Matrix A :

0.0909091	0.0909091	0.0909091	0.0909091	0.0909091	0.0909091	0.0909091	0.0909091	0.0909091	0.0909091	0.0909091	
0.000161473	0.660907	0.252382	0.0623284	0.0179235	0.00371387	0.000161473	0.00193767	0.000161473	0.000161473	0.000161473	
0.00027972	0.44028	0.351049	0.151049	0.0464336	0.00951049	0.00027972	0.00027972	0.00027972	0.00027972	0.00027972	
0.000544366	0.180185	0.28797	0.305934	0.162221	0.0304845	0.0185084	0.00653239	0.00653239	0.000544366	0.000544366	
0.00110865	0.135255	0.184035	0.281596	0.184035	0.135255	0.0498891	0.0254989	0.00110865	0.00110865	0.00110865	
0.00293255	0.0997067	0.0997067	0.0674487	0.260997	0.196481	0.228739	0.00293255	0.00293255	0.0351906	0.00293255	
0.004329	0.0995671	0.0995671	0.290043	0.242424	0.147186	0.0519481	0.0519481	0.004329	0.004329	0.004329	
0.00909091	0.00909091	0.00909091	0.109091	0.109091	0.00909091	0.209091	0.309091	0.109091	0.00909091	0.109091	
0.030303	0.030303	0.030303	0.030303	0.030303	0.030303	0.030303	0.363636	0.030303	0.030303	0.363636	
0.0454545	0.0454545	0.0454545	0.0454545	0.0454545	0.0454545	0.545455	0.0454545	0.0454545	0.0454545	0.0454545	
0.0227273	0.0227273	0.0227273	0.0227273	0.0227273	0.0227273	0.522727	0.0227273	0.0227273	0.0227273	0.272727	


Matrix B :

0.0909091	0.0909091	0.0909091	0.0909091	0.0909091	0.0909091	0.0909091	0.0909091	0.0909091	0.0909091	0.0909091	
0.000153822	0.341947	0.348716	0.174435	0.0864482	0.0255345	0.0103061	0.00861406	0.000153822	0.000153822	0.00353792	
0.000266596	0.0559851	0.48707	0.305252	0.0882431	0.0442549	0.00906425	0.0061317	0.00319915	0.000266596	0.000266596	
0.000519481	0.000519481	0.211948	0.491948	0.200519	0.0862338	0.00623377	0.000519481	0.000519481	0.000519481	0.000519481	
0.00108225	0.00108225	0.012987	0.358225	0.358225	0.203463	0.0487013	0.00108225	0.012987	0.00108225	0.00108225	
0.0026738	0.0026738	0.0026738	0.237968	0.355615	0.296791	0.0614973	0.0320856	0.0026738	0.0026738	0.0026738	
0.00395257	0.00395257	0.00395257	0.0474308	0.438735	0.264822	0.134387	0.0474308	0.0474308	0.00395257	0.00395257	
0.00909091	0.00909091	0.00909091	0.00909091	0.509091	0.209091	0.109091	0.109091	0.00909091	0.00909091	0.00909091	
0.030303	0.030303	0.030303	0.030303	0.363636	0.363636	0.030303	0.030303	0.030303	0.030303	0.030303	
0.0454545	0.0454545	0.0454545	0.0454545	0.0454545	0.0454545	0.545455	0.0454545	0.0454545	0.0454545	0.0454545	
0.0181818	0.0181818	0.0181818	0.0181818	0.0181818	0.0181818	0.418182	0.218182	0.218182	0.0181818	0.0181818	


Vector Pi :

0.00149031	0.4769	0.263785	0.116244	0.0342772	0.0506706	0.0342772	0.00149031	0.00149031	0.00149031	0.0178838	


Vector Phi :

0.000829911	0.464002	0.268798	0.139322	0.0680835	0.025738	0.017448	0.00830173	0.00249435	0.00166017	0.00332204	
