
Parameters: 11 states AND 11 symbols

Matrix A :

0.0909091	0.0909091	0.0909091	0.0909091	0.0909091	0.0909091	0.0909091	0.0909091	0.0909091	0.0909091	0.0909091	
0.000170242	0.84474	0.135002	0.0151515	0.00391556	0.000170242	0.000170242	0.000170242	0.000170242	0.000170242	0.000170242	
0.000317864	0.245073	0.58773	0.147171	0.0143039	0.000317864	0.000317864	0.00381437	0.000317864	0.000317864	0.000317864	
0.000528541	0.0528541	0.250529	0.494715	0.157505	0.0295983	0.00634249	0.00634249	0.000528541	0.000528541	0.000528541	
0.0012285	0.0552826	0.0282555	0.35258	0.285012	0.190418	0.0687961	0.014742	0.0012285	0.0012285	0.0012285	
0.00178253	0.00178253	0.00178253	0.139037	0.237077	0.2959	0.256684	0.0409982	0.0213904	0.00178253	0.00178253	
0.00239234	0.00239234	0.00239234	0.0287081	0.160287	0.344498	0.26555	0.133971	0.0550239	0.00239234	0.00239234	
0.00478469	0.00478469	0.00478469	0.0574163	0.0574163	0.162679	0.267943	0.215311	0.110048	0.0574163	0.0574163	
0.00606061	0.00606061	0.00606061	0.00606061	0.00606061	0.00606061	0.206061	0.139394	0.339394	0.272727	0.00606061	
0.00826446	0.00826446	0.00826446	0.00826446	0.00826446	0.00826446	0.00826446	0.190083	0.371901	0.280992	0.0991736	
0.0227273	0.0227273	0.0227273	0.0227273	0.0227273	0.0227273	0.0227273	0.0227273	0.0227273	0.522727	0.272727	


Matrix B :

0.0909091	0.0909091	0.0909091	0.0909091	0.0909091	0.0909091	0.0909091	0.0909091	0.0909091	0.0909091	0.0909091	
0.000162628	0.297121	0.331111	0.171898	0.114653	0.0538299	0.0180517	0.00552935	0.000162628	0.00552935	0.00195154	
0.000304044	0.100638	0.401642	0.261174	0.157495	0.0504713	0.0170265	0.0103375	0.000304044	0.000304044	0.000304044	
0.000496771	0.00596125	0.180825	0.240934	0.366617	0.120715	0.0660705	0.00596125	0.0114257	0.000496771	0.000496771	
0.00118064	0.0141677	0.131051	0.22196	0.325856	0.0791027	0.118064	0.0661157	0.0401417	0.00118064	0.00118064	
0.00162338	0.00162338	0.0373377	0.287338	0.215909	0.180195	0.0909091	0.0730519	0.0551948	0.0551948	0.00162338	
0.00227273	0.00227273	0.0272727	0.202273	0.227273	0.177273	0.177273	0.102273	0.0772727	0.00227273	0.00227273	
0.00454545	0.00454545	0.00454545	0.204545	0.0545455	0.204545	0.454545	0.0545455	0.00454545	0.00454545	0.00454545	
0.00606061	0.00606061	0.00606061	0.00606061	0.139394	0.0727273	0.139394	0.339394	0.206061	0.0727273	0.00606061	
0.00826446	0.00826446	0.00826446	0.00826446	0.0991736	0.0991736	0.00826446	0.0991736	0.553719	0.0991736	0.00826446	
0.0227273	0.0227273	0.0227273	0.0227273	0.272727	0.0227273	0.0227273	0.0227273	0.272727	0.272727	0.0227273	


Vector Pi :

0.00149031	0.394933	0.214605	0.198212	0.0506706	0.0834575	0.0342772	0.0178838	0.00149031	0.00149031	0.00149031	


Vector Phi :

0.000823043	0.447426	0.237332	0.140521	0.0606757	0.0418106	0.0311686	0.0156004	0.0123177	0.00903743	0.00328761	
