
Parameters: 11 states AND 11 symbols

Matrix A :

0.0909091	0.0909091	0.0909091	0.0909091	0.0909091	0.0909091	0.0909091	0.0909091	0.0909091	0.0909091	0.0909091	
0.000168976	0.818013	0.167455	0.00946266	0.00388645	0.000168976	0.000168976	0.000168976	0.000168976	0.000168976	0.000168976	
0.000253936	0.254444	0.575673	0.151092	0.0170137	0.000253936	0.000253936	0.000253936	0.000253936	0.000253936	0.000253936	
0.000519481	0.0290909	0.320519	0.514805	0.114805	0.0176623	0.000519481	0.000519481	0.000519481	0.000519481	0.000519481	
0.0012285	0.014742	0.041769	0.298526	0.487715	0.0958231	0.041769	0.014742	0.0012285	0.0012285	0.0012285	
0.00378788	0.00378788	0.0871212	0.128788	0.295455	0.253788	0.128788	0.0871212	0.00378788	0.00378788	0.00378788	
0.00699301	0.00699301	0.00699301	0.00699301	0.0839161	0.314685	0.314685	0.160839	0.0839161	0.00699301	0.00699301	
0.00826446	0.00826446	0.00826446	0.00826446	0.0991736	0.280992	0.190083	0.190083	0.0991736	0.0991736	0.00826446	
0.0151515	0.0151515	0.0151515	0.0151515	0.0151515	0.0151515	0.0151515	0.348485	0.515152	0.0151515	0.0151515	
0.0454545	0.0454545	0.0454545	0.0454545	0.0454545	0.0454545	0.0454545	0.0454545	0.0454545	0.0454545	0.545455	
0.030303	0.030303	0.030303	0.030303	0.030303	0.030303	0.030303	0.363636	0.030303	0.030303	0.363636	


Matrix B :

0.0909091	0.0909091	0.0909091	0.0909091	0.0909091	0.0909091	0.0909091	0.0909091	0.0909091	0.0909091	0.0909091	
0.000161473	0.376716	0.430002	0.122719	0.0569998	0.00904247	0.00371387	0.000161473	0.000161473	0.000161473	0.000161473	
0.000239866	0.00815543	0.538498	0.366994	0.0556488	0.0266251	0.00287839	0.000239866	0.000239866	0.000239866	0.000239866	
0.0004914	0.0004914	0.0815725	0.632924	0.189681	0.0653563	0.0113022	0.0167076	0.0004914	0.0004914	0.0004914	
0.00119617	0.00119617	0.00119617	0.0538278	0.659091	0.238038	0.0143541	0.027512	0.00119617	0.00119617	0.00119617	
0.00378788	0.00378788	0.00378788	0.00378788	0.170455	0.587121	0.212121	0.00378788	0.00378788	0.00378788	0.00378788	
0.00649351	0.00649351	0.00649351	0.00649351	0.00649351	0.220779	0.720779	0.00649351	0.00649351	0.00649351	0.00649351	
0.00757576	0.00757576	0.00757576	0.00757576	0.00757576	0.00757576	0.174242	0.674242	0.0909091	0.00757576	0.00757576	
0.0151515	0.0151515	0.0151515	0.0151515	0.0151515	0.0151515	0.0151515	0.348485	0.515152	0.0151515	0.0151515	
0.0454545	0.0454545	0.0454545	0.0454545	0.0454545	0.0454545	0.0454545	0.0454545	0.0454545	0.545455	0.0454545	
0.030303	0.030303	0.030303	0.030303	0.030303	0.030303	0.030303	0.030303	0.030303	0.030303	0.69697	


Vector Pi :

0.00149031	0.411326	0.345753	0.165425	0.0342772	0.00149031	0.0178838	0.0178838	0.00149031	0.00149031	0.00149031	


Vector Phi :

0.000829876	0.446473	0.297095	0.145228	0.0614108	0.019917	0.0107884	0.00912863	0.00497926	0.00165975	0.00248963	
