
Parameters: 11 states AND 11 symbols

Matrix A :

0.0909091	0.0909091	0.0909091	0.0909091	0.0909091	0.0909091	0.0909091	0.0909091	0.0909091	0.0909091	0.0909091	
0.00016292	0.874715	0.122027	0.00195503	0.00016292	0.00016292	0.00016292	0.00016292	0.00016292	0.00016292	0.00016292	
0.000260485	0.192238	0.702266	0.100547	0.00312581	0.000260485	0.000260485	0.000260485	0.000260485	0.000260485	0.000260485	
0.000571755	0.0194397	0.220698	0.642081	0.101201	0.0131504	0.000571755	0.000571755	0.000571755	0.000571755	0.000571755	
0.00146628	0.00146628	0.00146628	0.324047	0.533724	0.130499	0.00146628	0.00146628	0.00146628	0.00146628	0.00146628	
0.002331	0.002331	0.002331	0.002331	0.2331	0.668998	0.0792541	0.002331	0.002331	0.002331	0.002331	
0.00909091	0.00909091	0.00909091	0.00909091	0.109091	0.209091	0.309091	0.209091	0.109091	0.00909091	0.00909091	
0.00909091	0.00909091	0.00909091	0.00909091	0.00909091	0.00909091	0.209091	0.509091	0.209091	0.00909091	0.00909091	
0.0181818	0.0181818	0.0181818	0.0181818	0.0181818	0.0181818	0.218182	0.418182	0.0181818	0.218182	0.0181818	
0.0454545	0.0454545	0.0454545	0.0454545	0.0454545	0.0454545	0.0454545	0.0454545	0.0454545	0.0454545	0.545455	
0.0181818	0.0181818	0.0181818	0.0181818	0.0181818	0.0181818	0.0181818	0.0181818	0.218182	0.0181818	0.618182	


Matrix B :

0.0909091	0.0909091	0.0909091	0.0909091	0.0909091	0.0909091	0.0909091	0.0909091	0.0909091	0.0909091	0.0909091	
0.000154083	0.232357	0.559476	0.171341	0.0340524	0.001849	0.000154083	0.000154083	0.000154083	0.000154083	0.000154083	
0.000249066	0.000249066	0.142715	0.408468	0.348194	0.0961395	0.00298879	0.000249066	0.000249066	0.000249066	0.000249066	
0.000554324	0.000554324	0.0127494	0.189579	0.171286	0.342018	0.226164	0.0554324	0.000554324	0.000554324	0.000554324	
0.00137741	0.00137741	0.00137741	0.046832	0.183196	0.152893	0.152893	0.410468	0.046832	0.00137741	0.00137741	
0.00221729	0.00221729	0.00221729	0.00221729	0.075388	0.172949	0.124169	0.197339	0.148559	0.24612	0.0266075	
0.00909091	0.00909091	0.00909091	0.00909091	0.00909091	0.209091	0.209091	0.209091	0.309091	0.00909091	0.00909091	
0.00909091	0.00909091	0.00909091	0.00909091	0.00909091	0.00909091	0.109091	0.209091	0.209091	0.309091	0.109091	
0.0151515	0.0151515	0.0151515	0.0151515	0.0151515	0.0151515	0.0151515	0.348485	0.181818	0.0151515	0.348485	
0.0454545	0.0454545	0.0454545	0.0454545	0.0454545	0.0454545	0.0454545	0.0454545	0.545455	0.0454545	0.0454545	
0.0181818	0.0181818	0.0181818	0.0181818	0.0181818	0.0181818	0.0181818	0.0181818	0.0181818	0.0181818	0.818182	


Vector Pi :

0.00149031	0.509687	0.263785	0.0834575	0.0834575	0.0342772	0.00149031	0.00149031	0.0178838	0.00149031	0.00149031	


Vector Phi :

0.00080962	0.472574	0.291856	0.129805	0.0483806	0.0308564	0.00799532	0.00803928	0.00402591	0.00161487	0.00404322	
