
Parameters: 11 states AND 11 symbols

Matrix A :

0.0909091	0.0909091	0.0909091	0.0909091	0.0909091	0.0909091	0.0909091	0.0909091	0.0909091	0.0909091	0.0909091	
0.000130993	0.902148	0.0909091	0.00589468	0.000130993	0.000130993	0.000130993	0.000130993	0.000130993	0.000130993	0.000130993	
0.000308166	0.217257	0.695223	0.0714946	0.0104777	0.003698	0.000308166	0.000308166	0.000308166	0.000308166	0.000308166	
0.000834028	0.028357	0.211843	0.65221	0.0925771	0.000834028	0.0100083	0.000834028	0.000834028	0.000834028	0.000834028	
0.0021645	0.0021645	0.0497835	0.24026	0.502165	0.145022	0.0497835	0.0021645	0.0021645	0.0021645	0.0021645	
0.00395257	0.00395257	0.0474308	0.0909091	0.264822	0.351779	0.177866	0.0474308	0.00395257	0.00395257	0.00395257	
0.00649351	0.00649351	0.00649351	0.00649351	0.0779221	0.363636	0.220779	0.220779	0.0779221	0.00649351	0.00649351	
0.00826446	0.00826446	0.00826446	0.00826446	0.00826446	0.0991736	0.280992	0.553719	0.00826446	0.00826446	0.00826446	
0.030303	0.030303	0.030303	0.030303	0.030303	0.363636	0.030303	0.030303	0.030303	0.363636	0.030303	
0.030303	0.030303	0.030303	0.030303	0.030303	0.030303	0.030303	0.030303	0.363636	0.030303	0.363636	
0.0181818	0.0181818	0.0181818	0.0181818	0.0181818	0.0181818	0.0181818	0.0181818	0.0181818	0.218182	0.618182	


Matrix B :

0.0909091	0.0909091	0.0909091	0.0909091	0.0909091	0.0909091	0.0909091	0.0909091	0.0909091	0.0909091	0.0909091	
0.000125219	0.136489	0.276985	0.216379	0.169547	0.102054	0.0359379	0.0290508	0.0138993	0.0138993	0.00563486	
0.000295159	0.042503	0.156139	0.373672	0.178867	0.16588	0.05549	0.0165289	0.00678867	0.00354191	0.000295159	
0.000757576	0.00909091	0.259091	0.375758	0.0424242	0.142424	0.100758	0.0674242	0.000757576	0.000757576	0.000757576	
0.00211416	0.00211416	0.0951374	0.513742	0.188161	0.118393	0.0718816	0.00211416	0.00211416	0.00211416	0.00211416	
0.00395257	0.00395257	0.0909091	0.177866	0.395257	0.264822	0.0474308	0.00395257	0.00395257	0.00395257	0.00395257	
0.00568182	0.00568182	0.00568182	0.00568182	0.568182	0.130682	0.193182	0.0681818	0.00568182	0.00568182	0.00568182	
0.00826446	0.00826446	0.00826446	0.00826446	0.190083	0.280992	0.280992	0.190083	0.00826446	0.00826446	0.00826446	
0.030303	0.030303	0.030303	0.030303	0.69697	0.030303	0.030303	0.030303	0.030303	0.030303	0.030303	
0.030303	0.030303	0.030303	0.030303	0.030303	0.69697	0.030303	0.030303	0.030303	0.030303	0.030303	
0.0151515	0.0151515	0.0151515	0.0151515	0.0151515	0.0151515	0.848485	0.0151515	0.0151515	0.0151515	0.0151515	


Vector Pi :

0.00149031	0.52608	0.214605	0.181818	0.0178838	0.00149031	0.0342772	0.00149031	0.00149031	0.00149031	0.0178838	


Vector Phi :

0.000833426	0.578321	0.245833	0.0908368	0.0350028	0.019169	0.0116682	0.00916815	0.00250036	0.00250038	0.00416738	
