
Parameters: 11 states AND 11 symbols

Matrix A :

0.0909091	0.0909091	0.0909091	0.0909091	0.0909091	0.0909091	0.0909091	0.0909091	0.0909091	0.0909091	0.0909091	
0.000143164	0.858411	0.137151	0.00329277	0.000143164	0.000143164	0.000143164	0.000143164	0.000143164	0.000143164	0.000143164	
0.000257533	0.241051	0.643317	0.102241	0.00875612	0.00309039	0.000257533	0.000257533	0.000257533	0.000257533	0.000257533	
0.000654022	0.0366252	0.252453	0.626553	0.0654022	0.0150425	0.000654022	0.000654022	0.000654022	0.000654022	0.000654022	
0.00221729	0.00221729	0.075388	0.221729	0.611973	0.075388	0.00221729	0.00221729	0.00221729	0.00221729	0.00221729	
0.00454545	0.00454545	0.00454545	0.104545	0.154545	0.554545	0.0545455	0.104545	0.00454545	0.00454545	0.00454545	
0.0181818	0.0181818	0.0181818	0.218182	0.0181818	0.418182	0.218182	0.0181818	0.0181818	0.0181818	0.0181818	
0.0227273	0.0227273	0.0227273	0.0227273	0.0227273	0.0227273	0.272727	0.272727	0.0227273	0.0227273	0.272727	
0.0909091	0.0909091	0.0909091	0.0909091	0.0909091	0.0909091	0.0909091	0.0909091	0.0909091	0.0909091	0.0909091	
0.0454545	0.0454545	0.0454545	0.0454545	0.0454545	0.0454545	0.545455	0.0454545	0.0454545	0.0454545	0.0454545	
0.0227273	0.0227273	0.0227273	0.0227273	0.0227273	0.0227273	0.0227273	0.0227273	0.0227273	0.272727	0.522727	


Matrix B :

0.0909091	0.0909091	0.0909091	0.0909091	0.0909091	0.0909091	0.0909091	0.0909091	0.0909091	0.0909091	0.0909091	
0.000136091	0.44325	0.348938	0.124388	0.0585193	0.0121121	0.00762112	0.0016331	0.0016331	0.0016331	0.000136091	
0.000246366	0.065287	0.547672	0.263119	0.0815472	0.0273466	0.00837645	0.00295639	0.00295639	0.000246366	0.000246366	
0.000631313	0.00757576	0.257576	0.424242	0.222854	0.0700758	0.00757576	0.000631313	0.000631313	0.000631313	0.00757576	
0.0020202	0.0020202	0.0242424	0.313131	0.224242	0.20202	0.157576	0.0242424	0.0020202	0.0242424	0.0242424	
0.00413223	0.00413223	0.00413223	0.0495868	0.413223	0.231405	0.0495868	0.00413223	0.0495868	0.0495868	0.140496	
0.0181818	0.0181818	0.0181818	0.0181818	0.218182	0.218182	0.0181818	0.418182	0.0181818	0.0181818	0.0181818	
0.0227273	0.0227273	0.0227273	0.0227273	0.522727	0.0227273	0.272727	0.0227273	0.0227273	0.0227273	0.0227273	
0.0909091	0.0909091	0.0909091	0.0909091	0.0909091	0.0909091	0.0909091	0.0909091	0.0909091	0.0909091	0.0909091	
0.0454545	0.0454545	0.0454545	0.0454545	0.0454545	0.0454545	0.545455	0.0454545	0.0454545	0.0454545	0.0454545	
0.0227273	0.0227273	0.0227273	0.0227273	0.0227273	0.0227273	0.0227273	0.772727	0.0227273	0.0227273	0.0227273	


Vector Pi :

0.00149031	0.52608	0.263785	0.099851	0.0670641	0.0342772	0.00149031	0.00149031	0.00149031	0.00149031	0.00149031	


Vector Phi :

0.000820339	0.531261	0.29248	0.112569	0.0334288	0.0163381	0.00409382	0.0032722	0.000820339	0.00163953	0.00327678	
