
Parameters: 11 states AND 11 symbols

Matrix A :

0.0909091	0.0909091	0.0909091	0.0909091	0.0909091	0.0909091	0.0909091	0.0909091	0.0909091	0.0909091	0.0909091	
0.000154607	0.850495	0.131107	0.0154607	0.00185529	0.000154607	0.000154607	0.000154607	0.000154607	0.000154607	0.000154607	
0.000284981	0.257338	0.608435	0.119407	0.00968937	0.00341978	0.000284981	0.000284981	0.000284981	0.000284981	0.000284981	
0.000631313	0.0353535	0.271465	0.500631	0.153409	0.0353535	0.000631313	0.000631313	0.000631313	0.000631313	0.000631313	
0.0012987	0.0012987	0.115584	0.301299	0.358442	0.172727	0.0441558	0.0012987	0.0012987	0.0012987	0.0012987	
0.0020202	0.0020202	0.0020202	0.0686869	0.335354	0.424242	0.113131	0.0242424	0.0242424	0.0020202	0.0020202	
0.00478469	0.00478469	0.00478469	0.00478469	0.110048	0.267943	0.425837	0.162679	0.00478469	0.00478469	0.00478469	
0.00909091	0.00909091	0.00909091	0.00909091	0.109091	0.209091	0.209091	0.309091	0.109091	0.00909091	0.00909091	
0.030303	0.030303	0.030303	0.030303	0.030303	0.030303	0.030303	0.363636	0.030303	0.030303	0.363636	
0.0454545	0.0454545	0.0454545	0.0454545	0.0454545	0.0454545	0.0454545	0.545455	0.0454545	0.0454545	0.0454545	
0.0227273	0.0227273	0.0227273	0.0227273	0.0227273	0.0227273	0.0227273	0.0227273	0.0227273	0.272727	0.522727	


Matrix B :

0.0909091	0.0909091	0.0909091	0.0909091	0.0909091	0.0909091	0.0909091	0.0909091	0.0909091	0.0909091	0.0909091	
0.000146156	0.246127	0.326513	0.213973	0.114294	0.0564163	0.0290851	0.00818474	0.00175387	0.00336159	0.000146156	
0.000270563	0.0300325	0.291937	0.300866	0.169913	0.122294	0.0508658	0.0121753	0.0151515	0.00622294	0.000270563	
0.000614251	0.000614251	0.128993	0.351966	0.277641	0.101966	0.0681818	0.0411548	0.0141278	0.0141278	0.000614251	
0.00124533	0.00124533	0.0560399	0.234122	0.35741	0.110834	0.0423412	0.0834371	0.0834371	0.0286426	0.00124533	
0.00197628	0.00197628	0.00197628	0.15415	0.284585	0.197628	0.175889	0.0237154	0.00197628	0.0671937	0.0889328	
0.00454545	0.00454545	0.00454545	0.00454545	0.00454545	0.204545	0.454545	0.154545	0.104545	0.00454545	0.0545455	
0.00909091	0.00909091	0.00909091	0.00909091	0.00909091	0.209091	0.109091	0.509091	0.109091	0.00909091	0.00909091	
0.030303	0.030303	0.030303	0.030303	0.030303	0.030303	0.030303	0.363636	0.363636	0.030303	0.030303	
0.0454545	0.0454545	0.0454545	0.0454545	0.0454545	0.0454545	0.545455	0.0454545	0.0454545	0.0454545	0.0454545	
0.0227273	0.0227273	0.0227273	0.0227273	0.0227273	0.0227273	0.0227273	0.272727	0.522727	0.0227273	0.0227273	


Vector Pi :

0.00149031	0.558867	0.280179	0.0670641	0.0506706	0.0178838	0.0178838	0.00149031	0.00149031	0.00149031	0.00149031	


Vector Phi :

0.000829878	0.487966	0.26473	0.119502	0.0580914	0.0373445	0.0157677	0.00829879	0.00248964	0.00165976	0.00331952	
