
Parameters: 11 states AND 11 symbols

Matrix A :

0.0909091	0.0909091	0.0909091	0.0909091	0.0909091	0.0909091	0.0909091	0.0909091	0.0909091	0.0909091	0.0909091	
0.000256805	0.644325	0.302517	0.0454545	0.00590652	0.000256805	0.000256805	0.000256805	0.000256805	0.000256805	0.000256805	
0.000281452	0.319167	0.42443	0.207712	0.0436251	0.00337743	0.000281452	0.000281452	0.000281452	0.000281452	0.000281452	
0.000426803	0.0708493	0.314981	0.376014	0.207	0.023901	0.000426803	0.00512164	0.000426803	0.000426803	0.000426803	
0.000654022	0.0438195	0.0654022	0.288424	0.360366	0.18051	0.0510137	0.00784827	0.000654022	0.000654022	0.000654022	
0.00110865	0.00110865	0.0254989	0.0986696	0.281596	0.391353	0.159645	0.037694	0.00110865	0.00110865	0.00110865	
0.00189394	0.0227273	0.00189394	0.0227273	0.106061	0.293561	0.397727	0.147727	0.00189394	0.00189394	0.00189394	
0.00324675	0.00324675	0.00324675	0.00324675	0.038961	0.11039	0.217532	0.396104	0.11039	0.11039	0.00324675	
0.0113636	0.0113636	0.0113636	0.0113636	0.0113636	0.0113636	0.136364	0.511364	0.261364	0.0113636	0.0113636	
0.0227273	0.0227273	0.0227273	0.0227273	0.0227273	0.0227273	0.0227273	0.0227273	0.272727	0.0227273	0.522727	
0.0181818	0.0181818	0.0181818	0.0181818	0.0181818	0.0181818	0.218182	0.0181818	0.218182	0.0181818	0.418182	


Matrix B :

0.0909091	0.0909091	0.0909091	0.0909091	0.0909091	0.0909091	0.0909091	0.0909091	0.0909091	0.0909091	0.0909091	
0.000247036	0.342638	0.274704	0.190464	0.0980731	0.0573123	0.0192688	0.0111166	0.00568182	0.000247036	0.000247036	
0.000268168	0.109413	0.410298	0.221507	0.118262	0.0563154	0.0356664	0.023867	0.0179673	0.00321802	0.00321802	
0.000402253	0.000402253	0.456154	0.279163	0.0888978	0.0623492	0.0534996	0.0313757	0.00925181	0.00925181	0.00925181	
0.000622665	0.000622665	0.137609	0.569116	0.158157	0.0759651	0.0348692	0.000622665	0.00747198	0.0143213	0.000622665	
0.00104493	0.00104493	0.00104493	0.357367	0.368861	0.127482	0.0585162	0.0355277	0.0470219	0.00104493	0.00104493	
0.00178253	0.00178253	0.00178253	0.0606061	0.786096	0.11943	0.0213904	0.00178253	0.00178253	0.00178253	0.00178253	
0.0031348	0.0031348	0.0031348	0.0031348	0.451411	0.31348	0.106583	0.0721003	0.0031348	0.0031348	0.0376176	
0.0113636	0.0113636	0.0113636	0.0113636	0.0113636	0.386364	0.386364	0.136364	0.0113636	0.0113636	0.0113636	
0.0181818	0.0181818	0.0181818	0.0181818	0.0181818	0.0181818	0.0181818	0.218182	0.218182	0.0181818	0.418182	
0.0181818	0.0181818	0.0181818	0.0181818	0.0181818	0.0181818	0.0181818	0.218182	0.418182	0.218182	0.0181818	


Vector Pi :

0.00149031	0.230999	0.263785	0.214605	0.099851	0.099851	0.0506706	0.0178838	0.00149031	0.0178838	0.00149031	


Vector Phi :

0.000825632	0.294323	0.268528	0.177077	0.116108	0.0666896	0.0394345	0.0230185	0.00658498	0.0032919	0.0041193	
