
Parameters: 11 states AND 11 symbols

Matrix A :

0.0909091	0.0909091	0.0909091	0.0909091	0.0909091	0.0909091	0.0909091	0.0909091	0.0909091	0.0909091	0.0909091	
0.000284981	0.586492	0.326304	0.0786549	0.00655457	0.000284981	0.000284981	0.000284981	0.000284981	0.000284981	0.000284981	
0.000308166	0.332512	0.407088	0.193529	0.044376	0.0172573	0.003698	0.000308166	0.000308166	0.000308166	0.000308166	
0.000475964	0.147073	0.272727	0.277963	0.2099	0.0685388	0.0161828	0.00571157	0.000475964	0.000475964	0.000475964	
0.000640205	0.0288092	0.127401	0.261204	0.317542	0.211908	0.0358515	0.0147247	0.000640205	0.000640205	0.000640205	
0.000857633	0.0102916	0.0102916	0.142367	0.265009	0.29331	0.161235	0.0763293	0.0385935	0.000857633	0.000857633	
0.00154083	0.00154083	0.00154083	0.0354391	0.187982	0.357473	0.272727	0.0354391	0.103236	0.00154083	0.00154083	
0.0025974	0.0025974	0.0025974	0.0311688	0.0311688	0.116883	0.231169	0.374026	0.0883117	0.116883	0.0025974	
0.00324675	0.00324675	0.00324675	0.00324675	0.00324675	0.038961	0.253247	0.181818	0.253247	0.181818	0.0746753	
0.00413223	0.00413223	0.00413223	0.00413223	0.00413223	0.00413223	0.0495868	0.140496	0.231405	0.458678	0.0950413	
0.012987	0.012987	0.012987	0.012987	0.012987	0.012987	0.012987	0.012987	0.298701	0.298701	0.298701	


Matrix B :

0.0909091	0.0909091	0.0909091	0.0909091	0.0909091	0.0909091	0.0909091	0.0909091	0.0909091	0.0909091	0.0909091	
0.00026976	0.445374	0.311842	0.110062	0.0655517	0.0329107	0.0151066	0.0151066	0.00323712	0.00026976	0.00026976	
0.000296121	0.313	0.381404	0.169677	0.0719574	0.0296121	0.00681078	0.0198401	0.00681078	0.000296121	0.000296121	
0.000459137	0.0206612	0.556015	0.268136	0.0863177	0.0257117	0.0156107	0.0206612	0.00550964	0.000459137	0.000459137	
0.00058651	0.00058651	0.368328	0.303812	0.168328	0.0457478	0.0844575	0.0134897	0.00058651	0.00703812	0.00703812	
0.000819001	0.000819001	0.0999181	0.469287	0.244062	0.0728911	0.027846	0.027846	0.018837	0.00982801	0.027846	
0.00146628	0.00146628	0.00146628	0.307918	0.291789	0.211144	0.0498534	0.0821114	0.0498534	0.00146628	0.00146628	
0.00252525	0.00252525	0.00252525	0.141414	0.391414	0.141414	0.169192	0.030303	0.030303	0.030303	0.0580808	
0.00324675	0.00324675	0.00324675	0.00324675	0.253247	0.181818	0.253247	0.146104	0.038961	0.0746753	0.038961	
0.00395257	0.00395257	0.00395257	0.00395257	0.134387	0.264822	0.221344	0.0909091	0.134387	0.134387	0.00395257	
0.012987	0.012987	0.012987	0.012987	0.012987	0.155844	0.155844	0.441558	0.155844	0.012987	0.012987	


Vector Pi :

0.00149031	0.296572	0.181818	0.116244	0.230999	0.0834575	0.0506706	0.0178838	0.00149031	0.0178838	0.00149031	


Vector Phi :

0.000826596	0.265958	0.246527	0.158429	0.116392	0.0873633	0.0486432	0.0288514	0.0230894	0.0181448	0.0057755	
