
Parameters: 11 states AND 11 symbols

Matrix A :

0.0909091	0.0909091	0.0909091	0.0909091	0.0909091	0.0909091	0.0909091	0.0909091	0.0909091	0.0909091	0.0909091	
0.000233699	0.43211	0.285581	0.164758	0.0773545	0.0182286	0.0182286	0.00280439	0.000233699	0.000233699	0.000233699	
0.000290444	0.377287	0.297415	0.16323	0.0929422	0.041824	0.0162649	0.00668022	0.00348533	0.000290444	0.000290444	
0.000450045	0.282628	0.312331	0.173717	0.0945095	0.0945095	0.0153015	0.0153015	0.000450045	0.010351	0.000450045	
0.000699301	0.239161	0.216084	0.239161	0.146853	0.108392	0.0314685	0.0160839	0.000699301	0.000699301	0.000699301	
0.00105708	0.140592	0.15222	0.175476	0.233615	0.128964	0.0708245	0.0475687	0.0359408	0.012685	0.00105708	
0.002331	0.0536131	0.104895	0.027972	0.181818	0.335664	0.130536	0.0792541	0.0536131	0.002331	0.027972	
0.00378788	0.0454545	0.00378788	0.0871212	0.170455	0.170455	0.212121	0.0454545	0.170455	0.0871212	0.00378788	
0.00699301	0.00699301	0.00699301	0.0839161	0.00699301	0.160839	0.00699301	0.468531	0.00699301	0.237762	0.00699301	
0.010101	0.010101	0.010101	0.121212	0.121212	0.232323	0.232323	0.121212	0.121212	0.010101	0.010101	
0.030303	0.030303	0.030303	0.030303	0.030303	0.030303	0.030303	0.030303	0.363636	0.030303	0.363636	


Matrix B :

0.0909091	0.0909091	0.0909091	0.0909091	0.0909091	0.0909091	0.0909091	0.0909091	0.0909091	0.0909091	0.0909091	
0.000224467	0.382941	0.316274	0.15578	0.0693603	0.0298541	0.0224467	0.00763187	0.0125701	0.0026936	0.000224467	
0.000277162	0.305155	0.360033	0.177106	0.0825942	0.0490576	0.0155211	0.00637472	0.00332594	0.000277162	0.000277162	
0.00041511	0.137401	0.466169	0.169365	0.100872	0.0734745	0.0278124	0.00954753	0.00954753	0.00041511	0.00498132	
0.000678426	0.000678426	0.440977	0.276798	0.0976934	0.082768	0.0603799	0.000678426	0.0156038	0.0230665	0.000678426	
0.000999001	0.000999001	0.264735	0.220779	0.231768	0.0999001	0.044955	0.022977	0.0889111	0.011988	0.011988	
0.00227273	0.00227273	0.0772727	0.327273	0.302273	0.0772727	0.00227273	0.152273	0.0272727	0.0272727	0.00227273	
0.00363636	0.00363636	0.00363636	0.363636	0.123636	0.163636	0.0836364	0.0436364	0.0836364	0.0436364	0.0836364	
0.00699301	0.00699301	0.00699301	0.237762	0.0839161	0.160839	0.00699301	0.0839161	0.160839	0.237762	0.00699301	
0.00909091	0.00909091	0.00909091	0.209091	0.209091	0.109091	0.00909091	0.209091	0.109091	0.00909091	0.109091	
0.030303	0.030303	0.030303	0.030303	0.030303	0.030303	0.030303	0.363636	0.030303	0.030303	0.363636	


Vector Pi :

0.00149031	0.247392	0.247392	0.280179	0.0670641	0.0834575	0.0342772	0.0178838	0.00149031	0.0178838	0.00149031	


Vector Phi :

0.000820675	0.323236	0.259259	0.167233	0.107345	0.0707158	0.0312491	0.0196846	0.0106315	0.00739252	0.0024329	
