
Parameters: 11 states AND 11 symbols

Matrix A :

0.045455	0.545455	0.045455	0.045455	0.045455	0.045455	0.045455	0.045455	0.045455	0.045455	0.045455	
0.002139	0.913904	0.041355	0.013904	0.004100	0.006061	0.000178	0.004100	0.008021	0.006061	0.000178	
0.001894	0.564394	0.251894	0.064394	0.043561	0.043561	0.001894	0.022727	0.001894	0.001894	0.001894	
0.005682	0.505682	0.255682	0.068182	0.005682	0.130682	0.005682	0.005682	0.005682	0.005682	0.005682	
0.010101	0.454545	0.121212	0.121212	0.121212	0.010101	0.121212	0.010101	0.010101	0.010101	0.010101	
0.011364	0.261364	0.386364	0.136364	0.136364	0.011364	0.011364	0.011364	0.011364	0.011364	0.011364	
0.045455	0.545455	0.045455	0.045455	0.045455	0.045455	0.045455	0.045455	0.045455	0.045455	0.045455	
0.022727	0.022727	0.272727	0.272727	0.272727	0.022727	0.022727	0.022727	0.022727	0.022727	0.022727	
0.018182	0.018182	0.618182	0.018182	0.218182	0.018182	0.018182	0.018182	0.018182	0.018182	0.018182	
0.022727	0.272727	0.272727	0.272727	0.022727	0.022727	0.022727	0.022727	0.022727	0.022727	0.022727	
0.090909	0.090909	0.090909	0.090909	0.090909	0.090909	0.090909	0.090909	0.090909	0.090909	0.090909	


Matrix B :

0.045455	0.045455	0.045455	0.045455	0.045455	0.045455	0.045455	0.045455	0.045455	0.045455	0.545455	
0.000170	0.162483	0.304274	0.235244	0.123304	0.104647	0.035617	0.022558	0.002035	0.003901	0.005767	
0.001894	0.022727	0.043561	0.231061	0.231061	0.189394	0.126894	0.085227	0.043561	0.022727	0.001894	
0.005348	0.064171	0.122995	0.240642	0.122995	0.240642	0.122995	0.064171	0.005348	0.005348	0.005348	
0.009091	0.009091	0.209091	0.109091	0.209091	0.109091	0.209091	0.109091	0.009091	0.009091	0.009091	
0.010101	0.010101	0.121212	0.121212	0.010101	0.454545	0.010101	0.121212	0.121212	0.010101	0.010101	
0.045455	0.045455	0.045455	0.045455	0.545455	0.045455	0.045455	0.045455	0.045455	0.045455	0.045455	
0.018182	0.018182	0.018182	0.218182	0.218182	0.018182	0.018182	0.418182	0.018182	0.018182	0.018182	
0.018182	0.018182	0.018182	0.218182	0.218182	0.018182	0.418182	0.018182	0.018182	0.018182	0.018182	
0.022727	0.022727	0.022727	0.022727	0.272727	0.272727	0.272727	0.022727	0.022727	0.022727	0.022727	
0.090909	0.090909	0.090909	0.090909	0.090909	0.090909	0.090909	0.090909	0.090909	0.090909	0.090909	


Vector Pi :

0.002933	0.809384	0.035191	0.035191	0.035191	0.035191	0.002933	0.035191	0.002933	0.002933	0.002933	


Vector Phi :

0.003279	0.840082	0.076632	0.026115	0.014651	0.013031	0.003260	0.006523	0.008221	0.006574	0.001632	
