
Parameters: 11 states AND 11 symbols

Matrix A :

0.0909091	0.0909091	0.0909091	0.0909091	0.0909091	0.0909091	0.0909091	0.0909091	0.0909091	0.0909091	0.0909091	
0.000139218	0.915913	0.0782403	0.0047334	0.000139218	0.000139218	0.000139218	0.000139218	0.000139218	0.000139218	0.000139218	
0.000277162	0.161863	0.76857	0.0673503	0.000277162	0.000277162	0.000277162	0.000277162	0.000277162	0.000277162	0.000277162	
0.000882613	0.0105914	0.204766	0.651368	0.127096	0.000882613	0.000882613	0.000882613	0.000882613	0.000882613	0.000882613	
0.00211416	0.00211416	0.0718816	0.211416	0.46723	0.188161	0.0486258	0.00211416	0.00211416	0.00211416	0.00211416	
0.00378788	0.00378788	0.00378788	0.00378788	0.378788	0.420455	0.170455	0.00378788	0.00378788	0.00378788	0.00378788	
0.00649351	0.00649351	0.00649351	0.0779221	0.00649351	0.292208	0.292208	0.220779	0.0779221	0.00649351	0.00649351	
0.00699301	0.00699301	0.00699301	0.00699301	0.00699301	0.0839161	0.160839	0.468531	0.237762	0.00699301	0.00699301	
0.00909091	0.00909091	0.00909091	0.00909091	0.00909091	0.00909091	0.109091	0.309091	0.309091	0.209091	0.00909091	
0.0227273	0.0227273	0.0227273	0.0227273	0.0227273	0.0227273	0.0227273	0.0227273	0.272727	0.272727	0.272727	
0.012987	0.012987	0.012987	0.012987	0.012987	0.012987	0.012987	0.012987	0.155844	0.012987	0.727273	


Matrix B :

0.0909091	0.0909091	0.0909091	0.0909091	0.0909091	0.0909091	0.0909091	0.0909091	0.0909091	0.0909091	0.0909091	
0.000132328	0.471748	0.305809	0.147148	0.037978	0.0190552	0.00886595	0.00158793	0.000132328	0.00304354	0.00449914	
0.000261233	0.0289969	0.471526	0.304859	0.143939	0.0376176	0.00888192	0.000261233	0.0031348	0.000261233	0.000261233	
0.000857633	0.0197256	0.29331	0.349914	0.217839	0.0668954	0.0480274	0.000857633	0.000857633	0.000857633	0.000857633	
0.00211416	0.00211416	0.0718816	0.327696	0.257928	0.211416	0.118393	0.00211416	0.00211416	0.00211416	0.00211416	
0.00378788	0.00378788	0.0454545	0.0871212	0.378788	0.212121	0.0871212	0.170455	0.00378788	0.00378788	0.00378788	
0.00568182	0.00568182	0.130682	0.193182	0.0681818	0.505682	0.0681818	0.00568182	0.00568182	0.00568182	0.00568182	
0.00649351	0.00649351	0.0779221	0.363636	0.149351	0.220779	0.149351	0.00649351	0.00649351	0.00649351	0.00649351	
0.00909091	0.00909091	0.00909091	0.309091	0.209091	0.209091	0.209091	0.00909091	0.00909091	0.00909091	0.00909091	
0.0227273	0.0227273	0.0227273	0.0227273	0.272727	0.272727	0.272727	0.0227273	0.0227273	0.0227273	0.0227273	
0.012987	0.012987	0.012987	0.012987	0.298701	0.441558	0.155844	0.012987	0.012987	0.012987	0.012987	


Vector Pi :

0.00149031	0.558867	0.329359	0.0506706	0.00149031	0.00149031	0.0342772	0.0178838	0.00149031	0.00149031	0.00149031	


Vector Phi :

0.000835831	0.543837	0.273292	0.0858911	0.0359046	0.0200622	0.0117099	0.0108837	0.00837302	0.00334847	0.00586195	
