
Parameters: 11 states AND 11 symbols

Matrix A :

0.0909091	0.0909091	0.0909091	0.0909091	0.0909091	0.0909091	0.0909091	0.0909091	0.0909091	0.0909091	0.0909091	
0.000104015	0.886832	0.097358	0.013834	0.000104015	0.00124818	0.000104015	0.000104015	0.000104015	0.000104015	0.000104015	
0.000434972	0.411918	0.426272	0.129622	0.0243584	0.000434972	0.000434972	0.000434972	0.00521966	0.000434972	0.000434972	
0.00121212	0.134545	0.374545	0.267879	0.0678788	0.0812121	0.0412121	0.0145455	0.0145455	0.00121212	0.00121212	
0.00454545	0.104545	0.204545	0.354545	0.204545	0.00454545	0.104545	0.00454545	0.00454545	0.00454545	0.00454545	
0.010101	0.010101	0.121212	0.454545	0.121212	0.010101	0.121212	0.010101	0.010101	0.010101	0.121212	
0.010101	0.010101	0.010101	0.343434	0.343434	0.010101	0.121212	0.010101	0.010101	0.121212	0.010101	
0.030303	0.030303	0.363636	0.030303	0.030303	0.030303	0.030303	0.030303	0.030303	0.030303	0.363636	
0.0227273	0.0227273	0.0227273	0.0227273	0.0227273	0.272727	0.272727	0.0227273	0.272727	0.0227273	0.0227273	
0.0454545	0.0454545	0.0454545	0.0454545	0.0454545	0.0454545	0.0454545	0.545455	0.0454545	0.0454545	0.0454545	
0.030303	0.030303	0.030303	0.363636	0.363636	0.030303	0.030303	0.030303	0.030303	0.030303	0.030303	


Matrix B :

0.0909091	0.0909091	0.0909091	0.0909091	0.0909091	0.0909091	0.0909091	0.0909091	0.0909091	0.0909091	0.0909091	
9.92457e-05	0.270842	0.395296	0.206431	0.0808853	0.0317586	0.0110163	0.00228265	9.92457e-05	9.92457e-05	0.00119095	
0.00041511	0.0278124	0.219593	0.374844	0.210461	0.128269	0.00954753	0.00498132	0.01868	0.00498132	0.00041511	
0.0011655	0.0011655	0.0909091	0.206294	0.347319	0.129371	0.142191	0.0268065	0.0268065	0.0268065	0.0011655	
0.00378788	0.00378788	0.00378788	0.212121	0.378788	0.212121	0.0871212	0.0871212	0.00378788	0.00378788	0.00378788	
0.010101	0.010101	0.010101	0.232323	0.454545	0.121212	0.010101	0.010101	0.121212	0.010101	0.010101	
0.00909091	0.00909091	0.209091	0.00909091	0.109091	0.209091	0.109091	0.209091	0.00909091	0.00909091	0.109091	
0.030303	0.030303	0.030303	0.363636	0.363636	0.030303	0.030303	0.030303	0.030303	0.030303	0.030303	
0.0227273	0.0227273	0.0227273	0.522727	0.0227273	0.0227273	0.272727	0.0227273	0.0227273	0.0227273	0.0227273	
0.0454545	0.0454545	0.0454545	0.545455	0.0454545	0.0454545	0.0454545	0.0454545	0.0454545	0.0454545	0.0454545	
0.030303	0.030303	0.030303	0.030303	0.363636	0.363636	0.030303	0.030303	0.030303	0.030303	0.030303	


Vector Pi :

0.00149031	0.690015	0.165425	0.0506706	0.0670641	0.00149031	0.0178838	0.00149031	0.00149031	0.00149031	0.00149031	


Vector Phi :

0.00082713	0.722911	0.17287	0.0620347	0.0165426	0.00744417	0.00744417	0.00248139	0.00330852	0.00165426	0.00248139	
