
Parameters: 11 states AND 11 symbols

Matrix A :

0.0909091	0.0909091	0.0909091	0.0909091	0.0909091	0.0909091	0.0909091	0.0909091	0.0909091	0.0909091	0.0909091	
0.000228415	0.841937	0.135907	0.0077661	0.00525354	0.00525354	0.00274098	0.000228415	0.000228415	0.000228415	0.000228415	
0.000292312	0.177141	0.691611	0.119263	0.00350775	0.00350775	0.00350775	0.000292312	0.000292312	0.000292312	0.000292312	
0.000516529	0.0346074	0.210744	0.57438	0.159607	0.017562	0.000516529	0.000516529	0.000516529	0.000516529	0.000516529	
0.000811688	0.000811688	0.0186688	0.241883	0.563312	0.13474	0.0186688	0.00974026	0.000811688	0.00974026	0.000811688	
0.00118064	0.0141677	0.0141677	0.0661157	0.208973	0.507674	0.157025	0.0271547	0.00118064	0.00118064	0.00118064	
0.00197628	0.00197628	0.0237154	0.00197628	0.0237154	0.284585	0.501976	0.110672	0.0237154	0.00197628	0.0237154	
0.00478469	0.00478469	0.0574163	0.00478469	0.00478469	0.00478469	0.267943	0.373206	0.215311	0.0574163	0.00478469	
0.00534759	0.00534759	0.00534759	0.0641711	0.00534759	0.0641711	0.0641711	0.181818	0.358289	0.240642	0.00534759	
0.00534759	0.00534759	0.00534759	0.00534759	0.00534759	0.00534759	0.00534759	0.00534759	0.181818	0.475936	0.299465	
0.0034965	0.0034965	0.0034965	0.0034965	0.0034965	0.0804196	0.0034965	0.0034965	0.0804196	0.0804196	0.734266	


Matrix B :

0.0909091	0.0909091	0.0909091	0.0909091	0.0909091	0.0909091	0.0909091	0.0909091	0.0909091	0.0909091	0.0909091	
0.000216967	0.315253	0.384465	0.148188	0.0956824	0.0312432	0.0216967	0.0026036	0.000216967	0.000216967	0.000216967	
0.000278009	0.0553239	0.538504	0.28774	0.0706144	0.0155685	0.0186266	0.00945232	0.00333611	0.000278009	0.000278009	
0.000494071	0.027668	0.261364	0.342885	0.22332	0.10919	0.0222332	0.0113636	0.000494071	0.000494071	0.000494071	
0.000770416	0.000770416	0.144838	0.297381	0.221109	0.144838	0.127889	0.0431433	0.0177196	0.000770416	0.000770416	
0.00112233	0.00112233	0.0875421	0.23569	0.23569	0.124579	0.124579	0.14927	0.0381594	0.00112233	0.00112233	
0.00193424	0.00193424	0.108317	0.129594	0.108317	0.27853	0.172147	0.129594	0.0444874	0.00193424	0.0232108	
0.00478469	0.00478469	0.110048	0.162679	0.215311	0.215311	0.0574163	0.00478469	0.110048	0.110048	0.00478469	
0.00454545	0.00454545	0.104545	0.154545	0.204545	0.204545	0.0545455	0.00454545	0.0545455	0.0545455	0.154545	
0.0641711	0.00534759	0.0641711	0.0641711	0.299465	0.299465	0.00534759	0.00534759	0.00534759	0.00534759	0.181818	
0.003367	0.003367	0.040404	0.262626	0.225589	0.299663	0.151515	0.003367	0.003367	0.003367	0.003367	


Vector Pi :

0.00149031	0.345753	0.247392	0.149031	0.099851	0.0670641	0.0178838	0.00149031	0.0506706	0.00149031	0.0178838	


Vector Phi :

0.00082969	0.333455	0.261214	0.144727	0.0924431	0.0637386	0.0381265	0.0157407	0.0140889	0.0140853	0.0215515	
