
Parameters: 11 states AND 11 symbols

Matrix A :

0.090909	0.090909	0.090909	0.090909	0.090909	0.090909	0.090909	0.090909	0.090909	0.090909	0.090909	
0.000478	0.742584	0.242584	0.011005	0.000478	0.000478	0.000478	0.000478	0.000478	0.000478	0.000478	
0.000452	0.229308	0.602442	0.164631	0.000452	0.000452	0.000452	0.000452	0.000452	0.000452	0.000452	
0.000858	0.029160	0.283877	0.491424	0.170669	0.019726	0.000858	0.000858	0.000858	0.000858	0.000858	
0.001567	0.001567	0.036050	0.277429	0.501567	0.156740	0.018809	0.001567	0.001567	0.001567	0.001567	
0.002755	0.002755	0.002755	0.063361	0.275482	0.426997	0.154270	0.063361	0.002755	0.002755	0.002755	
0.004329	0.004329	0.004329	0.004329	0.051948	0.242424	0.623377	0.051948	0.004329	0.004329	0.004329	
0.012987	0.012987	0.012987	0.012987	0.012987	0.298701	0.155844	0.155844	0.298701	0.012987	0.012987	
0.022727	0.022727	0.022727	0.022727	0.022727	0.022727	0.022727	0.272727	0.022727	0.522727	0.022727	
0.015152	0.015152	0.015152	0.015152	0.015152	0.015152	0.015152	0.181818	0.181818	0.348485	0.181818	
0.030303	0.030303	0.030303	0.030303	0.030303	0.030303	0.030303	0.030303	0.030303	0.363636	0.363636	


Matrix B :

0.090909	0.090909	0.090909	0.090909	0.090909	0.090909	0.090909	0.090909	0.090909	0.090909	0.090909	
0.000457	0.377341	0.462768	0.146185	0.010507	0.000457	0.000457	0.000457	0.000457	0.000457	0.000457	
0.000433	0.000433	0.419481	0.452814	0.114719	0.009957	0.000433	0.000433	0.000433	0.000433	0.000433	
0.000826	0.000826	0.000826	0.255372	0.546281	0.164463	0.028099	0.000826	0.000826	0.000826	0.000826	
0.001515	0.001515	0.001515	0.001515	0.184848	0.601515	0.168182	0.034848	0.001515	0.001515	0.001515	
0.002755	0.002755	0.002755	0.002755	0.002755	0.245179	0.305785	0.214876	0.123967	0.093664	0.002755	
0.004132	0.004132	0.004132	0.004132	0.004132	0.004132	0.095041	0.549587	0.231405	0.095041	0.004132	
0.012987	0.012987	0.012987	0.012987	0.012987	0.012987	0.012987	0.584416	0.298701	0.012987	0.012987	
0.022727	0.022727	0.022727	0.022727	0.022727	0.022727	0.022727	0.022727	0.522727	0.272727	0.022727	
0.015152	0.015152	0.015152	0.015152	0.015152	0.015152	0.015152	0.015152	0.015152	0.515152	0.348485	
0.030303	0.030303	0.030303	0.030303	0.030303	0.030303	0.030303	0.030303	0.030303	0.030303	0.696970	


Vector Pi :

0.003497	0.311189	0.388112	0.157343	0.080420	0.003497	0.041958	0.003497	0.003497	0.003497	0.003497	


Vector Phi :

0.001583	0.305665	0.316838	0.167339	0.091600	0.052140	0.033191	0.011070	0.006329	0.009496	0.004749	
