
Parameters: 11 states AND 11 symbols

Matrix A :

0.090909	0.090909	0.090909	0.090909	0.090909	0.090909	0.090909	0.090909	0.090909	0.090909	0.090909	
0.000455	0.825455	0.125455	0.030455	0.010455	0.000455	0.000455	0.000455	0.000455	0.005455	0.000455	
0.000883	0.243601	0.554281	0.146514	0.020300	0.010591	0.000883	0.000883	0.000883	0.020300	0.000883	
0.001567	0.018809	0.225705	0.380878	0.156740	0.105016	0.018809	0.018809	0.018809	0.018809	0.036050	
0.003636	0.083636	0.043636	0.283636	0.123636	0.163636	0.123636	0.043636	0.083636	0.003636	0.043636	
0.003497	0.003497	0.118881	0.118881	0.080420	0.157343	0.118881	0.195804	0.157343	0.041958	0.003497	
0.004785	0.057416	0.057416	0.057416	0.110048	0.215311	0.110048	0.162679	0.162679	0.057416	0.004785	
0.003247	0.003247	0.038961	0.074675	0.038961	0.146104	0.253247	0.253247	0.110390	0.038961	0.038961	
0.002597	0.002597	0.002597	0.002597	0.002597	0.031169	0.031169	0.202597	0.431169	0.259740	0.031169	
0.001894	0.043561	0.043561	0.001894	0.043561	0.022727	0.001894	0.022727	0.126894	0.481061	0.210227	
0.001595	0.036683	0.001595	0.019139	0.019139	0.001595	0.019139	0.036683	0.001595	0.141946	0.720893	


Matrix B :

0.090909	0.090909	0.090909	0.090909	0.090909	0.090909	0.090909	0.090909	0.090909	0.090909	0.090909	
0.000433	0.305195	0.414719	0.176623	0.052814	0.014719	0.033766	0.000433	0.000433	0.000433	0.000433	
0.000850	0.187766	0.384027	0.215803	0.112999	0.047579	0.028887	0.000850	0.019541	0.000850	0.000850	
0.001420	0.063920	0.345170	0.313920	0.079545	0.079545	0.079545	0.017045	0.017045	0.001420	0.001420	
0.003636	0.163636	0.283636	0.283636	0.123636	0.083636	0.003636	0.003636	0.003636	0.043636	0.003636	
0.003247	0.181818	0.253247	0.181818	0.074675	0.146104	0.038961	0.038961	0.003247	0.003247	0.074675	
0.004785	0.267943	0.215311	0.110048	0.110048	0.162679	0.004785	0.110048	0.004785	0.004785	0.004785	
0.003135	0.072100	0.347962	0.210031	0.175549	0.072100	0.072100	0.037618	0.003135	0.003135	0.003135	
0.002457	0.056511	0.164619	0.191646	0.218673	0.191646	0.083538	0.056511	0.029484	0.002457	0.002457	
0.001818	0.101818	0.101818	0.141818	0.181818	0.101818	0.121818	0.141818	0.021818	0.021818	0.061818	
0.001515	0.001515	0.018182	0.118182	0.301515	0.118182	0.134848	0.118182	0.134848	0.051515	0.001515	


Vector Pi :

0.002933	0.357771	0.099707	0.196481	0.002933	0.067449	0.002933	0.035191	0.067449	0.067449	0.099707	


Vector Phi :

0.001674	0.327983	0.174364	0.097240	0.041856	0.043582	0.031832	0.046914	0.058640	0.080419	0.095496	
