
Parameters: 11 states AND 11 symbols

Matrix A :

0.0909091	0.0909091	0.0909091	0.0909091	0.0909091	0.0909091	0.0909091	0.0909091	0.0909091	0.0909091	0.0909091	
0.000112511	0.922142	0.0706571	0.00630063	0.000112511	0.000112511	0.000112511	0.000112511	0.000112511	0.000112511	0.000112511	
0.000418936	0.258483	0.604106	0.129451	0.00502723	0.000418936	0.000418936	0.000418936	0.000418936	0.000418936	0.000418936	
0.000988142	0.0335968	0.272727	0.490119	0.164032	0.0118577	0.0118577	0.000988142	0.0118577	0.000988142	0.000988142	
0.002457	0.029484	0.0835381	0.2457	0.407862	0.110565	0.0565111	0.029484	0.029484	0.002457	0.002457	
0.00699301	0.0839161	0.00699301	0.160839	0.314685	0.314685	0.00699301	0.0839161	0.00699301	0.00699301	0.00699301	
0.010101	0.121212	0.010101	0.232323	0.010101	0.232323	0.010101	0.232323	0.121212	0.010101	0.010101	
0.00757576	0.00757576	0.00757576	0.00757576	0.00757576	0.0909091	0.174242	0.424242	0.0909091	0.0909091	0.0909091	
0.00909091	0.00909091	0.00909091	0.00909091	0.109091	0.00909091	0.309091	0.109091	0.309091	0.00909091	0.109091	
0.030303	0.030303	0.030303	0.030303	0.030303	0.030303	0.030303	0.030303	0.363636	0.363636	0.030303	
0.030303	0.030303	0.030303	0.030303	0.030303	0.030303	0.030303	0.363636	0.363636	0.030303	0.030303	


Matrix B :

0.0909091	0.0909091	0.0909091	0.0909091	0.0909091	0.0909091	0.0909091	0.0909091	0.0909091	0.0909091	0.0909091	
0.000107078	0.176786	0.259235	0.262769	0.144983	0.082557	0.0389763	0.0224863	0.0107078	0.00128493	0.000107078	
0.000396983	0.0178642	0.236205	0.210004	0.218738	0.1052	0.113934	0.0440651	0.0396983	0.0047638	0.00913061	
0.00094697	0.00094697	0.157197	0.157197	0.198864	0.219697	0.157197	0.063447	0.032197	0.00094697	0.0113636	
0.00239234	0.00239234	0.0287081	0.107656	0.133971	0.318182	0.212919	0.0813397	0.00239234	0.0287081	0.0813397	
0.00699301	0.00699301	0.00699301	0.237762	0.160839	0.391608	0.0839161	0.0839161	0.00699301	0.00699301	0.00699301	
0.010101	0.010101	0.232323	0.232323	0.010101	0.121212	0.232323	0.121212	0.010101	0.010101	0.010101	
0.00699301	0.00699301	0.0839161	0.160839	0.160839	0.00699301	0.0839161	0.391608	0.00699301	0.0839161	0.00699301	
0.00826446	0.00826446	0.280992	0.371901	0.00826446	0.0991736	0.190083	0.00826446	0.00826446	0.00826446	0.00826446	
0.030303	0.030303	0.030303	0.030303	0.030303	0.030303	0.030303	0.363636	0.363636	0.030303	0.030303	
0.030303	0.030303	0.030303	0.030303	0.363636	0.363636	0.030303	0.030303	0.030303	0.030303	0.030303	


Vector Pi :

0.00149031	0.673621	0.198212	0.0670641	0.0178838	0.00149031	0.00149031	0.0178838	0.0178838	0.00149031	0.00149031	


Vector Phi :

0.000829879	0.670539	0.180083	0.0763487	0.0307055	0.0107884	0.00746892	0.00995857	0.0082988	0.00248964	0.00248964	
