
Parameters: 11 states AND 11 symbols

Matrix A :

0.0909091	0.0909091	0.0909091	0.0909091	0.0909091	0.0909091	0.0909091	0.0909091	0.0909091	0.0909091	0.0909091	
0.000197628	0.819763	0.154545	0.0241107	0.000197628	0.000197628	0.000197628	0.000197628	0.000197628	0.000197628	0.000197628	
0.000314564	0.228688	0.58509	0.152564	0.0279962	0.00377477	0.000314564	0.000314564	0.000314564	0.000314564	0.000314564	
0.000475964	0.0894812	0.225607	0.492623	0.16278	0.0161828	0.0109472	0.000475964	0.000475964	0.000475964	0.000475964	
0.000826446	0.000826446	0.0371901	0.273554	0.482645	0.173554	0.0280992	0.000826446	0.000826446	0.000826446	0.000826446	
0.00149031	0.00149031	0.0178838	0.165425	0.280179	0.312966	0.149031	0.0506706	0.0178838	0.00149031	0.00149031	
0.00252525	0.00252525	0.00252525	0.030303	0.00252525	0.363636	0.363636	0.19697	0.030303	0.00252525	0.00252525	
0.0031348	0.0031348	0.0031348	0.0031348	0.0031348	0.175549	0.210031	0.416928	0.175549	0.0031348	0.0031348	
0.00699301	0.00699301	0.00699301	0.00699301	0.00699301	0.00699301	0.0839161	0.391608	0.237762	0.160839	0.0839161	
0.0151515	0.0151515	0.0151515	0.0151515	0.0151515	0.0151515	0.0151515	0.181818	0.348485	0.348485	0.0151515	
0.0227273	0.0227273	0.0227273	0.0227273	0.0227273	0.0227273	0.0227273	0.0227273	0.0227273	0.272727	0.522727	


Matrix B :

0.0909091	0.0909091	0.0909091	0.0909091	0.0909091	0.0909091	0.0909091	0.0909091	0.0909091	0.0909091	0.0909091	
0.000187829	0.407213	0.382419	0.146882	0.039444	0.0125845	0.00638618	0.00432006	0.000187829	0.000187829	0.000187829	
0.00030003	0.00030003	0.475548	0.350135	0.142214	0.0267027	0.00030003	0.00360036	0.00030003	0.00030003	0.00030003	
0.000461467	0.000461467	0.0106138	0.431934	0.43701	0.0969082	0.0106138	0.0106138	0.000461467	0.000461467	0.000461467	
0.000790514	0.000790514	0.000790514	0.0355731	0.46166	0.383399	0.0703557	0.000790514	0.0181818	0.000790514	0.0268775	
0.0013986	0.0013986	0.0013986	0.0013986	0.170629	0.386014	0.386014	0.0321678	0.0013986	0.0013986	0.0167832	
0.00239234	0.00239234	0.00239234	0.00239234	0.00239234	0.160287	0.449761	0.344498	0.0287081	0.00239234	0.00239234	
0.0026738	0.0026738	0.0026738	0.0026738	0.0026738	0.0320856	0.296791	0.502674	0.149733	0.0026738	0.0026738	
0.00699301	0.00699301	0.00699301	0.00699301	0.00699301	0.00699301	0.160839	0.237762	0.391608	0.160839	0.00699301	
0.0151515	0.0151515	0.0151515	0.0151515	0.0151515	0.0151515	0.0151515	0.0151515	0.181818	0.181818	0.515152	
0.0227273	0.0227273	0.0227273	0.0227273	0.0227273	0.0227273	0.0227273	0.0227273	0.0227273	0.522727	0.272727	


Vector Pi :

0.00149031	0.378539	0.230999	0.099851	0.0834575	0.0670641	0.0506706	0.0834575	0.00149031	0.00149031	0.00149031	


Vector Phi :

0.000807333	0.389949	0.242745	0.158606	0.0904903	0.0488761	0.0276025	0.0227135	0.0102469	0.00477238	0.00319114	
