
Parameters: 11 states AND 11 symbols

Matrix A :

0.090909	0.090909	0.090909	0.090909	0.090909	0.090909	0.090909	0.090909	0.090909	0.090909	0.090909	
0.000208	0.938423	0.048263	0.009361	0.000208	0.000208	0.000208	0.000208	0.000208	0.000208	0.002496	
0.001466	0.340176	0.453079	0.098240	0.017595	0.001466	0.017595	0.033724	0.001466	0.001466	0.033724	
0.004329	0.147186	0.337662	0.147186	0.051948	0.147186	0.099567	0.051948	0.004329	0.004329	0.004329	
0.010101	0.010101	0.232323	0.454545	0.010101	0.232323	0.010101	0.010101	0.010101	0.010101	0.010101	
0.005051	0.005051	0.005051	0.060606	0.171717	0.505051	0.171717	0.060606	0.005051	0.005051	0.005051	
0.011364	0.011364	0.011364	0.011364	0.261364	0.136364	0.011364	0.136364	0.261364	0.011364	0.136364	
0.009091	0.009091	0.009091	0.109091	0.009091	0.209091	0.109091	0.009091	0.109091	0.409091	0.009091	
0.011364	0.136364	0.011364	0.136364	0.136364	0.011364	0.011364	0.261364	0.136364	0.136364	0.011364	
0.006494	0.006494	0.006494	0.006494	0.006494	0.006494	0.006494	0.149351	0.149351	0.577922	0.077922	
0.005348	0.064171	0.181818	0.005348	0.005348	0.005348	0.005348	0.005348	0.064171	0.005348	0.652406	


Matrix B :

0.090909	0.090909	0.090909	0.090909	0.090909	0.090909	0.090909	0.090909	0.090909	0.090909	0.090909	
0.000198	0.292137	0.374926	0.185383	0.065558	0.063379	0.011091	0.004555	0.000198	0.002377	0.000198	
0.001399	0.170629	0.355245	0.247552	0.078322	0.062937	0.016783	0.047552	0.001399	0.001399	0.016783	
0.004132	0.095041	0.322314	0.413223	0.095041	0.004132	0.004132	0.004132	0.004132	0.049587	0.004132	
0.010101	0.232323	0.454545	0.010101	0.121212	0.010101	0.121212	0.010101	0.010101	0.010101	0.010101	
0.004785	0.110048	0.373206	0.320574	0.162679	0.004785	0.004785	0.004785	0.004785	0.004785	0.004785	
0.011364	0.136364	0.261364	0.261364	0.136364	0.136364	0.011364	0.011364	0.011364	0.011364	0.011364	
0.008264	0.008264	0.099174	0.190083	0.280992	0.099174	0.190083	0.008264	0.008264	0.099174	0.008264	
0.011364	0.011364	0.011364	0.011364	0.386364	0.386364	0.136364	0.011364	0.011364	0.011364	0.011364	
0.005682	0.005682	0.068182	0.255682	0.005682	0.005682	0.380682	0.068182	0.005682	0.193182	0.005682	
0.005348	0.064171	0.005348	0.122995	0.005348	0.064171	0.122995	0.299465	0.064171	0.181818	0.064171	


Vector Pi :

0.002933	0.712610	0.099707	0.035191	0.002933	0.035191	0.002933	0.035191	0.002933	0.067449	0.002933	


Vector Phi :

0.001653	0.722313	0.102479	0.034711	0.014876	0.029752	0.013223	0.016529	0.013223	0.023141	0.028099	
