
Parameters: 11 states AND 11 symbols

Matrix A :

0.0909091	0.0909091	0.0909091	0.0909091	0.0909091	0.0909091	0.0909091	0.0909091	0.0909091	0.0909091	0.0909091	
0.000142491	0.871616	0.11613	0.00641208	0.00170989	0.00170989	0.000142491	0.000142491	0.000142491	0.00170989	0.000142491	
0.00027972	0.227972	0.64951	0.0987413	0.0156643	0.00335664	0.00027972	0.00027972	0.00335664	0.00027972	0.00027972	
0.000865801	0.0294372	0.315152	0.477056	0.105628	0.0484848	0.0103896	0.0103896	0.000865801	0.000865801	0.000865801	
0.00174825	0.0594406	0.117133	0.251748	0.386364	0.155594	0.020979	0.00174825	0.00174825	0.00174825	0.00174825	
0.00275482	0.00275482	0.00275482	0.0936639	0.305785	0.396694	0.123967	0.0633609	0.00275482	0.00275482	0.00275482	
0.00454545	0.0545455	0.00454545	0.00454545	0.204545	0.104545	0.354545	0.154545	0.104545	0.00454545	0.00454545	
0.00757576	0.00757576	0.00757576	0.00757576	0.00757576	0.0909091	0.424242	0.340909	0.00757576	0.00757576	0.0909091	
0.0151515	0.0151515	0.0151515	0.0151515	0.0151515	0.0151515	0.0151515	0.181818	0.348485	0.348485	0.0151515	
0.012987	0.012987	0.012987	0.155844	0.012987	0.012987	0.155844	0.012987	0.012987	0.155844	0.441558	
0.0151515	0.0151515	0.0151515	0.181818	0.0151515	0.181818	0.0151515	0.0151515	0.0151515	0.348485	0.181818	


Matrix B :

0.0909091	0.0909091	0.0909091	0.0909091	0.0909091	0.0909091	0.0909091	0.0909091	0.0909091	0.0909091	0.0909091	
0.00013488	0.148503	0.330995	0.28055	0.138117	0.0609657	0.0253574	0.00458592	0.00458592	0.00458592	0.00161856	
0.000268962	0.0121033	0.160032	0.257665	0.236955	0.20737	0.077192	0.0387305	0.00618612	0.000268962	0.00322754	
0.000841751	0.0193603	0.111953	0.0934343	0.204545	0.250842	0.213805	0.102694	0.000841751	0.000841751	0.000841751	
0.0016835	0.0016835	0.131313	0.149832	0.205387	0.223906	0.149832	0.0757576	0.0387205	0.0016835	0.020202	
0.0026738	0.0026738	0.149733	0.149733	0.0614973	0.26738	0.179144	0.0614973	0.0614973	0.0614973	0.0026738	
0.004329	0.0519481	0.0519481	0.0995671	0.0519481	0.147186	0.385281	0.004329	0.0519481	0.004329	0.147186	
0.00649351	0.00649351	0.00649351	0.00649351	0.0779221	0.220779	0.435065	0.220779	0.00649351	0.00649351	0.00649351	
0.012987	0.012987	0.155844	0.012987	0.441558	0.298701	0.012987	0.012987	0.012987	0.012987	0.012987	
0.0113636	0.0113636	0.136364	0.136364	0.386364	0.136364	0.136364	0.0113636	0.0113636	0.0113636	0.0113636	
0.0151515	0.0151515	0.0151515	0.0151515	0.681818	0.0151515	0.181818	0.0151515	0.0151515	0.0151515	0.0151515	


Vector Pi :

0.00149031	0.591654	0.214605	0.0506706	0.0342772	0.0178838	0.0178838	0.0342772	0.0178838	0.0178838	0.00149031	


Vector Phi :

0.000829876	0.529461	0.26971	0.0871369	0.0431535	0.0273859	0.0165975	0.00995851	0.00497926	0.00580913	0.00497926	
