
Parameters: 11 states AND 11 symbols

Matrix A :

0.090909	0.090909	0.090909	0.090909	0.090909	0.090909	0.090909	0.090909	0.090909	0.090909	0.090909	
0.000321	0.848378	0.127530	0.010922	0.003855	0.000321	0.003855	0.003855	0.000321	0.000321	0.000321	
0.000978	0.323558	0.334311	0.151515	0.086999	0.033236	0.033236	0.011730	0.000978	0.011730	0.011730	
0.001748	0.155594	0.328671	0.232517	0.174825	0.040210	0.040210	0.001748	0.020979	0.001748	0.001748	
0.002597	0.059740	0.116883	0.231169	0.174026	0.202597	0.145455	0.031169	0.031169	0.002597	0.002597	
0.002674	0.061497	0.061497	0.355615	0.120321	0.149733	0.090909	0.149733	0.002674	0.002674	0.002674	
0.003247	0.003247	0.003247	0.038961	0.074675	0.217532	0.324675	0.253247	0.038961	0.038961	0.003247	
0.002457	0.002457	0.002457	0.029484	0.056511	0.191646	0.137592	0.407862	0.110565	0.002457	0.056511	
0.006494	0.006494	0.077922	0.006494	0.077922	0.006494	0.006494	0.363636	0.292208	0.149351	0.006494	
0.009091	0.009091	0.009091	0.009091	0.009091	0.209091	0.009091	0.109091	0.109091	0.309091	0.209091	
0.005051	0.005051	0.060606	0.005051	0.060606	0.005051	0.005051	0.005051	0.060606	0.116162	0.671717	


Matrix B :

0.090909	0.090909	0.090909	0.090909	0.090909	0.090909	0.090909	0.090909	0.090909	0.090909	0.090909	
0.000304	0.438431	0.348130	0.150806	0.037093	0.023715	0.000304	0.000304	0.000304	0.000304	0.000304	
0.000918	0.132231	0.273646	0.354454	0.142332	0.071625	0.011019	0.011019	0.000918	0.000918	0.000918	
0.001684	0.057239	0.149832	0.409091	0.149832	0.094276	0.112795	0.020202	0.001684	0.001684	0.001684	
0.002525	0.002525	0.113636	0.308081	0.169192	0.113636	0.196970	0.085859	0.002525	0.002525	0.002525	
0.002674	0.002674	0.061497	0.237968	0.179144	0.208556	0.120321	0.120321	0.061497	0.002674	0.002674	
0.003135	0.003135	0.175549	0.037618	0.106583	0.416928	0.106583	0.141066	0.003135	0.003135	0.003135	
0.002331	0.002331	0.002331	0.130536	0.053613	0.104895	0.181818	0.258741	0.079254	0.130536	0.053613	
0.006494	0.006494	0.149351	0.006494	0.077922	0.077922	0.220779	0.077922	0.220779	0.149351	0.006494	
0.008264	0.008264	0.008264	0.190083	0.008264	0.099174	0.008264	0.008264	0.099174	0.099174	0.462810	
0.004785	0.004785	0.162679	0.267943	0.004785	0.004785	0.110048	0.267943	0.057416	0.110048	0.004785	


Vector Pi :

0.002933	0.519062	0.196481	0.067449	0.035191	0.035191	0.002933	0.067449	0.002933	0.035191	0.035191	


Vector Phi :

0.001666	0.465549	0.153053	0.085472	0.057867	0.055133	0.048732	0.062171	0.023484	0.016786	0.030088	
