
Parameters: 11 states AND 11 symbols

Matrix A :

0.090909	0.090909	0.090909	0.090909	0.090909	0.090909	0.090909	0.090909	0.090909	0.090909	0.090909	
0.000337	0.855892	0.115152	0.015152	0.004040	0.000337	0.000337	0.000337	0.000337	0.000337	0.007744	
0.000918	0.253444	0.485767	0.162534	0.011019	0.041322	0.000918	0.021120	0.000918	0.000918	0.021120	
0.001855	0.144712	0.287570	0.267161	0.124304	0.083488	0.022263	0.042672	0.022263	0.001855	0.001855	
0.004545	0.054545	0.154545	0.304545	0.204545	0.104545	0.104545	0.004545	0.054545	0.004545	0.004545	
0.003247	0.038961	0.003247	0.181818	0.110390	0.217532	0.110390	0.253247	0.074675	0.003247	0.003247	
0.005682	0.005682	0.005682	0.193182	0.068182	0.193182	0.193182	0.130682	0.193182	0.005682	0.005682	
0.004545	0.054545	0.004545	0.054545	0.004545	0.254545	0.054545	0.104545	0.254545	0.154545	0.054545	
0.003953	0.003953	0.047431	0.003953	0.134387	0.090909	0.134387	0.047431	0.221344	0.264822	0.047431	
0.002933	0.002933	0.002933	0.002933	0.002933	0.002933	0.035191	0.099707	0.131965	0.454545	0.260997	
0.002114	0.071882	0.048626	0.002114	0.002114	0.025370	0.002114	0.002114	0.025370	0.164905	0.653277	


Matrix B :

0.090909	0.090909	0.090909	0.090909	0.090909	0.090909	0.090909	0.090909	0.090909	0.090909	0.090909	
0.000321	0.275940	0.420816	0.152265	0.081593	0.042724	0.025056	0.000321	0.000321	0.000321	0.000321	
0.000866	0.067532	0.296104	0.286580	0.172294	0.096104	0.038961	0.019913	0.019913	0.000866	0.000866	
0.001748	0.040210	0.174825	0.328671	0.232517	0.117133	0.040210	0.020979	0.040210	0.001748	0.001748	
0.004329	0.099567	0.194805	0.194805	0.242424	0.099567	0.099567	0.004329	0.004329	0.051948	0.004329	
0.002933	0.099707	0.164223	0.196481	0.325513	0.164223	0.035191	0.002933	0.002933	0.002933	0.002933	
0.005682	0.005682	0.068182	0.005682	0.255682	0.380682	0.193182	0.068182	0.005682	0.005682	0.005682	
0.004132	0.049587	0.185950	0.140496	0.095041	0.367769	0.004132	0.049587	0.095041	0.004132	0.004132	
0.003953	0.003953	0.047431	0.134387	0.308300	0.090909	0.090909	0.134387	0.134387	0.003953	0.047431	
0.002841	0.002841	0.096591	0.127841	0.159091	0.127841	0.221591	0.127841	0.065341	0.034091	0.034091	
0.002066	0.024793	0.024793	0.092975	0.161157	0.115702	0.206612	0.206612	0.070248	0.047521	0.047521	


Vector Pi :

0.002933	0.422287	0.164223	0.099707	0.035191	0.099707	0.035191	0.067449	0.002933	0.035191	0.035191	


Vector Phi :

0.001634	0.454840	0.168727	0.081354	0.032773	0.045677	0.024071	0.032548	0.037070	0.050527	0.070778	
