
Parameters: 11 states AND 11 symbols

Matrix A :

0.0909091	0.0909091	0.0909091	0.0909091	0.0909091	0.0909091	0.0909091	0.0909091	0.0909091	0.0909091	0.0909091	
0.0001755	0.838013	0.154616	0.00596701	0.0001755	0.0001755	0.0001755	0.0001755	0.0001755	0.0001755	0.0001755	
0.000233699	0.20846	0.678897	0.103061	0.00537509	0.00280439	0.000233699	0.000233699	0.000233699	0.000233699	0.000233699	
0.000564653	0.0191982	0.255223	0.60926	0.0875212	0.0254094	0.000564653	0.000564653	0.000564653	0.000564653	0.000564653	
0.001443	0.001443	0.017316	0.271284	0.572872	0.128427	0.001443	0.001443	0.001443	0.001443	0.001443	
0.00284091	0.00284091	0.0340909	0.0340909	0.315341	0.346591	0.190341	0.0340909	0.0340909	0.00284091	0.00284091	
0.00649351	0.00649351	0.00649351	0.0779221	0.00649351	0.220779	0.435065	0.149351	0.0779221	0.00649351	0.00649351	
0.012987	0.012987	0.012987	0.012987	0.012987	0.441558	0.012987	0.155844	0.155844	0.155844	0.012987	
0.0181818	0.0181818	0.0181818	0.0181818	0.0181818	0.0181818	0.218182	0.218182	0.0181818	0.0181818	0.418182	
0.030303	0.030303	0.030303	0.030303	0.030303	0.363636	0.030303	0.030303	0.030303	0.030303	0.363636	
0.012987	0.012987	0.012987	0.012987	0.012987	0.012987	0.012987	0.155844	0.155844	0.155844	0.441558	


Matrix B :

0.0909091	0.0909091	0.0909091	0.0909091	0.0909091	0.0909091	0.0909091	0.0909091	0.0909091	0.0909091	0.0909091	
0.000165893	0.202721	0.319509	0.202721	0.144326	0.0713338	0.0165893	0.0147644	0.0147644	0.00928998	0.00381553	
0.000221729	0.0221729	0.270953	0.32949	0.202661	0.0953437	0.0416851	0.02949	0.0075388	0.000221729	0.000221729	
0.000544366	0.000544366	0.0724007	0.353838	0.293958	0.156233	0.0484486	0.0364725	0.00653239	0.0244965	0.00653239	
0.00142045	0.00142045	0.0482955	0.22017	0.37642	0.267045	0.0795455	0.00142045	0.00142045	0.00142045	0.00142045	
0.00284091	0.00284091	0.00284091	0.221591	0.284091	0.315341	0.127841	0.0340909	0.00284091	0.00284091	0.00284091	
0.00606061	0.00606061	0.00606061	0.0727273	0.139394	0.339394	0.0727273	0.206061	0.139394	0.00606061	0.00606061	
0.012987	0.012987	0.012987	0.012987	0.441558	0.155844	0.298701	0.012987	0.012987	0.012987	0.012987	
0.0181818	0.0181818	0.0181818	0.0181818	0.218182	0.218182	0.418182	0.0181818	0.0181818	0.0181818	0.0181818	
0.0227273	0.0227273	0.0227273	0.0227273	0.272727	0.522727	0.0227273	0.0227273	0.0227273	0.0227273	0.0227273	
0.012987	0.012987	0.012987	0.012987	0.441558	0.155844	0.012987	0.298701	0.012987	0.012987	0.012987	


Vector Pi :

0.00149031	0.4769	0.362146	0.099851	0.0178838	0.00149031	0.0178838	0.00149031	0.00149031	0.0178838	0.00149031	


Vector Phi :

0.000830851	0.434471	0.322415	0.133567	0.052271	0.0265559	0.0116208	0.00581198	0.0041516	0.00249166	0.00581362	
