
Parameters: 11 states AND 11 symbols

Matrix A :

0.090909	0.090909	0.090909	0.090909	0.090909	0.090909	0.090909	0.090909	0.090909	0.090909	0.090909	
0.000390	0.837300	0.116270	0.008974	0.004682	0.004682	0.000390	0.017558	0.004682	0.000390	0.004682	
0.000866	0.286580	0.496104	0.105628	0.077056	0.000866	0.000866	0.010390	0.010390	0.000866	0.010390	
0.001855	0.063080	0.307978	0.450835	0.103896	0.022263	0.001855	0.042672	0.001855	0.001855	0.001855	
0.002755	0.063361	0.123967	0.154270	0.305785	0.154270	0.063361	0.033058	0.093664	0.002755	0.002755	
0.003636	0.003636	0.003636	0.163636	0.123636	0.443636	0.163636	0.043636	0.043636	0.003636	0.003636	
0.004545	0.054545	0.154545	0.004545	0.204545	0.154545	0.154545	0.154545	0.054545	0.054545	0.004545	
0.003497	0.003497	0.003497	0.080420	0.041958	0.080420	0.234266	0.195804	0.234266	0.118881	0.003497	
0.002392	0.002392	0.028708	0.028708	0.028708	0.028708	0.107656	0.160287	0.397129	0.160287	0.055024	
0.002525	0.002525	0.030303	0.002525	0.002525	0.002525	0.002525	0.058081	0.196970	0.613636	0.085859	
0.002674	0.002674	0.032086	0.032086	0.002674	0.002674	0.002674	0.002674	0.061497	0.090909	0.767380	


Matrix B :

0.090909	0.090909	0.090909	0.090909	0.090909	0.090909	0.090909	0.090909	0.090909	0.090909	0.090909	
0.000368	0.348546	0.251380	0.223040	0.133971	0.024660	0.016562	0.000368	0.000368	0.000368	0.000368	
0.000826	0.182645	0.300826	0.300826	0.119008	0.037190	0.019008	0.037190	0.000826	0.000826	0.000826	
0.001818	0.061818	0.161818	0.161818	0.301818	0.141818	0.061818	0.021818	0.081818	0.001818	0.001818	
0.002674	0.002674	0.267380	0.296791	0.237968	0.120321	0.061497	0.002674	0.002674	0.002674	0.002674	
0.003497	0.041958	0.311189	0.388112	0.118881	0.041958	0.080420	0.003497	0.003497	0.003497	0.003497	
0.004132	0.140496	0.004132	0.504132	0.185950	0.095041	0.004132	0.049587	0.004132	0.004132	0.004132	
0.003135	0.106583	0.175549	0.244514	0.313480	0.106583	0.003135	0.003135	0.037618	0.003135	0.003135	
0.002392	0.002392	0.081340	0.160287	0.160287	0.186603	0.133971	0.186603	0.055024	0.028708	0.002392	
0.002457	0.002457	0.029484	0.137592	0.029484	0.191646	0.056511	0.245700	0.083538	0.083538	0.137592	
0.002525	0.030303	0.085859	0.141414	0.085859	0.169192	0.308081	0.058081	0.085859	0.030303	0.002525	


Vector Pi :

0.002933	0.486804	0.164223	0.035191	0.002933	0.035191	0.067449	0.099707	0.002933	0.035191	0.067449	


Vector Phi :

0.001690	0.379723	0.174829	0.082830	0.057986	0.042795	0.034041	0.043795	0.064372	0.060815	0.057125	
