
Parameters: 11 states AND 11 symbols

Matrix A :

0.0909091	0.0909091	0.0909091	0.0909091	0.0909091	0.0909091	0.0909091	0.0909091	0.0909091	0.0909091	0.0909091	
0.000178603	0.61511	0.308627	0.0492945	0.019825	0.00607251	0.000178603	0.000178603	0.000178603	0.000178603	0.000178603	
0.000278862	0.429727	0.313162	0.168991	0.0738985	0.0125488	0.000278862	0.000278862	0.000278862	0.000278862	0.000278862	
0.000547645	0.229463	0.307777	0.277656	0.133078	0.0427163	0.000547645	0.00657174	0.000547645	0.000547645	0.000547645	
0.000826446	0.128099	0.13719	0.246281	0.255372	0.146281	0.046281	0.0190083	0.00991736	0.00991736	0.000826446	
0.00181818	0.0218182	0.00181818	0.201818	0.401818	0.221818	0.121818	0.0218182	0.00181818	0.00181818	0.00181818	
0.004329	0.0519481	0.004329	0.0519481	0.147186	0.242424	0.290043	0.147186	0.0519481	0.004329	0.004329	
0.00699301	0.0839161	0.00699301	0.0839161	0.0839161	0.237762	0.0839161	0.314685	0.0839161	0.00699301	0.00699301	
0.0151515	0.0151515	0.0151515	0.0151515	0.181818	0.0151515	0.348485	0.0151515	0.0151515	0.0151515	0.348485	
0.030303	0.030303	0.030303	0.030303	0.030303	0.030303	0.030303	0.363636	0.030303	0.030303	0.363636	
0.0227273	0.0227273	0.0227273	0.0227273	0.0227273	0.0227273	0.0227273	0.0227273	0.522727	0.272727	0.0227273	


Matrix B :

0.0909091	0.0909091	0.0909091	0.0909091	0.0909091	0.0909091	0.0909091	0.0909091	0.0909091	0.0909091	0.0909091	
0.000169291	0.488065	0.326054	0.126799	0.0318266	0.0206535	0.00389369	0.00203149	0.000169291	0.000169291	0.000169291	
0.000261986	0.308619	0.426775	0.167409	0.0665444	0.0204349	0.00314383	0.00314383	0.00314383	0.000261986	0.000261986	
0.000537924	0.0952125	0.396988	0.249059	0.178053	0.0478752	0.0123722	0.0123722	0.00645508	0.000537924	0.000537924	
0.000783699	0.000783699	0.319749	0.371473	0.147335	0.0956113	0.0611285	0.000783699	0.000783699	0.000783699	0.000783699	
0.00178253	0.00178253	0.0998217	0.335116	0.217469	0.178253	0.0606061	0.0213904	0.0409982	0.0409982	0.00178253	
0.00413223	0.00413223	0.0495868	0.140496	0.231405	0.231405	0.27686	0.00413223	0.00413223	0.00413223	0.0495868	
0.00699301	0.00699301	0.00699301	0.314685	0.160839	0.314685	0.00699301	0.0839161	0.0839161	0.00699301	0.00699301	
0.0151515	0.0151515	0.0151515	0.0151515	0.348485	0.348485	0.181818	0.0151515	0.0151515	0.0151515	0.0151515	
0.030303	0.030303	0.030303	0.030303	0.363636	0.030303	0.363636	0.030303	0.030303	0.030303	0.030303	
0.0227273	0.0227273	0.0227273	0.0227273	0.272727	0.0227273	0.272727	0.272727	0.0227273	0.0227273	0.0227273	


Vector Pi :

0.00149031	0.460507	0.345753	0.0506706	0.099851	0.0178838	0.0178838	0.00149031	0.00149031	0.00149031	0.00149031	


Vector Phi :

0.00082713	0.421009	0.269644	0.137304	0.0909843	0.0413565	0.0173697	0.0107527	0.00496278	0.00248139	0.00330852	
