
Parameters: 11 states AND 11 symbols

Matrix A :

0.0909091	0.0909091	0.0909091	0.0909091	0.0909091	0.0909091	0.0909091	0.0909091	0.0909091	0.0909091	0.0909091	
0.000111136	0.960991	0.0355635	0.000111136	0.00255612	0.000111136	0.000111136	0.000111136	0.000111136	0.000111136	0.000111136	
0.000507872	0.162519	0.743525	0.0731336	0.00609446	0.00609446	0.00609446	0.000507872	0.000507872	0.000507872	0.000507872	
0.00128041	0.0153649	0.212548	0.649168	0.0857875	0.0153649	0.00128041	0.0153649	0.00128041	0.00128041	0.00128041	
0.00293255	0.00293255	0.00293255	0.325513	0.390029	0.131965	0.0351906	0.0351906	0.0351906	0.00293255	0.0351906	
0.00378788	0.0454545	0.00378788	0.00378788	0.253788	0.420455	0.212121	0.00378788	0.00378788	0.00378788	0.0454545	
0.00378788	0.00378788	0.0454545	0.00378788	0.0871212	0.295455	0.295455	0.212121	0.0454545	0.00378788	0.00378788	
0.00478469	0.00478469	0.00478469	0.00478469	0.00478469	0.0574163	0.267943	0.425837	0.162679	0.0574163	0.00478469	
0.00909091	0.00909091	0.00909091	0.00909091	0.109091	0.00909091	0.209091	0.309091	0.109091	0.109091	0.109091	
0.00826446	0.00826446	0.00826446	0.00826446	0.00826446	0.00826446	0.0991736	0.00826446	0.280992	0.371901	0.190083	
0.00757576	0.00757576	0.00757576	0.00757576	0.00757576	0.00757576	0.0909091	0.00757576	0.00757576	0.340909	0.507576	


Matrix B :

0.0909091	0.0909091	0.0909091	0.0909091	0.0909091	0.0909091	0.0909091	0.0909091	0.0909091	0.0909091	0.0909091	
0.000105831	0.129326	0.231771	0.276008	0.173563	0.0990581	0.0606413	0.0245529	0.00476241	0.000105831	0.000105831	
0.00580271	0.0111219	0.176015	0.165377	0.122824	0.14942	0.138781	0.0802708	0.0909091	0.0430368	0.016441	
0.0012285	0.014742	0.041769	0.217445	0.244472	0.149877	0.136364	0.0552826	0.0687961	0.014742	0.0552826	
0.00284091	0.00284091	0.0653409	0.159091	0.127841	0.159091	0.252841	0.190341	0.0340909	0.00284091	0.00284091	
0.003367	0.003367	0.114478	0.447811	0.151515	0.0774411	0.040404	0.151515	0.003367	0.003367	0.003367	
0.00363636	0.00363636	0.123636	0.363636	0.203636	0.163636	0.0836364	0.0436364	0.00363636	0.00363636	0.00363636	
0.00454545	0.00454545	0.00454545	0.454545	0.00454545	0.154545	0.354545	0.00454545	0.00454545	0.00454545	0.00454545	
0.00909091	0.00909091	0.109091	0.209091	0.309091	0.109091	0.209091	0.00909091	0.00909091	0.00909091	0.00909091	
0.00826446	0.00826446	0.00826446	0.0991736	0.280992	0.190083	0.190083	0.0991736	0.0991736	0.00826446	0.00826446	
0.00699301	0.00699301	0.00699301	0.00699301	0.160839	0.237762	0.160839	0.314685	0.0839161	0.00699301	0.00699301	


Vector Pi :

0.00149031	0.673621	0.149031	0.0670641	0.0178838	0.0342772	0.0178838	0.0178838	0.00149031	0.00149031	0.0178838	


Vector Phi :

0.0008708	0.676844	0.147683	0.0576851	0.0269806	0.0225268	0.021468	0.0167182	0.00881618	0.00973504	0.0106732	
