
Parameters: 11 states AND 11 symbols

Matrix A :

0.090909	0.090909	0.090909	0.090909	0.090909	0.090909	0.090909	0.090909	0.090909	0.090909	0.090909	
0.000235	0.927883	0.067418	0.000235	0.002819	0.000235	0.000235	0.000235	0.000235	0.000235	0.000235	
0.001021	0.293156	0.495403	0.124617	0.057201	0.012257	0.012257	0.001021	0.001021	0.001021	0.001021	
0.002674	0.032086	0.385027	0.385027	0.061497	0.061497	0.002674	0.002674	0.032086	0.002674	0.032086	
0.005682	0.005682	0.005682	0.255682	0.193182	0.130682	0.255682	0.068182	0.068182	0.005682	0.005682	
0.005348	0.005348	0.240642	0.122995	0.122995	0.181818	0.240642	0.005348	0.064171	0.005348	0.005348	
0.003497	0.003497	0.041958	0.041958	0.041958	0.195804	0.465035	0.157343	0.041958	0.003497	0.003497	
0.009091	0.109091	0.009091	0.009091	0.009091	0.209091	0.309091	0.209091	0.009091	0.009091	0.109091	
0.009091	0.009091	0.009091	0.109091	0.009091	0.009091	0.009091	0.209091	0.409091	0.109091	0.109091	
0.015152	0.015152	0.015152	0.015152	0.015152	0.015152	0.181818	0.015152	0.181818	0.348485	0.181818	
0.010101	0.010101	0.010101	0.121212	0.010101	0.121212	0.010101	0.010101	0.010101	0.232323	0.454545	


Matrix B :

0.090909	0.090909	0.090909	0.090909	0.090909	0.090909	0.090909	0.090909	0.090909	0.090909	0.090909	
0.000223	0.270494	0.378602	0.209069	0.086218	0.039535	0.005137	0.002680	0.000223	0.002680	0.005137	
0.000967	0.139265	0.639265	0.149903	0.022244	0.022244	0.000967	0.000967	0.000967	0.000967	0.022244	
0.002525	0.030303	0.419192	0.474747	0.030303	0.002525	0.002525	0.002525	0.002525	0.030303	0.002525	
0.005682	0.068182	0.380682	0.255682	0.193182	0.068182	0.005682	0.005682	0.005682	0.005682	0.005682	
0.005348	0.064171	0.475936	0.240642	0.181818	0.005348	0.005348	0.005348	0.005348	0.005348	0.005348	
0.003247	0.038961	0.217532	0.288961	0.217532	0.181818	0.003247	0.003247	0.003247	0.038961	0.003247	
0.009091	0.009091	0.209091	0.309091	0.009091	0.109091	0.109091	0.109091	0.109091	0.009091	0.009091	
0.009091	0.009091	0.409091	0.409091	0.109091	0.009091	0.009091	0.009091	0.009091	0.009091	0.009091	
0.015152	0.181818	0.015152	0.515152	0.181818	0.015152	0.015152	0.015152	0.015152	0.015152	0.015152	
0.009091	0.109091	0.609091	0.009091	0.209091	0.009091	0.009091	0.009091	0.009091	0.009091	0.009091	


Vector Pi :

0.002933	0.615836	0.164223	0.067449	0.035191	0.002933	0.067449	0.002933	0.002933	0.002933	0.035191	


Vector Phi :

0.001567	0.654509	0.146060	0.053868	0.023701	0.026270	0.039880	0.015341	0.015447	0.009340	0.014016	
