
Parameters: 11 states AND 11 symbols

Matrix A :

0.090909	0.090909	0.090909	0.090909	0.090909	0.090909	0.090909	0.090909	0.090909	0.090909	0.090909	
0.000282	0.897798	0.087239	0.006494	0.003388	0.000282	0.000282	0.003388	0.000282	0.000282	0.000282	
0.000834	0.257715	0.514595	0.147623	0.046706	0.000834	0.010008	0.000834	0.010008	0.010008	0.000834	
0.001567	0.018809	0.346395	0.467085	0.087774	0.070533	0.001567	0.001567	0.001567	0.001567	0.001567	
0.002755	0.093664	0.033058	0.245179	0.366391	0.033058	0.154270	0.033058	0.033058	0.002755	0.002755	
0.006061	0.006061	0.072727	0.206061	0.206061	0.206061	0.272727	0.006061	0.006061	0.006061	0.006061	
0.003953	0.003953	0.003953	0.047431	0.134387	0.221344	0.308300	0.090909	0.134387	0.047431	0.003953	
0.012987	0.012987	0.155844	0.012987	0.155844	0.012987	0.155844	0.012987	0.155844	0.298701	0.012987	
0.004785	0.004785	0.004785	0.004785	0.110048	0.057416	0.215311	0.004785	0.478469	0.057416	0.057416	
0.006993	0.006993	0.083916	0.006993	0.006993	0.006993	0.006993	0.160839	0.237762	0.314685	0.160839	
0.018182	0.018182	0.018182	0.018182	0.018182	0.018182	0.018182	0.018182	0.018182	0.618182	0.218182	


Matrix B :

0.090909	0.090909	0.090909	0.090909	0.090909	0.090909	0.090909	0.090909	0.090909	0.090909	0.090909	
0.000270	0.276234	0.374157	0.142703	0.124899	0.041813	0.029943	0.003237	0.006204	0.000270	0.000270	
0.000791	0.052964	0.252964	0.383399	0.139921	0.096443	0.026877	0.018182	0.009486	0.009486	0.009486	
0.001420	0.001420	0.282670	0.157670	0.298295	0.220170	0.017045	0.001420	0.001420	0.001420	0.017045	
0.002674	0.002674	0.179144	0.090909	0.179144	0.355615	0.120321	0.032086	0.002674	0.032086	0.002674	
0.006061	0.006061	0.072727	0.606061	0.139394	0.139394	0.006061	0.006061	0.006061	0.006061	0.006061	
0.003953	0.003953	0.134387	0.264822	0.264822	0.090909	0.090909	0.090909	0.003953	0.047431	0.003953	
0.012987	0.012987	0.155844	0.012987	0.012987	0.298701	0.298701	0.155844	0.012987	0.012987	0.012987	
0.004785	0.004785	0.215311	0.110048	0.215311	0.162679	0.004785	0.057416	0.057416	0.110048	0.057416	
0.006993	0.006993	0.083916	0.083916	0.160839	0.083916	0.160839	0.083916	0.160839	0.083916	0.083916	
0.012987	0.012987	0.012987	0.012987	0.012987	0.441558	0.012987	0.012987	0.012987	0.012987	0.441558	


Vector Pi :

0.002933	0.486804	0.196481	0.196481	0.035191	0.002933	0.002933	0.002933	0.002933	0.002933	0.067449	


Vector Phi :

0.001653	0.532231	0.180165	0.095868	0.054546	0.024793	0.038017	0.011570	0.031405	0.021488	0.008264	
