
Parameters: 11 states AND 11 symbols

Matrix A :

0.090909	0.090909	0.090909	0.090909	0.090909	0.090909	0.090909	0.090909	0.090909	0.090909	0.090909	
0.000211	0.942072	0.049049	0.004863	0.000211	0.000211	0.000211	0.002537	0.000211	0.000211	0.000211	
0.001229	0.257985	0.609337	0.082310	0.028256	0.001229	0.001229	0.001229	0.001229	0.001229	0.014742	
0.003367	0.077441	0.188552	0.447811	0.225589	0.040404	0.003367	0.003367	0.003367	0.003367	0.003367	
0.003788	0.045455	0.128788	0.170455	0.337121	0.128788	0.087121	0.045455	0.003788	0.003788	0.045455	
0.009091	0.009091	0.009091	0.109091	0.409091	0.309091	0.009091	0.109091	0.009091	0.009091	0.009091	
0.011364	0.011364	0.011364	0.011364	0.261364	0.136364	0.261364	0.136364	0.136364	0.011364	0.011364	
0.007576	0.090909	0.007576	0.007576	0.007576	0.090909	0.257576	0.340909	0.090909	0.007576	0.090909	
0.018182	0.018182	0.018182	0.218182	0.018182	0.018182	0.018182	0.418182	0.218182	0.018182	0.018182	
0.022727	0.022727	0.022727	0.022727	0.022727	0.022727	0.022727	0.022727	0.022727	0.272727	0.522727	
0.009091	0.009091	0.009091	0.009091	0.109091	0.009091	0.009091	0.109091	0.109091	0.209091	0.409091	


Matrix B :

0.090909	0.090909	0.090909	0.090909	0.090909	0.090909	0.090909	0.090909	0.090909	0.090909	0.090909	
0.000202	0.474590	0.392185	0.053655	0.022474	0.018020	0.011338	0.013565	0.006884	0.002430	0.004657	
0.001136	0.176136	0.501136	0.276136	0.038636	0.001136	0.001136	0.001136	0.001136	0.001136	0.001136	
0.003247	0.181818	0.396104	0.360390	0.038961	0.003247	0.003247	0.003247	0.003247	0.003247	0.003247	
0.003497	0.118881	0.541958	0.195804	0.080420	0.003497	0.041958	0.003497	0.003497	0.003497	0.003497	
0.009091	0.109091	0.409091	0.409091	0.009091	0.009091	0.009091	0.009091	0.009091	0.009091	0.009091	
0.011364	0.011364	0.511364	0.386364	0.011364	0.011364	0.011364	0.011364	0.011364	0.011364	0.011364	
0.007576	0.090909	0.340909	0.340909	0.174242	0.007576	0.007576	0.007576	0.007576	0.007576	0.007576	
0.018182	0.018182	0.418182	0.218182	0.218182	0.018182	0.018182	0.018182	0.018182	0.018182	0.018182	
0.018182	0.218182	0.018182	0.618182	0.018182	0.018182	0.018182	0.018182	0.018182	0.018182	0.018182	
0.008264	0.280992	0.008264	0.280992	0.099174	0.099174	0.190083	0.008264	0.008264	0.008264	0.008264	


Vector Pi :

0.002933	0.648094	0.164223	0.035191	0.067449	0.002933	0.002933	0.002933	0.002933	0.035191	0.035191	


Vector Phi :

0.001683	0.703228	0.126410	0.045596	0.040548	0.016861	0.013466	0.020151	0.008418	0.006748	0.016890	
