
Parameters: 11 states AND 11 symbols

Matrix A :

0.090909	0.090909	0.090909	0.090909	0.090909	0.090909	0.090909	0.090909	0.090909	0.090909	0.090909	
0.000439	0.826526	0.145367	0.019763	0.000439	0.000439	0.000439	0.000439	0.005270	0.000439	0.000439	
0.000606	0.193939	0.613939	0.133939	0.020606	0.013939	0.000606	0.013939	0.007273	0.000606	0.000606	
0.001109	0.037694	0.245011	0.440133	0.123060	0.074279	0.037694	0.013304	0.025499	0.001109	0.001109	
0.002165	0.025974	0.025974	0.335498	0.430736	0.145022	0.025974	0.002165	0.002165	0.002165	0.002165	
0.002933	0.002933	0.099707	0.164223	0.196481	0.196481	0.131965	0.067449	0.067449	0.035191	0.035191	
0.003636	0.123636	0.043636	0.083636	0.123636	0.163636	0.243636	0.203636	0.003636	0.003636	0.003636	
0.005051	0.005051	0.005051	0.005051	0.005051	0.116162	0.227273	0.171717	0.282828	0.060606	0.116162	
0.004545	0.004545	0.054545	0.004545	0.054545	0.054545	0.204545	0.154545	0.254545	0.154545	0.054545	
0.006993	0.006993	0.006993	0.006993	0.006993	0.160839	0.083916	0.006993	0.160839	0.468531	0.083916	
0.005682	0.005682	0.068182	0.005682	0.005682	0.005682	0.068182	0.068182	0.068182	0.068182	0.630682	


Matrix B :

0.090909	0.090909	0.090909	0.090909	0.090909	0.090909	0.090909	0.090909	0.090909	0.090909	0.090909	
0.000408	0.525071	0.291887	0.117000	0.040766	0.022829	0.000408	0.000408	0.000408	0.000408	0.000408	
0.000590	0.279811	0.416175	0.227863	0.039551	0.020071	0.007084	0.000590	0.007084	0.000590	0.000590	
0.001082	0.215368	0.453463	0.274892	0.001082	0.036797	0.001082	0.001082	0.001082	0.012987	0.001082	
0.002114	0.118393	0.374207	0.304440	0.118393	0.071882	0.002114	0.002114	0.002114	0.002114	0.002114	
0.002597	0.116883	0.516883	0.231169	0.116883	0.002597	0.002597	0.002597	0.002597	0.002597	0.002597	
0.003497	0.080420	0.618881	0.080420	0.118881	0.041958	0.003497	0.003497	0.003497	0.003497	0.041958	
0.005051	0.282828	0.338384	0.116162	0.005051	0.116162	0.060606	0.005051	0.005051	0.005051	0.060606	
0.004329	0.194805	0.337662	0.051948	0.051948	0.099567	0.099567	0.004329	0.147186	0.004329	0.004329	
0.006993	0.006993	0.083916	0.160839	0.391608	0.083916	0.083916	0.083916	0.083916	0.006993	0.006993	
0.005348	0.122995	0.593583	0.181818	0.064171	0.005348	0.005348	0.005348	0.005348	0.005348	0.005348	


Vector Pi :

0.002933	0.486804	0.131965	0.067449	0.035191	0.164223	0.035191	0.002933	0.035191	0.002933	0.035191	


Vector Phi :

0.001620	0.351409	0.249150	0.134034	0.067732	0.048212	0.040081	0.028978	0.032291	0.020857	0.025636	
