
Parameters: 11 states AND 11 symbols

Matrix A :

0.0909091	0.0909091	0.0909091	0.0909091	0.0909091	0.0909091	0.0909091	0.0909091	0.0909091	0.0909091	0.0909091	
0.000184775	0.632299	0.280673	0.0774205	0.00628234	0.00221729	0.000184775	0.000184775	0.000184775	0.000184775	0.000184775	
0.000249066	0.38655	0.353674	0.19203	0.0577833	0.00846824	0.000249066	0.000249066	0.000249066	0.000249066	0.000249066	
0.000424809	0.145285	0.374257	0.304163	0.145285	0.0191164	0.00509771	0.00509771	0.000424809	0.000424809	0.000424809	
0.0011655	0.0780886	0.167832	0.449883	0.193473	0.0909091	0.013986	0.0011655	0.0011655	0.0011655	0.0011655	
0.00324675	0.038961	0.181818	0.146104	0.181818	0.217532	0.217532	0.00324675	0.00324675	0.00324675	0.00324675	
0.00699301	0.00699301	0.00699301	0.0839161	0.0839161	0.314685	0.160839	0.237762	0.00699301	0.0839161	0.00699301	
0.0151515	0.0151515	0.0151515	0.0151515	0.0151515	0.348485	0.0151515	0.0151515	0.348485	0.181818	0.0151515	
0.0181818	0.0181818	0.0181818	0.0181818	0.0181818	0.0181818	0.418182	0.218182	0.0181818	0.0181818	0.218182	
0.0227273	0.0227273	0.0227273	0.0227273	0.272727	0.0227273	0.0227273	0.0227273	0.0227273	0.272727	0.272727	
0.030303	0.030303	0.030303	0.030303	0.030303	0.030303	0.030303	0.030303	0.69697	0.030303	0.030303	


Matrix B :

0.0909091	0.0909091	0.0909091	0.0909091	0.0909091	0.0909091	0.0909091	0.0909091	0.0909091	0.0909091	0.0909091	
0.000177211	0.446571	0.286727	0.160021	0.0625554	0.0216197	0.0177211	0.000177211	0.00212653	0.00212653	0.000177211	
0.000236128	0.161275	0.439197	0.208028	0.101535	0.0521842	0.0236128	0.00543093	0.00543093	0.00283353	0.000236128	
0.00040404	0.00040404	0.364848	0.351515	0.15596	0.0848485	0.0315152	0.00929293	0.00040404	0.00040404	0.00040404	
0.00112233	0.00112233	0.00112233	0.420875	0.260382	0.198653	0.0751964	0.0258137	0.00112233	0.00112233	0.013468	
0.0030303	0.0030303	0.0030303	0.10303	0.469697	0.136364	0.20303	0.069697	0.0030303	0.0030303	0.0030303	
0.00649351	0.00649351	0.00649351	0.00649351	0.577922	0.0779221	0.220779	0.0779221	0.00649351	0.00649351	0.00649351	
0.0151515	0.0151515	0.0151515	0.0151515	0.0151515	0.681818	0.181818	0.0151515	0.0151515	0.0151515	0.0151515	
0.0151515	0.0151515	0.0151515	0.0151515	0.0151515	0.0151515	0.848485	0.0151515	0.0151515	0.0151515	0.0151515	
0.0181818	0.0181818	0.0181818	0.0181818	0.0181818	0.0181818	0.218182	0.0181818	0.0181818	0.218182	0.418182	
0.030303	0.030303	0.030303	0.030303	0.030303	0.030303	0.363636	0.363636	0.030303	0.030303	0.030303	


Vector Pi :

0.00149031	0.362146	0.312966	0.181818	0.0506706	0.0342772	0.0178838	0.00149031	0.0178838	0.0178838	0.00149031	


Vector Phi :

0.000827879	0.405727	0.30279	0.177185	0.064612	0.0231892	0.0107655	0.00496816	0.00413983	0.00331203	0.00248385	
