
Parameters: 11 states AND 11 symbols

Matrix A :

0.0909091	0.0909091	0.0909091	0.0909091	0.0909091	0.0909091	0.0909091	0.0909091	0.0909091	0.0909091	0.0909091	
0.000253936	0.475114	0.315896	0.148299	0.0505333	0.00863382	0.000253936	0.000253936	0.000253936	0.000253936	0.000253936	
0.000294204	0.378935	0.320683	0.171815	0.0812004	0.0326567	0.0100029	0.00353045	0.000294204	0.000294204	0.000294204	
0.000422833	0.205074	0.274841	0.246934	0.200423	0.0515856	0.00972516	0.00972516	0.000422833	0.000422833	0.000422833	
0.000654022	0.144539	0.158927	0.209287	0.187704	0.209287	0.0654022	0.00784827	0.0150425	0.000654022	0.000654022	
0.000956938	0.0430622	0.137799	0.158852	0.179904	0.243062	0.200957	0.000956938	0.0220096	0.0114833	0.000956938	
0.00174825	0.0402098	0.0402098	0.213287	0.0979021	0.213287	0.174825	0.136364	0.0402098	0.0402098	0.00174825	
0.00568182	0.00568182	0.00568182	0.00568182	0.193182	0.0681818	0.318182	0.130682	0.193182	0.0681818	0.00568182	
0.00757576	0.00757576	0.00757576	0.00757576	0.00757576	0.424242	0.174242	0.0909091	0.00757576	0.0909091	0.174242	
0.012987	0.012987	0.012987	0.155844	0.012987	0.012987	0.298701	0.155844	0.012987	0.012987	0.298701	
0.0181818	0.0181818	0.0181818	0.0181818	0.0181818	0.218182	0.0181818	0.0181818	0.418182	0.218182	0.0181818	


Matrix B :

0.0909091	0.0909091	0.0909091	0.0909091	0.0909091	0.0909091	0.0909091	0.0909091	0.0909091	0.0909091	0.0909091	
0.000241138	0.490957	0.302628	0.130215	0.0320714	0.0214613	0.0161563	0.000241138	0.00289366	0.00289366	0.000241138	
0.000278862	0.178193	0.515616	0.23034	0.0493586	0.0156163	0.00948132	0.000278862	0.000278862	0.000278862	0.000278862	
0.000407664	0.000407664	0.480228	0.27395	0.143905	0.049735	0.0183449	0.00937627	0.00937627	0.0138606	0.000407664	
0.000626959	0.000626959	0.0902821	0.483386	0.290282	0.0695925	0.0489028	0.00752351	0.000626959	0.000626959	0.00752351	
0.000918274	0.000918274	0.000918274	0.243343	0.404959	0.22314	0.0817264	0.0110193	0.0211203	0.0110193	0.000918274	
0.00162338	0.00162338	0.00162338	0.0194805	0.358766	0.340909	0.198052	0.0373377	0.0373377	0.00162338	0.00162338	
0.00568182	0.00568182	0.00568182	0.00568182	0.193182	0.380682	0.193182	0.130682	0.00568182	0.0681818	0.00568182	
0.00699301	0.00699301	0.00699301	0.00699301	0.00699301	0.237762	0.468531	0.00699301	0.0839161	0.00699301	0.160839	
0.012987	0.012987	0.012987	0.012987	0.012987	0.155844	0.727273	0.012987	0.012987	0.012987	0.012987	
0.0151515	0.0151515	0.0151515	0.0151515	0.0151515	0.0151515	0.848485	0.0151515	0.0151515	0.0151515	0.0151515	


Vector Pi :

0.00149031	0.312966	0.280179	0.116244	0.116244	0.0670641	0.0670641	0.00149031	0.0178838	0.00149031	0.0178838	


Vector Phi :

0.000825699	0.296332	0.255783	0.178697	0.114127	0.0783532	0.0428798	0.0132097	0.00989319	0.00577462	0.00412446	
