
Parameters: 11 states AND 11 symbols

Matrix A :

0.0909091	0.0909091	0.0909091	0.0909091	0.0909091	0.0909091	0.0909091	0.0909091	0.0909091	0.0909091	0.0909091	
9.10001e-05	0.963054	0.032123	0.001092	0.001092	9.10001e-05	0.001092	9.10001e-05	9.10001e-05	9.10001e-05	0.001092	
0.000849618	0.281223	0.570943	0.0943076	0.0195412	0.0101954	0.0101954	0.0101954	0.000849618	0.000849618	0.000849618	
0.0025974	0.145455	0.288312	0.345455	0.145455	0.0597403	0.0025974	0.0025974	0.0025974	0.0025974	0.0025974	
0.00454545	0.0545455	0.104545	0.304545	0.404545	0.0545455	0.0545455	0.00454545	0.00454545	0.00454545	0.00454545	
0.010101	0.010101	0.121212	0.121212	0.232323	0.232323	0.121212	0.121212	0.010101	0.010101	0.010101	
0.010101	0.121212	0.010101	0.232323	0.010101	0.121212	0.121212	0.121212	0.232323	0.010101	0.010101	
0.012987	0.012987	0.012987	0.155844	0.012987	0.012987	0.155844	0.298701	0.298701	0.012987	0.012987	
0.00909091	0.00909091	0.00909091	0.109091	0.109091	0.00909091	0.209091	0.109091	0.209091	0.209091	0.00909091	
0.0227273	0.0227273	0.0227273	0.0227273	0.0227273	0.0227273	0.0227273	0.0227273	0.772727	0.0227273	0.0227273	
0.0227273	0.0227273	0.0227273	0.0227273	0.0227273	0.0227273	0.0227273	0.0227273	0.0227273	0.272727	0.522727	


Matrix B :

0.0909091	0.0909091	0.0909091	0.0909091	0.0909091	0.0909091	0.0909091	0.0909091	0.0909091	0.0909091	0.0909091	
8.66626e-05	0.316579	0.446226	0.172632	0.0382182	0.0181992	0.0058064	0.00103995	0.00103995	8.66626e-05	8.66626e-05	
0.000797448	0.0358852	0.263955	0.37799	0.272727	0.0271132	0.000797448	0.000797448	0.00956938	0.00956938	0.000797448	
0.00252525	0.030303	0.252525	0.252525	0.224747	0.113636	0.0858586	0.00252525	0.00252525	0.030303	0.00252525	
0.00454545	0.0545455	0.0545455	0.254545	0.354545	0.0545455	0.00454545	0.00454545	0.0545455	0.0545455	0.104545	
0.010101	0.010101	0.010101	0.010101	0.232323	0.454545	0.232323	0.010101	0.010101	0.010101	0.010101	
0.00909091	0.00909091	0.00909091	0.409091	0.00909091	0.00909091	0.109091	0.209091	0.109091	0.109091	0.00909091	
0.0113636	0.0113636	0.0113636	0.136364	0.261364	0.0113636	0.0113636	0.261364	0.0113636	0.0113636	0.261364	
0.00909091	0.00909091	0.00909091	0.109091	0.00909091	0.309091	0.00909091	0.00909091	0.00909091	0.309091	0.209091	
0.0227273	0.0227273	0.0227273	0.272727	0.0227273	0.0227273	0.272727	0.272727	0.0227273	0.0227273	0.0227273	
0.0227273	0.0227273	0.0227273	0.522727	0.272727	0.0227273	0.0227273	0.0227273	0.0227273	0.0227273	0.0227273	


Vector Pi :

0.00149031	0.804769	0.116244	0.0178838	0.00149031	0.0178838	0.0178838	0.0178838	0.00149031	0.00149031	0.00149031	


Vector Phi :

0.000784081	0.835241	0.087782	0.0278489	0.0156319	0.00611541	0.00701099	0.00538127	0.00780801	0.00315576	0.00324032	
