
Parameters: 11 states AND 11 symbols

Matrix A :

0.0909091	0.0909091	0.0909091	0.0909091	0.0909091	0.0909091	0.0909091	0.0909091	0.0909091	0.0909091	0.0909091	
0.000105708	0.933827	0.0640592	0.0012685	0.000105708	0.000105708	0.000105708	0.000105708	0.000105708	0.000105708	0.000105708	
0.000395257	0.243874	0.661265	0.0916996	0.000395257	0.000395257	0.000395257	0.000395257	0.000395257	0.000395257	0.000395257	
0.0012285	0.014742	0.271499	0.609337	0.0687961	0.014742	0.0012285	0.0012285	0.014742	0.0012285	0.0012285	
0.00606061	0.00606061	0.0727273	0.272727	0.472727	0.139394	0.00606061	0.00606061	0.00606061	0.00606061	0.00606061	
0.012987	0.012987	0.012987	0.155844	0.155844	0.298701	0.298701	0.012987	0.012987	0.012987	0.012987	
0.0227273	0.0227273	0.0227273	0.0227273	0.0227273	0.272727	0.272727	0.272727	0.0227273	0.0227273	0.0227273	
0.0227273	0.0227273	0.0227273	0.272727	0.272727	0.0227273	0.0227273	0.0227273	0.272727	0.0227273	0.0227273	
0.0181818	0.0181818	0.0181818	0.0181818	0.0181818	0.0181818	0.0181818	0.218182	0.418182	0.0181818	0.218182	
0.0909091	0.0909091	0.0909091	0.0909091	0.0909091	0.0909091	0.0909091	0.0909091	0.0909091	0.0909091	0.0909091	
0.0227273	0.0227273	0.0227273	0.0227273	0.0227273	0.0227273	0.0227273	0.272727	0.0227273	0.0227273	0.522727	


Matrix B :

0.0909091	0.0909091	0.0909091	0.0909091	0.0909091	0.0909091	0.0909091	0.0909091	0.0909091	0.0909091	0.0909091	
0.000100786	0.208527	0.388127	0.244003	0.0899012	0.0455553	0.0134046	0.00675267	0.00120943	0.00231808	0.000100786	
0.000374111	0.00448934	0.0785634	0.333707	0.325477	0.177329	0.0621025	0.00448934	0.00448934	0.00860456	0.000374111	
0.0141677	0.00118064	0.0141677	0.105077	0.377804	0.312869	0.105077	0.0141677	0.0271547	0.0271547	0.00118064	
0.00568182	0.00568182	0.00568182	0.0681818	0.318182	0.00568182	0.193182	0.193182	0.00568182	0.130682	0.0681818	
0.012987	0.012987	0.012987	0.012987	0.012987	0.584416	0.012987	0.012987	0.012987	0.298701	0.012987	
0.0227273	0.0227273	0.0227273	0.0227273	0.0227273	0.0227273	0.522727	0.0227273	0.272727	0.0227273	0.0227273	
0.0227273	0.0227273	0.0227273	0.0227273	0.272727	0.0227273	0.272727	0.0227273	0.272727	0.0227273	0.0227273	
0.0181818	0.0181818	0.0181818	0.0181818	0.218182	0.0181818	0.218182	0.218182	0.218182	0.0181818	0.0181818	
0.0909091	0.0909091	0.0909091	0.0909091	0.0909091	0.0909091	0.0909091	0.0909091	0.0909091	0.0909091	0.0909091	
0.0181818	0.0181818	0.0181818	0.0181818	0.0181818	0.0181818	0.618182	0.218182	0.0181818	0.0181818	0.0181818	


Vector Pi :

0.00149031	0.673621	0.230999	0.0506706	0.0178838	0.00149031	0.00149031	0.00149031	0.00149031	0.00149031	0.0178838	


Vector Phi :

0.000822674	0.717136	0.188469	0.0607113	0.0123156	0.00574981	0.00328731	0.00328845	0.00410869	0.000822674	0.00328883	
