
Parameters: 11 states AND 11 symbols

Matrix A :

0.0909091	0.0909091	0.0909091	0.0909091	0.0909091	0.0909091	0.0909091	0.0909091	0.0909091	0.0909091	0.0909091	
0.000227842	0.69697	0.255867	0.0403281	0.00524037	0.000227842	0.000227842	0.000227842	0.000227842	0.000227842	0.000227842	
0.000284981	0.326304	0.417213	0.219721	0.0316329	0.000284981	0.00341978	0.000284981	0.000284981	0.000284981	0.000284981	
0.000381971	0.0508021	0.286096	0.454163	0.172651	0.0255921	0.00878533	0.000381971	0.000381971	0.000381971	0.000381971	
0.000770416	0.0177196	0.102465	0.288906	0.331279	0.221109	0.0346687	0.000770416	0.000770416	0.000770416	0.000770416	
0.00128041	0.00128041	0.0435339	0.128041	0.268886	0.367478	0.170294	0.0153649	0.00128041	0.00128041	0.00128041	
0.00227273	0.0272727	0.00227273	0.00227273	0.177273	0.277273	0.377273	0.0522727	0.0522727	0.0272727	0.00227273	
0.010101	0.010101	0.010101	0.010101	0.010101	0.121212	0.343434	0.454545	0.010101	0.010101	0.010101	
0.0181818	0.0181818	0.0181818	0.0181818	0.0181818	0.0181818	0.418182	0.218182	0.218182	0.0181818	0.0181818	
0.030303	0.030303	0.030303	0.030303	0.030303	0.030303	0.030303	0.030303	0.363636	0.030303	0.363636	
0.0454545	0.0454545	0.0454545	0.0454545	0.0454545	0.0454545	0.0454545	0.0454545	0.0454545	0.545455	0.0454545	


Matrix B :

0.0909091	0.0909091	0.0909091	0.0909091	0.0909091	0.0909091	0.0909091	0.0909091	0.0909091	0.0909091	0.0909091	
0.000217486	0.53371	0.342323	0.107873	0.0145716	0.000217486	0.000217486	0.000217486	0.000217486	0.000217486	0.000217486	
0.000272183	0.185901	0.646979	0.126021	0.0362003	0.00326619	0.000272183	0.000272183	0.000272183	0.000272183	0.000272183	
0.000355114	0.000355114	0.582386	0.301136	0.0901989	0.0159801	0.00816761	0.000355114	0.000355114	0.000355114	0.000355114	
0.000757576	0.000757576	0.0757576	0.659091	0.175758	0.0590909	0.0257576	0.000757576	0.000757576	0.000757576	0.000757576	
0.00119617	0.00119617	0.00119617	0.343301	0.303828	0.22488	0.0933014	0.027512	0.00119617	0.00119617	0.00119617	
0.00227273	0.00227273	0.00227273	0.00227273	0.252273	0.427273	0.252273	0.0522727	0.00227273	0.00227273	0.00227273	
0.010101	0.010101	0.010101	0.010101	0.121212	0.343434	0.121212	0.343434	0.010101	0.010101	0.010101	
0.0151515	0.0151515	0.0151515	0.0151515	0.0151515	0.515152	0.181818	0.181818	0.0151515	0.0151515	0.0151515	
0.030303	0.030303	0.030303	0.030303	0.030303	0.030303	0.030303	0.030303	0.030303	0.69697	0.030303	
0.0454545	0.0454545	0.0454545	0.0454545	0.0454545	0.0454545	0.0454545	0.0454545	0.0454545	0.0454545	0.545455	


Vector Pi :

0.00149031	0.329359	0.247392	0.296572	0.0178838	0.0834575	0.00149031	0.00149031	0.0178838	0.00149031	0.00149031	


Vector Phi :

0.000836355	0.32789	0.264024	0.198161	0.0997422	0.0597883	0.0336192	0.00755682	0.00419415	0.00251402	0.00167436	
