
Parameters: 11 states AND 11 symbols

Matrix A :

0.0454545	0.0454545	0.0454545	0.0454545	0.0454545	0.0454545	0.0454545	0.0454545	0.0454545	0.0454545	0.545455	
0.000139218	0.859251	0.124182	0.0123904	0.003202	0.000139218	0.000139218	0.000139218	0.000139218	0.000139218	0.000139218	
0.00027972	0.264895	0.627972	0.0864336	0.0187413	0.00027972	0.00027972	0.00027972	0.00027972	0.00027972	0.00027972	
0.000841751	0.0378788	0.297138	0.510101	0.111953	0.0286195	0.010101	0.000841751	0.000841751	0.000841751	0.000841751	
0.00193424	0.00193424	0.129594	0.257253	0.299807	0.2147	0.065764	0.00193424	0.00193424	0.0232108	0.00193424	
0.00239234	0.0550239	0.0287081	0.107656	0.318182	0.397129	0.0813397	0.00239234	0.00239234	0.00239234	0.00239234	
0.00568182	0.00568182	0.00568182	0.00568182	0.00568182	0.380682	0.318182	0.193182	0.0681818	0.00568182	0.00568182	
0.0151515	0.0151515	0.0151515	0.0151515	0.0151515	0.0151515	0.515152	0.348485	0.0151515	0.0151515	0.0151515	
0.0227273	0.0227273	0.0227273	0.0227273	0.0227273	0.522727	0.0227273	0.0227273	0.0227273	0.0227273	0.272727	
0.545455	0.0454545	0.0454545	0.0454545	0.0454545	0.0454545	0.0454545	0.0454545	0.0454545	0.0454545	0.0454545	
0.0227273	0.0227273	0.0227273	0.0227273	0.0227273	0.0227273	0.0227273	0.0227273	0.522727	0.0227273	0.272727	


Matrix B :

0.0454545	0.0454545	0.0454545	0.0454545	0.0454545	0.0454545	0.0454545	0.0454545	0.0454545	0.0454545	0.545455	
0.000131752	0.581291	0.352306	0.0421607	0.0160738	0.00737813	0.000131752	0.000131752	0.000131752	0.000131752	0.000131752	
0.000268168	0.000268168	0.696433	0.262805	0.0356664	0.00321802	0.000268168	0.000268168	0.000268168	0.000268168	0.000268168	
0.000797448	0.000797448	0.0271132	0.570973	0.342903	0.053429	0.000797448	0.000797448	0.000797448	0.000797448	0.000797448	
0.00185529	0.00185529	0.00185529	0.0426716	0.491651	0.348794	0.0834879	0.0222635	0.00185529	0.00185529	0.00185529	
0.002331	0.002331	0.002331	0.002331	0.0536131	0.361305	0.412587	0.130536	0.027972	0.002331	0.002331	
0.00568182	0.00568182	0.00568182	0.00568182	0.00568182	0.00568182	0.568182	0.193182	0.193182	0.00568182	0.00568182	
0.0151515	0.0151515	0.0151515	0.0151515	0.0151515	0.0151515	0.181818	0.681818	0.0151515	0.0151515	0.0151515	
0.0227273	0.0227273	0.0227273	0.0227273	0.0227273	0.0227273	0.0227273	0.0227273	0.772727	0.0227273	0.0227273	
0.0454545	0.0454545	0.0454545	0.0454545	0.0454545	0.0454545	0.0454545	0.0454545	0.545455	0.0454545	0.0454545	
0.0227273	0.0227273	0.0227273	0.0227273	0.0227273	0.0227273	0.0227273	0.0227273	0.0227273	0.0227273	0.772727	


Vector Pi :

0.00149031	0.591654	0.230999	0.099851	0.0342772	0.0342772	0.00149031	0.00149031	0.00149031	0.00149031	0.00149031	


Vector Phi :

0.00161257	0.547126	0.270035	0.088649	0.0378083	0.0292235	0.0127146	0.00478634	0.00321243	0.00161133	0.00322172	
