
Parameters: 11 states AND 11 symbols

Matrix A :

0.0909091	0.0909091	0.0909091	0.0909091	0.0909091	0.0909091	0.0909091	0.0909091	0.0909091	0.0909091	0.0909091	
0.000148787	0.880673	0.104895	0.00669543	0.00178545	0.000148787	0.000148787	0.000148787	0.00178545	0.000148787	0.00342211	
0.000340483	0.251277	0.592101	0.123936	0.0190671	0.00783112	0.000340483	0.000340483	0.000340483	0.0040858	0.000340483	
0.000811688	0.0454545	0.304383	0.393669	0.170455	0.036526	0.0186688	0.00974026	0.00974026	0.00974026	0.000811688	
0.0013369	0.0160428	0.0895722	0.280749	0.339572	0.177807	0.0454545	0.0307487	0.0013369	0.0013369	0.0160428	
0.0016835	0.0016835	0.0387205	0.131313	0.260943	0.390572	0.131313	0.020202	0.020202	0.0016835	0.0016835	
0.00363636	0.00363636	0.00363636	0.0436364	0.0836364	0.323636	0.323636	0.0836364	0.0836364	0.00363636	0.0436364	
0.00699301	0.00699301	0.00699301	0.0839161	0.00699301	0.237762	0.160839	0.160839	0.237762	0.0839161	0.00699301	
0.004329	0.004329	0.0519481	0.0519481	0.0519481	0.147186	0.0519481	0.194805	0.242424	0.194805	0.004329	
0.00649351	0.00649351	0.00649351	0.00649351	0.0779221	0.00649351	0.00649351	0.00649351	0.363636	0.363636	0.149351	
0.00478469	0.00478469	0.0574163	0.00478469	0.0574163	0.00478469	0.0574163	0.00478469	0.110048	0.0574163	0.636364	


Matrix B :

0.0909091	0.0909091	0.0909091	0.0909091	0.0909091	0.0909091	0.0909091	0.0909091	0.0909091	0.0909091	0.0909091	
0.000141163	0.234613	0.351073	0.24393	0.0948617	0.0529362	0.0203275	0.00169396	0.000141163	0.000141163	0.000141163	
0.000325839	0.0254154	0.211795	0.25839	0.272727	0.0935158	0.0971	0.0361681	0.00391007	0.000325839	0.000325839	
0.000777001	0.00932401	0.16317	0.214452	0.171717	0.197358	0.120435	0.103341	0.00932401	0.000777001	0.00932401	
0.0012285	0.014742	0.203931	0.190418	0.203931	0.163391	0.0958231	0.0823096	0.0282555	0.014742	0.0012285	
0.0015949	0.0191388	0.0366826	0.106858	0.229665	0.177033	0.194577	0.0893142	0.124402	0.0191388	0.0015949	
0.00363636	0.00363636	0.00363636	0.243636	0.163636	0.0436364	0.163636	0.163636	0.123636	0.0836364	0.00363636	
0.00699301	0.00699301	0.160839	0.237762	0.00699301	0.0839161	0.237762	0.160839	0.00699301	0.00699301	0.0839161	
0.0519481	0.004329	0.0995671	0.0995671	0.4329	0.147186	0.0519481	0.004329	0.0519481	0.004329	0.0519481	
0.00606061	0.00606061	0.00606061	0.339394	0.272727	0.0727273	0.206061	0.00606061	0.00606061	0.00606061	0.0727273	
0.00478469	0.00478469	0.00478469	0.110048	0.267943	0.320574	0.162679	0.0574163	0.00478469	0.0574163	0.00478469	


Vector Pi :

0.00149031	0.52608	0.198212	0.099851	0.099851	0.0506706	0.00149031	0.00149031	0.00149031	0.0178838	0.00149031	


Vector Phi :

0.000821733	0.511938	0.221036	0.0909301	0.0555816	0.0441793	0.0204535	0.010645	0.0172435	0.0114953	0.0156755	
