
Parameters: 11 states AND 11 symbols

Matrix A :

0.0909091	0.0909091	0.0909091	0.0909091	0.0909091	0.0909091	0.0909091	0.0909091	0.0909091	0.0909091	0.0909091	
8.27952e-05	0.963653	0.0346912	0.000993542	8.27952e-05	8.27952e-05	8.27952e-05	8.27952e-05	8.27952e-05	8.27952e-05	8.27952e-05	
0.00118064	0.4817	0.364817	0.105077	0.0271547	0.00118064	0.00118064	0.00118064	0.00118064	0.00118064	0.0141677	
0.00606061	0.139394	0.539394	0.272727	0.00606061	0.00606061	0.00606061	0.00606061	0.00606061	0.00606061	0.00606061	
0.0227273	0.0227273	0.522727	0.0227273	0.0227273	0.0227273	0.0227273	0.0227273	0.272727	0.0227273	0.0227273	
0.0909091	0.0909091	0.0909091	0.0909091	0.0909091	0.0909091	0.0909091	0.0909091	0.0909091	0.0909091	0.0909091	
0.030303	0.030303	0.030303	0.030303	0.030303	0.030303	0.030303	0.030303	0.030303	0.69697	0.030303	
0.0454545	0.0454545	0.0454545	0.0454545	0.0454545	0.0454545	0.545455	0.0454545	0.0454545	0.0454545	0.0454545	
0.0454545	0.0454545	0.0454545	0.0454545	0.0454545	0.0454545	0.0454545	0.545455	0.0454545	0.0454545	0.0454545	
0.030303	0.030303	0.030303	0.030303	0.363636	0.030303	0.030303	0.030303	0.030303	0.030303	0.363636	
0.030303	0.030303	0.030303	0.363636	0.030303	0.030303	0.363636	0.030303	0.030303	0.030303	0.030303	


Matrix B :

0.0909091	0.0909091	0.0909091	0.0909091	0.0909091	0.0909091	0.0909091	0.0909091	0.0909091	0.0909091	0.0909091	
7.87774e-05	0.552072	0.306838	0.0902001	0.0304081	0.0139436	0.00354498	0.000945329	0.000945329	0.000945329	7.87774e-05	
0.00115075	0.00115075	0.127733	0.330265	0.330265	0.127733	0.0264672	0.0264672	0.0264672	0.00115075	0.00115075	
0.00568182	0.00568182	0.00568182	0.0681818	0.505682	0.130682	0.130682	0.130682	0.00568182	0.00568182	0.00568182	
0.0181818	0.0181818	0.0181818	0.0181818	0.0181818	0.0181818	0.0181818	0.418182	0.218182	0.0181818	0.218182	
0.0909091	0.0909091	0.0909091	0.0909091	0.0909091	0.0909091	0.0909091	0.0909091	0.0909091	0.0909091	0.0909091	
0.030303	0.030303	0.363636	0.363636	0.030303	0.030303	0.030303	0.030303	0.030303	0.030303	0.030303	
0.0454545	0.0454545	0.0454545	0.0454545	0.545455	0.0454545	0.0454545	0.0454545	0.0454545	0.0454545	0.0454545	
0.0454545	0.0454545	0.0454545	0.0454545	0.0454545	0.0454545	0.0454545	0.0454545	0.0454545	0.0454545	0.545455	
0.030303	0.030303	0.030303	0.363636	0.030303	0.030303	0.030303	0.363636	0.030303	0.030303	0.030303	
0.030303	0.030303	0.030303	0.030303	0.030303	0.363636	0.363636	0.030303	0.030303	0.030303	0.030303	


Vector Pi :

0.00149031	0.919523	0.0342772	0.0178838	0.0178838	0.00149031	0.00149031	0.00149031	0.00149031	0.00149031	0.00149031	


Vector Phi :

0.00082713	0.908189	0.063689	0.0124069	0.00330852	0.00082713	0.00248139	0.00165426	0.00165426	0.00248139	0.00248139	
