
Parameters: 11 states AND 11 symbols

Matrix A :

0.0909091	0.0909091	0.0909091	0.0909091	0.0909091	0.0909091	0.0909091	0.0909091	0.0909091	0.0909091	0.0909091	
0.000225581	0.801714	0.193774	0.00270697	0.000225581	0.000225581	0.000225581	0.000225581	0.000225581	0.000225581	0.000225581	
0.00027972	0.24028	0.597203	0.157203	0.00335664	0.00027972	0.00027972	0.00027972	0.00027972	0.00027972	0.00027972	
0.000459137	0.00550964	0.252984	0.561065	0.162075	0.0156107	0.000459137	0.000459137	0.000459137	0.000459137	0.000459137	
0.000763942	0.000763942	0.0175707	0.261268	0.538579	0.177235	0.000763942	0.000763942	0.000763942	0.000763942	0.000763942	
0.0011655	0.0011655	0.0011655	0.039627	0.270396	0.565268	0.11655	0.0011655	0.0011655	0.0011655	0.0011655	
0.002457	0.002457	0.002457	0.002457	0.002457	0.2457	0.542998	0.164619	0.029484	0.002457	0.002457	
0.00478469	0.00478469	0.00478469	0.00478469	0.00478469	0.00478469	0.267943	0.583732	0.110048	0.00478469	0.00478469	
0.0151515	0.0151515	0.0151515	0.0151515	0.0151515	0.0151515	0.348485	0.181818	0.0151515	0.348485	0.0151515	
0.0113636	0.0113636	0.0113636	0.0113636	0.0113636	0.0113636	0.0113636	0.0113636	0.261364	0.511364	0.136364	
0.0151515	0.0151515	0.0151515	0.0151515	0.0151515	0.0151515	0.0151515	0.0151515	0.0151515	0.181818	0.681818	


Matrix B :

0.0909091	0.0909091	0.0909091	0.0909091	0.0909091	0.0909091	0.0909091	0.0909091	0.0909091	0.0909091	0.0909091	
0.000213904	0.357861	0.34139	0.134332	0.0660963	0.0637433	0.0213904	0.00962567	0.00491979	0.000213904	0.000213904	
0.000268962	0.0091447	0.461807	0.358257	0.0919849	0.0357719	0.0298548	0.00322754	0.00618612	0.00322754	0.000268962	
0.000441306	0.000441306	0.0150044	0.524713	0.296558	0.116946	0.0295675	0.01015	0.00529568	0.000441306	0.000441306	
0.000704722	0.000704722	0.000704722	0.0472163	0.504581	0.318534	0.0627202	0.0472163	0.0162086	0.000704722	0.000704722	
0.00112233	0.00112233	0.00112233	0.00112233	0.136925	0.433221	0.260382	0.112233	0.0381594	0.013468	0.00112233	
0.00239234	0.00239234	0.00239234	0.00239234	0.00239234	0.160287	0.58134	0.0550239	0.0550239	0.133971	0.00239234	
0.00454545	0.00454545	0.00454545	0.00454545	0.00454545	0.00454545	0.354545	0.604545	0.00454545	0.00454545	0.00454545	
0.012987	0.012987	0.012987	0.012987	0.012987	0.012987	0.012987	0.727273	0.012987	0.155844	0.012987	
0.0113636	0.0113636	0.0113636	0.0113636	0.0113636	0.0113636	0.0113636	0.0113636	0.261364	0.636364	0.0113636	
0.012987	0.012987	0.012987	0.012987	0.012987	0.012987	0.012987	0.012987	0.012987	0.155844	0.727273	


Vector Pi :

0.00149031	0.362146	0.214605	0.132638	0.165425	0.0506706	0.0178838	0.0178838	0.0178838	0.00149031	0.0178838	


Vector Phi :

0.000834004	0.335726	0.270777	0.165005	0.0992	0.0650428	0.0308692	0.0158555	0.0050069	0.00667644	0.00500721	
