
Parameters: 11 states AND 11 symbols

Matrix A :

0.090909	0.090909	0.090909	0.090909	0.090909	0.090909	0.090909	0.090909	0.090909	0.090909	0.090909	
0.000328	0.827043	0.148343	0.011159	0.003938	0.003938	0.000328	0.003938	0.000328	0.000328	0.000328	
0.000610	0.262355	0.550946	0.154973	0.014033	0.007322	0.000610	0.007322	0.000610	0.000610	0.000610	
0.001490	0.099851	0.329359	0.312966	0.165425	0.034277	0.017884	0.001490	0.001490	0.017884	0.017884	
0.003367	0.003367	0.114478	0.262626	0.262626	0.151515	0.077441	0.040404	0.003367	0.040404	0.040404	
0.005682	0.068182	0.005682	0.193182	0.193182	0.130682	0.255682	0.068182	0.005682	0.068182	0.005682	
0.004545	0.004545	0.004545	0.204545	0.004545	0.204545	0.354545	0.154545	0.004545	0.004545	0.054545	
0.004785	0.004785	0.057416	0.004785	0.162679	0.057416	0.162679	0.162679	0.267943	0.110048	0.004785	
0.006494	0.077922	0.077922	0.006494	0.006494	0.006494	0.077922	0.435065	0.220779	0.077922	0.006494	
0.008264	0.008264	0.008264	0.099174	0.008264	0.008264	0.008264	0.099174	0.371901	0.280992	0.099174	
0.009091	0.009091	0.009091	0.009091	0.009091	0.009091	0.109091	0.109091	0.109091	0.109091	0.509091	


Matrix B :

0.090909	0.090909	0.090909	0.090909	0.090909	0.090909	0.090909	0.090909	0.090909	0.090909	0.090909	
0.000310	0.215327	0.358672	0.228979	0.119764	0.051505	0.017375	0.007136	0.000310	0.000310	0.000310	
0.000590	0.020071	0.240850	0.357733	0.260331	0.065525	0.026564	0.013577	0.007084	0.007084	0.000590	
0.001399	0.001399	0.078322	0.293706	0.355245	0.109091	0.047552	0.032168	0.032168	0.047552	0.001399	
0.003247	0.003247	0.181818	0.181818	0.217532	0.110390	0.110390	0.110390	0.003247	0.003247	0.074675	
0.005348	0.005348	0.005348	0.005348	0.240642	0.240642	0.122995	0.240642	0.064171	0.005348	0.064171	
0.004545	0.004545	0.054545	0.054545	0.254545	0.254545	0.054545	0.054545	0.054545	0.054545	0.154545	
0.004785	0.004785	0.162679	0.162679	0.057416	0.215311	0.320574	0.057416	0.004785	0.004785	0.004785	
0.006494	0.006494	0.006494	0.077922	0.149351	0.149351	0.363636	0.220779	0.006494	0.006494	0.006494	
0.007576	0.007576	0.090909	0.090909	0.090909	0.174242	0.257576	0.007576	0.257576	0.007576	0.007576	
0.007576	0.007576	0.007576	0.257576	0.007576	0.090909	0.257576	0.257576	0.090909	0.007576	0.007576	


Vector Pi :

0.002933	0.519062	0.164223	0.131965	0.035191	0.035191	0.002933	0.002933	0.002933	0.035191	0.067449	


Vector Phi :

0.001653	0.457851	0.246281	0.100826	0.044628	0.026446	0.033058	0.031405	0.023140	0.018182	0.016529	
