
Parameters: 11 states AND 11 symbols

Matrix A :

0.090909	0.090909	0.090909	0.090909	0.090909	0.090909	0.090909	0.090909	0.090909	0.090909	0.090909	
0.000188	0.919609	0.058039	0.012585	0.004320	0.000188	0.002254	0.000188	0.000188	0.002254	0.000188	
0.001357	0.449118	0.329715	0.090909	0.090909	0.016282	0.001357	0.001357	0.001357	0.001357	0.016282	
0.003788	0.212121	0.420455	0.170455	0.087121	0.045455	0.045455	0.003788	0.003788	0.003788	0.003788	
0.006494	0.077922	0.149351	0.292208	0.077922	0.292208	0.006494	0.006494	0.077922	0.006494	0.006494	
0.012987	0.012987	0.441558	0.298701	0.155844	0.012987	0.012987	0.012987	0.012987	0.012987	0.012987	
0.022727	0.272727	0.022727	0.272727	0.022727	0.022727	0.022727	0.022727	0.022727	0.022727	0.272727	
0.090909	0.090909	0.090909	0.090909	0.090909	0.090909	0.090909	0.090909	0.090909	0.090909	0.090909	
0.045455	0.045455	0.545455	0.045455	0.045455	0.045455	0.045455	0.045455	0.045455	0.045455	0.045455	
0.045455	0.045455	0.045455	0.045455	0.045455	0.045455	0.545455	0.045455	0.045455	0.045455	0.045455	
0.030303	0.363636	0.030303	0.030303	0.363636	0.030303	0.030303	0.030303	0.030303	0.030303	0.030303	


Matrix B :

0.090909	0.090909	0.090909	0.090909	0.090909	0.090909	0.090909	0.090909	0.090909	0.090909	0.090909	
0.000180	0.268954	0.391484	0.213618	0.073302	0.021919	0.012037	0.004132	0.008085	0.006109	0.000180	
0.015152	0.001263	0.126263	0.292929	0.195707	0.251263	0.056818	0.015152	0.015152	0.029040	0.001263	
0.003497	0.003497	0.118881	0.041958	0.157343	0.349650	0.195804	0.080420	0.003497	0.041958	0.003497	
0.006061	0.006061	0.006061	0.072727	0.006061	0.406061	0.339394	0.139394	0.006061	0.006061	0.006061	
0.012987	0.012987	0.012987	0.012987	0.155844	0.155844	0.155844	0.298701	0.155844	0.012987	0.012987	
0.022727	0.022727	0.022727	0.022727	0.022727	0.022727	0.272727	0.022727	0.522727	0.022727	0.022727	
0.090909	0.090909	0.090909	0.090909	0.090909	0.090909	0.090909	0.090909	0.090909	0.090909	0.090909	
0.045455	0.045455	0.045455	0.045455	0.045455	0.045455	0.045455	0.545455	0.045455	0.045455	0.045455	
0.045455	0.045455	0.045455	0.045455	0.045455	0.045455	0.545455	0.045455	0.045455	0.045455	0.045455	
0.030303	0.030303	0.030303	0.030303	0.030303	0.696970	0.030303	0.030303	0.030303	0.030303	0.030303	


Vector Pi :

0.002933	0.712610	0.164223	0.067449	0.035191	0.002933	0.002933	0.002933	0.002933	0.002933	0.002933	


Vector Phi :

0.001642	0.794745	0.110016	0.039409	0.022989	0.011494	0.006568	0.001642	0.003284	0.003284	0.004926	
