
Parameters: 11 states AND 11 symbols

Matrix A :

0.090909	0.090909	0.090909	0.090909	0.090909	0.090909	0.090909	0.090909	0.090909	0.090909	0.090909	
0.000161	0.964637	0.023252	0.005490	0.000161	0.000161	0.000161	0.000161	0.001938	0.000161	0.003714	
0.004132	0.595041	0.140496	0.049587	0.095041	0.049587	0.004132	0.004132	0.049587	0.004132	0.004132	
0.012987	0.155844	0.441558	0.155844	0.012987	0.155844	0.012987	0.012987	0.012987	0.012987	0.012987	
0.030303	0.030303	0.030303	0.363636	0.030303	0.030303	0.030303	0.030303	0.030303	0.363636	0.030303	
0.030303	0.030303	0.696970	0.030303	0.030303	0.030303	0.030303	0.030303	0.030303	0.030303	0.030303	
0.090909	0.090909	0.090909	0.090909	0.090909	0.090909	0.090909	0.090909	0.090909	0.090909	0.090909	
0.090909	0.090909	0.090909	0.090909	0.090909	0.090909	0.090909	0.090909	0.090909	0.090909	0.090909	
0.030303	0.696970	0.030303	0.030303	0.030303	0.030303	0.030303	0.030303	0.030303	0.030303	0.030303	
0.045455	0.545455	0.045455	0.045455	0.045455	0.045455	0.045455	0.045455	0.045455	0.045455	0.045455	
0.030303	0.696970	0.030303	0.030303	0.030303	0.030303	0.030303	0.030303	0.030303	0.030303	0.030303	


Matrix B :

0.090909	0.090909	0.090909	0.090909	0.090909	0.090909	0.090909	0.090909	0.090909	0.090909	0.090909	
0.000153	0.320558	0.369462	0.170474	0.072666	0.033880	0.010271	0.017017	0.001840	0.001840	0.001840	
0.004132	0.095041	0.413223	0.095041	0.231405	0.095041	0.004132	0.049587	0.004132	0.004132	0.004132	
0.012987	0.012987	0.012987	0.441558	0.155844	0.155844	0.155844	0.012987	0.012987	0.012987	0.012987	
0.030303	0.030303	0.363636	0.030303	0.030303	0.363636	0.030303	0.030303	0.030303	0.030303	0.030303	
0.030303	0.030303	0.030303	0.030303	0.030303	0.030303	0.696970	0.030303	0.030303	0.030303	0.030303	
0.090909	0.090909	0.090909	0.090909	0.090909	0.090909	0.090909	0.090909	0.090909	0.090909	0.090909	
0.090909	0.090909	0.090909	0.090909	0.090909	0.090909	0.090909	0.090909	0.090909	0.090909	0.090909	
0.030303	0.030303	0.030303	0.363636	0.030303	0.030303	0.363636	0.030303	0.030303	0.030303	0.030303	
0.045455	0.545455	0.045455	0.045455	0.045455	0.045455	0.045455	0.045455	0.045455	0.045455	0.045455	
0.030303	0.030303	0.030303	0.030303	0.030303	0.363636	0.030303	0.030303	0.030303	0.030303	0.363636	


Vector Pi :

0.002933	0.970674	0.002933	0.002933	0.002933	0.002933	0.002933	0.002933	0.002933	0.002933	0.002933	


Vector Phi :

0.001642	0.924466	0.036125	0.011494	0.004926	0.004926	0.001642	0.001642	0.004926	0.003284	0.004926	
