
Parameters: 11 states AND 11 symbols

Matrix A :

0.0909091	0.0909091	0.0909091	0.0909091	0.0909091	0.0909091	0.0909091	0.0909091	0.0909091	0.0909091	0.0909091	
8.57633e-05	0.940652	0.0500858	0.00668954	0.00102916	8.57633e-05	8.57633e-05	8.57633e-05	8.57633e-05	8.57633e-05	0.00102916	
0.00090009	0.505851	0.327633	0.109811	0.0306031	0.00090009	0.0108011	0.00090009	0.00090009	0.00090009	0.0108011	
0.004329	0.290043	0.4329	0.004329	0.0519481	0.0995671	0.0995671	0.004329	0.004329	0.004329	0.004329	
0.00909091	0.309091	0.309091	0.209091	0.00909091	0.109091	0.00909091	0.00909091	0.00909091	0.00909091	0.00909091	
0.0181818	0.218182	0.218182	0.0181818	0.418182	0.0181818	0.0181818	0.0181818	0.0181818	0.0181818	0.0181818	
0.0227273	0.272727	0.0227273	0.0227273	0.0227273	0.272727	0.0227273	0.272727	0.0227273	0.0227273	0.0227273	
0.0454545	0.0454545	0.545455	0.0454545	0.0454545	0.0454545	0.0454545	0.0454545	0.0454545	0.0454545	0.0454545	
0.0909091	0.0909091	0.0909091	0.0909091	0.0909091	0.0909091	0.0909091	0.0909091	0.0909091	0.0909091	0.0909091	
0.0909091	0.0909091	0.0909091	0.0909091	0.0909091	0.0909091	0.0909091	0.0909091	0.0909091	0.0909091	0.0909091	
0.030303	0.030303	0.030303	0.030303	0.69697	0.030303	0.030303	0.030303	0.030303	0.030303	0.030303	


Matrix B :

0.0909091	0.0909091	0.0909091	0.0909091	0.0909091	0.0909091	0.0909091	0.0909091	0.0909091	0.0909091	0.0909091	
8.18264e-05	0.217004	0.327715	0.244906	0.122494	0.0468865	0.0153834	0.0108829	0.00818264	0.00548237	0.000981916	
0.000841751	0.010101	0.250842	0.389731	0.27862	0.047138	0.010101	0.010101	0.000841751	0.000841751	0.000841751	
0.00413223	0.00413223	0.0950413	0.504132	0.231405	0.0950413	0.0495868	0.00413223	0.00413223	0.00413223	0.00413223	
0.00909091	0.00909091	0.00909091	0.209091	0.309091	0.409091	0.00909091	0.00909091	0.00909091	0.00909091	0.00909091	
0.0181818	0.0181818	0.0181818	0.0181818	0.618182	0.0181818	0.218182	0.0181818	0.0181818	0.0181818	0.0181818	
0.0181818	0.0181818	0.0181818	0.618182	0.218182	0.0181818	0.0181818	0.0181818	0.0181818	0.0181818	0.0181818	
0.0454545	0.0454545	0.0454545	0.0454545	0.545455	0.0454545	0.0454545	0.0454545	0.0454545	0.0454545	0.0454545	
0.0909091	0.0909091	0.0909091	0.0909091	0.0909091	0.0909091	0.0909091	0.0909091	0.0909091	0.0909091	0.0909091	
0.0909091	0.0909091	0.0909091	0.0909091	0.0909091	0.0909091	0.0909091	0.0909091	0.0909091	0.0909091	0.0909091	
0.030303	0.030303	0.030303	0.363636	0.363636	0.030303	0.030303	0.030303	0.030303	0.030303	0.030303	


Vector Pi :

0.00149031	0.837556	0.116244	0.0178838	0.00149031	0.00149031	0.0178838	0.00149031	0.00149031	0.00149031	0.00149031	


Vector Phi :

0.00082713	0.876758	0.0835401	0.0173697	0.0082713	0.00413565	0.00330852	0.00165426	0.00082713	0.00082713	0.00248139	
