
Parameters: 11 states AND 11 symbols

Matrix A :

0.0909091	0.0909091	0.0909091	0.0909091	0.0909091	0.0909091	0.0909091	0.0909091	0.0909091	0.0909091	0.0909091	
0.0001365	0.792929	0.175812	0.0241605	0.004641	0.001638	0.0001365	0.0001365	0.0001365	0.0001365	0.0001365	
0.000295159	0.409386	0.43536	0.133412	0.0197757	0.000295159	0.000295159	0.000295159	0.000295159	0.000295159	0.000295159	
0.000763942	0.0763942	0.378915	0.328495	0.160428	0.0427807	0.0091673	0.000763942	0.000763942	0.000763942	0.000763942	
0.00154083	0.0523883	0.0862866	0.289676	0.357473	0.171032	0.0354391	0.00154083	0.00154083	0.00154083	0.00154083	
0.003367	0.003367	0.0774411	0.188552	0.299663	0.299663	0.003367	0.114478	0.003367	0.003367	0.003367	
0.010101	0.010101	0.232323	0.010101	0.121212	0.232323	0.121212	0.121212	0.010101	0.121212	0.010101	
0.0151515	0.0151515	0.181818	0.0151515	0.0151515	0.0151515	0.348485	0.0151515	0.348485	0.0151515	0.0151515	
0.0181818	0.0181818	0.0181818	0.0181818	0.0181818	0.0181818	0.218182	0.0181818	0.218182	0.218182	0.218182	
0.0181818	0.0181818	0.0181818	0.0181818	0.0181818	0.0181818	0.218182	0.218182	0.218182	0.0181818	0.218182	
0.0227273	0.0227273	0.0227273	0.0227273	0.0227273	0.0227273	0.0227273	0.0227273	0.0227273	0.522727	0.272727	


Matrix B :

0.0909091	0.0909091	0.0909091	0.0909091	0.0909091	0.0909091	0.0909091	0.0909091	0.0909091	0.0909091	0.0909091	
0.00012987	0.435844	0.282987	0.162987	0.0487013	0.0315584	0.0144156	0.012987	0.00584416	0.00155844	0.00298701	
0.000278862	0.175125	0.466537	0.144451	0.0861684	0.0524261	0.0340212	0.0248187	0.000278862	0.00948132	0.00641383	
0.000721501	0.000721501	0.508658	0.23088	0.119769	0.111833	0.00865801	0.0165945	0.000721501	0.000721501	0.000721501	
0.00151515	0.00151515	0.218182	0.551515	0.134848	0.0348485	0.0515152	0.00151515	0.00151515	0.00151515	0.00151515	
0.003367	0.003367	0.003367	0.521886	0.225589	0.114478	0.040404	0.0774411	0.003367	0.003367	0.003367	
0.010101	0.010101	0.010101	0.121212	0.232323	0.454545	0.010101	0.121212	0.010101	0.010101	0.010101	
0.0151515	0.0151515	0.0151515	0.0151515	0.681818	0.181818	0.0151515	0.0151515	0.0151515	0.0151515	0.0151515	
0.0181818	0.0181818	0.0181818	0.0181818	0.0181818	0.618182	0.0181818	0.218182	0.0181818	0.0181818	0.0181818	
0.0181818	0.0181818	0.0181818	0.0181818	0.0181818	0.218182	0.418182	0.218182	0.0181818	0.0181818	0.0181818	
0.0227273	0.0227273	0.0227273	0.0227273	0.0227273	0.0227273	0.522727	0.272727	0.0227273	0.0227273	0.0227273	


Vector Pi :

0.00149031	0.542474	0.312966	0.116244	0.0178838	0.00149031	0.00149031	0.00149031	0.00149031	0.00149031	0.00149031	


Vector Phi :

0.000825685	0.552455	0.253597	0.0981964	0.0486947	0.0222898	0.00742938	0.00495343	0.00412805	0.00412805	0.00330254	
