
Parameters: 11 states AND 11 symbols

Matrix A :

0.0909091	0.0909091	0.0909091	0.0909091	0.0909091	0.0909091	0.0909091	0.0909091	0.0909091	0.0909091	0.0909091	
0.000115808	0.868906	0.118587	0.0115808	0.000115808	0.000115808	0.000115808	0.000115808	0.000115808	0.000115808	0.000115808	
0.000324675	0.336039	0.568182	0.0788961	0.0146104	0.000324675	0.000324675	0.000324675	0.000324675	0.000324675	0.000324675	
0.0013986	0.0937063	0.33986	0.33986	0.170629	0.0475524	0.0013986	0.0013986	0.0013986	0.0013986	0.0013986	
0.00239234	0.0287081	0.107656	0.26555	0.397129	0.133971	0.0550239	0.00239234	0.00239234	0.00239234	0.00239234	
0.00454545	0.00454545	0.0545455	0.00454545	0.304545	0.354545	0.104545	0.0545455	0.0545455	0.0545455	0.00454545	
0.00909091	0.00909091	0.00909091	0.109091	0.109091	0.409091	0.309091	0.00909091	0.00909091	0.00909091	0.00909091	
0.030303	0.363636	0.030303	0.030303	0.030303	0.030303	0.363636	0.030303	0.030303	0.030303	0.030303	
0.0454545	0.0454545	0.0454545	0.0454545	0.0454545	0.0454545	0.0454545	0.0454545	0.0454545	0.0454545	0.545455	
0.0454545	0.0454545	0.0454545	0.0454545	0.0454545	0.0454545	0.0454545	0.545455	0.0454545	0.0454545	0.0454545	
0.030303	0.030303	0.030303	0.030303	0.030303	0.030303	0.363636	0.030303	0.030303	0.030303	0.363636	


Matrix B :

0.0909091	0.0909091	0.0909091	0.0909091	0.0909091	0.0909091	0.0909091	0.0909091	0.0909091	0.0909091	0.0909091	
0.00011073	0.208393	0.400842	0.210829	0.103643	0.0524859	0.0159451	0.00498284	0.00132876	0.00011073	0.00132876	
0.00031027	0.00713621	0.170959	0.41328	0.184611	0.123177	0.0480918	0.0207881	0.0173751	0.0105492	0.00372324	
0.0012987	0.0012987	0.0155844	0.22987	0.315584	0.144156	0.158442	0.0441558	0.0441558	0.0441558	0.0012987	
0.0021645	0.0021645	0.0021645	0.0735931	0.287879	0.383117	0.0974026	0.0497835	0.0974026	0.0021645	0.0021645	
0.00413223	0.00413223	0.00413223	0.0495868	0.367769	0.27686	0.27686	0.00413223	0.00413223	0.00413223	0.00413223	
0.00909091	0.00909091	0.00909091	0.00909091	0.109091	0.209091	0.209091	0.309091	0.109091	0.00909091	0.00909091	
0.030303	0.030303	0.030303	0.030303	0.363636	0.363636	0.030303	0.030303	0.030303	0.030303	0.030303	
0.0454545	0.0454545	0.0454545	0.0454545	0.0454545	0.0454545	0.545455	0.0454545	0.0454545	0.0454545	0.0454545	
0.0454545	0.0454545	0.0454545	0.0454545	0.545455	0.0454545	0.0454545	0.0454545	0.0454545	0.0454545	0.0454545	
0.030303	0.030303	0.030303	0.030303	0.030303	0.030303	0.030303	0.363636	0.363636	0.030303	0.030303	


Vector Pi :

0.00149031	0.591654	0.214605	0.0834575	0.0670641	0.0342772	0.00149031	0.00149031	0.00149031	0.00149031	0.00149031	


Vector Phi :

0.00082713	0.649297	0.231596	0.0537634	0.0314309	0.0165426	0.0082713	0.00248139	0.00165426	0.00165426	0.00248139	
