
Parameters: 11 states AND 11 symbols

Matrix A :

0.090909	0.090909	0.090909	0.090909	0.090909	0.090909	0.090909	0.090909	0.090909	0.090909	0.090909	
0.000461	0.883710	0.107060	0.000461	0.000461	0.005538	0.000461	0.000461	0.000461	0.000461	0.000461	
0.000710	0.149148	0.649148	0.164773	0.016335	0.000710	0.000710	0.008523	0.008523	0.000710	0.000710	
0.001136	0.026136	0.213636	0.563636	0.138636	0.026136	0.013636	0.001136	0.013636	0.001136	0.001136	
0.001976	0.001976	0.110672	0.219368	0.458498	0.154150	0.023715	0.001976	0.023715	0.001976	0.001976	
0.002457	0.029484	0.029484	0.029484	0.191646	0.515971	0.110565	0.056511	0.029484	0.002457	0.002457	
0.003497	0.003497	0.003497	0.041958	0.041958	0.234266	0.465035	0.118881	0.003497	0.080420	0.003497	
0.003636	0.003636	0.003636	0.043636	0.043636	0.043636	0.203636	0.483636	0.123636	0.043636	0.003636	
0.004545	0.004545	0.004545	0.004545	0.104545	0.004545	0.004545	0.254545	0.404545	0.154545	0.054545	
0.004329	0.004329	0.004329	0.004329	0.004329	0.004329	0.099567	0.004329	0.147186	0.432900	0.290043	
0.004785	0.004785	0.004785	0.004785	0.004785	0.004785	0.004785	0.057416	0.057416	0.267943	0.583732	


Matrix B :

0.090909	0.090909	0.090909	0.090909	0.090909	0.090909	0.090909	0.090909	0.090909	0.090909	0.090909	
0.000433	0.286147	0.371861	0.143290	0.109957	0.067100	0.005195	0.009957	0.005195	0.000433	0.000433	
0.000678	0.067843	0.455902	0.164858	0.127544	0.112619	0.045455	0.000678	0.015604	0.008141	0.000678	
0.001082	0.001082	0.155844	0.405844	0.227273	0.120130	0.048701	0.036797	0.001082	0.001082	0.001082	
0.001934	0.044487	0.065764	0.321083	0.214700	0.150870	0.087041	0.065764	0.023211	0.001934	0.023211	
0.002273	0.002273	0.177273	0.077273	0.227273	0.127273	0.202273	0.102273	0.077273	0.002273	0.002273	
0.003497	0.003497	0.195804	0.234266	0.272727	0.118881	0.118881	0.041958	0.003497	0.003497	0.003497	
0.003636	0.003636	0.003636	0.283636	0.323636	0.283636	0.083636	0.003636	0.003636	0.003636	0.003636	
0.004329	0.004329	0.004329	0.194805	0.242424	0.147186	0.051948	0.242424	0.004329	0.051948	0.051948	
0.051948	0.051948	0.099567	0.051948	0.290043	0.051948	0.099567	0.004329	0.051948	0.051948	0.194805	
0.004329	0.004329	0.004329	0.147186	0.432900	0.147186	0.004329	0.004329	0.051948	0.099567	0.099567	


Vector Pi :

0.002933	0.422287	0.196481	0.131965	0.035191	0.099707	0.002933	0.002933	0.035191	0.002933	0.067449	


Vector Phi :

0.001667	0.328289	0.213321	0.133334	0.076673	0.061674	0.043341	0.041675	0.033340	0.035009	0.031676	
