
Parameters: 11 states AND 11 symbols

Matrix A :

0.090909	0.090909	0.090909	0.090909	0.090909	0.090909	0.090909	0.090909	0.090909	0.090909	0.090909	
0.000400	0.872647	0.101722	0.009211	0.000400	0.000400	0.000400	0.000400	0.009211	0.004806	0.000400	
0.000602	0.172787	0.695966	0.113185	0.007225	0.000602	0.000602	0.000602	0.007225	0.000602	0.000602	
0.001337	0.001337	0.221925	0.604278	0.104278	0.016043	0.045455	0.001337	0.001337	0.001337	0.001337	
0.003367	0.040404	0.040404	0.151515	0.521886	0.188552	0.040404	0.003367	0.003367	0.003367	0.003367	
0.003497	0.003497	0.080420	0.041958	0.157343	0.503497	0.195804	0.003497	0.003497	0.003497	0.003497	
0.004329	0.004329	0.004329	0.099567	0.004329	0.242424	0.290043	0.290043	0.004329	0.051948	0.004329	
0.004329	0.051948	0.051948	0.004329	0.004329	0.051948	0.147186	0.432900	0.242424	0.004329	0.004329	
0.005682	0.005682	0.005682	0.005682	0.005682	0.005682	0.068182	0.193182	0.318182	0.255682	0.130682	
0.004785	0.004785	0.110048	0.004785	0.004785	0.004785	0.057416	0.110048	0.110048	0.478469	0.110048	
0.003953	0.003953	0.047431	0.003953	0.003953	0.003953	0.003953	0.003953	0.003953	0.134387	0.786561	


Matrix B :

0.090909	0.090909	0.090909	0.090909	0.090909	0.090909	0.090909	0.090909	0.090909	0.090909	0.090909	
0.000384	0.198696	0.405447	0.232451	0.097430	0.042578	0.021481	0.000384	0.000384	0.000384	0.000384	
0.000565	0.050254	0.379447	0.367024	0.093732	0.081310	0.025409	0.000565	0.000565	0.000565	0.000565	
0.001280	0.001280	0.254802	0.268886	0.212548	0.142125	0.057618	0.043534	0.015365	0.001280	0.001280	
0.003247	0.003247	0.038961	0.181818	0.146104	0.181818	0.146104	0.038961	0.110390	0.110390	0.038961	
0.003367	0.003367	0.003367	0.114478	0.225589	0.188552	0.151515	0.151515	0.077441	0.040404	0.040404	
0.004132	0.004132	0.049587	0.185950	0.140496	0.231405	0.185950	0.095041	0.049587	0.004132	0.049587	
0.004132	0.004132	0.322314	0.276860	0.004132	0.049587	0.185950	0.095041	0.004132	0.049587	0.004132	
0.005348	0.005348	0.299465	0.181818	0.181818	0.064171	0.064171	0.181818	0.005348	0.005348	0.005348	
0.004785	0.057416	0.162679	0.320574	0.110048	0.057416	0.110048	0.057416	0.110048	0.004785	0.004785	
0.003636	0.003636	0.043636	0.003636	0.043636	0.283636	0.443636	0.163636	0.003636	0.003636	0.003636	


Vector Pi :

0.002933	0.325513	0.325513	0.099707	0.035191	0.035191	0.035191	0.035191	0.035191	0.002933	0.067449	


Vector Phi :

0.001667	0.378331	0.251666	0.113333	0.045000	0.043334	0.035000	0.035000	0.026667	0.031667	0.038334	
