
Parameters: 11 states AND 11 symbols

Matrix A :

0.045455	0.045455	0.045455	0.045455	0.045455	0.045455	0.045455	0.045455	0.045455	0.545455	0.045455	
0.000275	0.906336	0.085124	0.000275	0.000275	0.000275	0.000275	0.000275	0.000275	0.003306	0.003306	
0.000722	0.215007	0.580087	0.191198	0.008658	0.000722	0.000722	0.000722	0.000722	0.000722	0.000722	
0.001357	0.016282	0.299864	0.464043	0.165536	0.046133	0.001357	0.001357	0.001357	0.001357	0.001357	
0.002841	0.002841	0.065341	0.315341	0.377841	0.190341	0.034091	0.002841	0.002841	0.002841	0.002841	
0.003953	0.003953	0.003953	0.047431	0.264822	0.525692	0.047431	0.047431	0.003953	0.003953	0.047431	
0.022727	0.022727	0.022727	0.272727	0.272727	0.272727	0.022727	0.022727	0.022727	0.022727	0.022727	
0.022727	0.022727	0.022727	0.022727	0.022727	0.022727	0.272727	0.522727	0.022727	0.022727	0.022727	
0.045455	0.045455	0.545455	0.045455	0.045455	0.045455	0.045455	0.045455	0.045455	0.045455	0.045455	
0.018182	0.018182	0.218182	0.018182	0.018182	0.018182	0.018182	0.018182	0.218182	0.218182	0.218182	
0.109091	0.109091	0.009091	0.009091	0.009091	0.009091	0.009091	0.009091	0.009091	0.109091	0.609091	


Matrix B :

0.045455	0.045455	0.045455	0.545455	0.045455	0.045455	0.045455	0.045455	0.045455	0.045455	0.045455	
0.000261	0.278997	0.391066	0.207158	0.051985	0.046238	0.017503	0.003135	0.000261	0.003135	0.000261	
0.000694	0.084663	0.374740	0.298404	0.160999	0.023595	0.023595	0.031228	0.000694	0.000694	0.000694	
0.001299	0.029870	0.301299	0.201299	0.244156	0.087013	0.072727	0.044156	0.001299	0.015584	0.001299	
0.002597	0.059740	0.116883	0.316883	0.059740	0.145455	0.116883	0.116883	0.031169	0.031169	0.002597	
0.003788	0.045455	0.128788	0.170455	0.295455	0.295455	0.003788	0.003788	0.045455	0.003788	0.003788	
0.022727	0.022727	0.272727	0.272727	0.022727	0.022727	0.272727	0.022727	0.022727	0.022727	0.022727	
0.022727	0.022727	0.022727	0.022727	0.022727	0.022727	0.272727	0.272727	0.272727	0.022727	0.022727	
0.045455	0.045455	0.045455	0.545455	0.045455	0.045455	0.045455	0.045455	0.045455	0.045455	0.045455	
0.018182	0.018182	0.418182	0.218182	0.018182	0.018182	0.018182	0.218182	0.018182	0.018182	0.018182	
0.009091	0.009091	0.009091	0.309091	0.209091	0.009091	0.009091	0.009091	0.009091	0.109091	0.309091	


Vector Pi :

0.002933	0.615836	0.164223	0.067449	0.099707	0.035191	0.002933	0.002933	0.002933	0.002933	0.002933	


Vector Phi :

0.003361	0.533633	0.210168	0.116085	0.055118	0.039580	0.006836	0.006818	0.003353	0.008322	0.016726	
