
Parameters: 11 states AND 11 symbols

Matrix A :

0.090909	0.090909	0.090909	0.090909	0.090909	0.090909	0.090909	0.090909	0.090909	0.090909	0.090909	
0.000316	0.878788	0.111427	0.003788	0.003788	0.000316	0.000316	0.000316	0.000316	0.000316	0.000316	
0.000565	0.205534	0.640316	0.124788	0.012987	0.006776	0.006776	0.000565	0.000565	0.000565	0.000565	
0.001466	0.017595	0.324047	0.469208	0.130499	0.049853	0.001466	0.001466	0.001466	0.001466	0.001466	
0.003135	0.003135	0.141066	0.313480	0.244514	0.175549	0.003135	0.037618	0.003135	0.072100	0.003135	
0.004329	0.004329	0.004329	0.051948	0.242424	0.385281	0.099567	0.147186	0.004329	0.051948	0.004329	
0.009091	0.109091	0.009091	0.109091	0.209091	0.209091	0.109091	0.109091	0.009091	0.109091	0.009091	
0.006993	0.006993	0.083916	0.006993	0.160839	0.006993	0.160839	0.314685	0.160839	0.083916	0.006993	
0.012987	0.012987	0.012987	0.012987	0.012987	0.155844	0.155844	0.298701	0.298701	0.012987	0.012987	
0.011364	0.011364	0.011364	0.011364	0.011364	0.011364	0.261364	0.136364	0.136364	0.011364	0.386364	
0.018182	0.018182	0.018182	0.018182	0.018182	0.018182	0.018182	0.018182	0.218182	0.418182	0.218182	


Matrix B :

0.090909	0.090909	0.090909	0.090909	0.090909	0.090909	0.090909	0.090909	0.090909	0.090909	0.090909	
0.000305	0.171446	0.329164	0.255339	0.104332	0.074131	0.057352	0.003661	0.003661	0.000305	0.000305	
0.000538	0.047875	0.095212	0.154384	0.254976	0.207639	0.178053	0.047875	0.012372	0.000538	0.000538	
0.001337	0.016043	0.089572	0.118984	0.207219	0.133690	0.074866	0.207219	0.118984	0.016043	0.016043	
0.002841	0.065341	0.034091	0.159091	0.127841	0.065341	0.159091	0.065341	0.190341	0.096591	0.034091	
0.004132	0.049587	0.095041	0.185950	0.140496	0.049587	0.095041	0.185950	0.185950	0.004132	0.004132	
0.008264	0.008264	0.099174	0.099174	0.280992	0.008264	0.099174	0.190083	0.099174	0.099174	0.008264	
0.006993	0.006993	0.160839	0.083916	0.391608	0.006993	0.083916	0.160839	0.083916	0.006993	0.006993	
0.011364	0.011364	0.011364	0.136364	0.261364	0.011364	0.011364	0.011364	0.511364	0.011364	0.011364	
0.011364	0.011364	0.136364	0.386364	0.136364	0.136364	0.011364	0.011364	0.011364	0.011364	0.136364	
0.018182	0.018182	0.018182	0.218182	0.218182	0.018182	0.018182	0.018182	0.018182	0.218182	0.218182	


Vector Pi :

0.002933	0.293255	0.260997	0.196481	0.131965	0.035191	0.035191	0.002933	0.035191	0.002933	0.002933	


Vector Phi :

0.001593	0.487539	0.265701	0.100003	0.044392	0.033079	0.015829	0.020439	0.011028	0.012531	0.007866	
