
Parameters: 11 states AND 11 symbols

Matrix A :

0.0909091	0.0909091	0.0909091	0.0909091	0.0909091	0.0909091	0.0909091	0.0909091	0.0909091	0.0909091	0.0909091	
0.00020475	0.547502	0.33579	0.0767813	0.0272318	0.00470925	0.00696151	0.00020475	0.00020475	0.00020475	0.00020475	
0.000235516	0.388837	0.396609	0.140132	0.0546397	0.00800754	0.0105982	0.000235516	0.000235516	0.000235516	0.000235516	
0.000522466	0.22466	0.293626	0.26489	0.103971	0.0752351	0.0177638	0.0120167	0.00626959	0.000522466	0.000522466	
0.00113636	0.138636	0.288636	0.276136	0.126136	0.113636	0.0386364	0.00113636	0.0136364	0.00113636	0.00113636	
0.0016835	0.0016835	0.0942761	0.223906	0.131313	0.242424	0.16835	0.0572391	0.0387205	0.0387205	0.0016835	
0.00275482	0.00275482	0.0633609	0.0936639	0.15427	0.275482	0.184573	0.123967	0.0330579	0.0330579	0.0330579	
0.00649351	0.0779221	0.0779221	0.0779221	0.149351	0.149351	0.0779221	0.149351	0.149351	0.00649351	0.0779221	
0.00757576	0.00757576	0.00757576	0.0909091	0.257576	0.0909091	0.174242	0.00757576	0.0909091	0.174242	0.0909091	
0.0151515	0.0151515	0.0151515	0.0151515	0.0151515	0.0151515	0.0151515	0.348485	0.348485	0.0151515	0.181818	
0.0181818	0.0181818	0.0181818	0.0181818	0.218182	0.218182	0.218182	0.0181818	0.218182	0.0181818	0.0181818	


Matrix B :

0.0909091	0.0909091	0.0909091	0.0909091	0.0909091	0.0909091	0.0909091	0.0909091	0.0909091	0.0909091	0.0909091	
0.000193836	0.509789	0.343477	0.0897461	0.0364412	0.00659042	0.00872262	0.00445823	0.000193836	0.000193836	0.000193836	
0.000227273	0.385227	0.440227	0.127727	0.0327273	0.00772727	0.00272727	0.000227273	0.00272727	0.000227273	0.000227273	
0.000494071	0.0385375	0.630929	0.212451	0.0657115	0.0331028	0.00592885	0.00592885	0.00592885	0.000494071	0.000494071	
0.00109529	0.0131435	0.519168	0.338445	0.0492881	0.0492881	0.00109529	0.00109529	0.0131435	0.00109529	0.0131435	
0.00154083	0.00154083	0.120185	0.493066	0.238829	0.0862866	0.01849	0.01849	0.01849	0.00154083	0.00154083	
0.0026738	0.0320856	0.0909091	0.502674	0.237968	0.0614973	0.0614973	0.0026738	0.0026738	0.0026738	0.0026738	
0.00606061	0.00606061	0.0727273	0.00606061	0.339394	0.272727	0.0727273	0.0727273	0.0727273	0.0727273	0.00606061	
0.00699301	0.00699301	0.160839	0.314685	0.160839	0.237762	0.0839161	0.00699301	0.00699301	0.00699301	0.00699301	
0.0151515	0.0151515	0.181818	0.0151515	0.348485	0.181818	0.181818	0.0151515	0.0151515	0.0151515	0.0151515	
0.0181818	0.0181818	0.0181818	0.218182	0.218182	0.218182	0.218182	0.0181818	0.0181818	0.0181818	0.0181818	


Vector Pi :

0.00149031	0.394933	0.247392	0.165425	0.0506706	0.0834575	0.0178838	0.0178838	0.0178838	0.00149031	0.00149031	


Vector Phi :

0.000826793	0.36828	0.318412	0.143839	0.0661301	0.044641	0.027282	0.0115739	0.00992047	0.0049603	0.00413365	
