
Parameters: 11 states AND 11 symbols

Matrix A :

0.090909	0.090909	0.090909	0.090909	0.090909	0.090909	0.090909	0.090909	0.090909	0.090909	0.090909	
0.000180	0.952749	0.041682	0.002156	0.000180	0.002156	0.000180	0.000180	0.000180	0.000180	0.000180	
0.001466	0.324047	0.453079	0.130499	0.033724	0.033724	0.001466	0.001466	0.001466	0.017595	0.001466	
0.005682	0.068182	0.505682	0.130682	0.193182	0.005682	0.005682	0.005682	0.005682	0.068182	0.005682	
0.010101	0.010101	0.343434	0.343434	0.232323	0.010101	0.010101	0.010101	0.010101	0.010101	0.010101	
0.018182	0.018182	0.018182	0.218182	0.218182	0.018182	0.018182	0.018182	0.018182	0.218182	0.218182	
0.090909	0.090909	0.090909	0.090909	0.090909	0.090909	0.090909	0.090909	0.090909	0.090909	0.090909	
0.090909	0.090909	0.090909	0.090909	0.090909	0.090909	0.090909	0.090909	0.090909	0.090909	0.090909	
0.090909	0.090909	0.090909	0.090909	0.090909	0.090909	0.090909	0.090909	0.090909	0.090909	0.090909	
0.022727	0.272727	0.022727	0.022727	0.022727	0.272727	0.022727	0.022727	0.022727	0.022727	0.272727	
0.030303	0.363636	0.363636	0.030303	0.030303	0.030303	0.030303	0.030303	0.030303	0.030303	0.030303	


Matrix B :

0.090909	0.090909	0.090909	0.090909	0.090909	0.090909	0.090909	0.090909	0.090909	0.090909	0.090909	
0.000170	0.211781	0.350358	0.209908	0.095676	0.071331	0.022642	0.020769	0.011406	0.002043	0.003916	
0.001443	0.033189	0.191919	0.239538	0.191919	0.128427	0.080808	0.033189	0.049062	0.033189	0.017316	
0.005348	0.005348	0.181818	0.240642	0.240642	0.181818	0.064171	0.064171	0.005348	0.005348	0.005348	
0.010101	0.010101	0.343434	0.010101	0.343434	0.010101	0.010101	0.121212	0.010101	0.010101	0.121212	
0.018182	0.018182	0.018182	0.418182	0.218182	0.018182	0.218182	0.018182	0.018182	0.018182	0.018182	
0.090909	0.090909	0.090909	0.090909	0.090909	0.090909	0.090909	0.090909	0.090909	0.090909	0.090909	
0.090909	0.090909	0.090909	0.090909	0.090909	0.090909	0.090909	0.090909	0.090909	0.090909	0.090909	
0.090909	0.090909	0.090909	0.090909	0.090909	0.090909	0.090909	0.090909	0.090909	0.090909	0.090909	
0.022727	0.272727	0.022727	0.272727	0.022727	0.272727	0.022727	0.022727	0.022727	0.022727	0.022727	
0.030303	0.030303	0.696970	0.030303	0.030303	0.030303	0.030303	0.030303	0.030303	0.030303	0.030303	


Vector Pi :

0.002933	0.906158	0.035191	0.035191	0.002933	0.002933	0.002933	0.002933	0.002933	0.002933	0.002933	


Vector Phi :

0.001642	0.830870	0.101806	0.026273	0.014778	0.008210	0.001642	0.001642	0.001642	0.006568	0.004926	
