
Parameters: 11 states AND 11 symbols

Matrix A :

0.0909091	0.0909091	0.0909091	0.0909091	0.0909091	0.0909091	0.0909091	0.0909091	0.0909091	0.0909091	0.0909091	
0.000121699	0.893027	0.0978459	0.00681514	0.000121699	0.00146039	0.000121699	0.000121699	0.000121699	0.000121699	0.000121699	
0.000340483	0.273749	0.595846	0.116445	0.0115764	0.000340483	0.000340483	0.000340483	0.000340483	0.000340483	0.000340483	
0.00090009	0.060306	0.317732	0.456346	0.139514	0.0207021	0.00090009	0.00090009	0.00090009	0.00090009	0.00090009	
0.00185529	0.00185529	0.0426716	0.307978	0.491651	0.103896	0.0426716	0.00185529	0.00185529	0.00185529	0.00185529	
0.00534759	0.00534759	0.0641711	0.122995	0.358289	0.240642	0.0641711	0.0641711	0.0641711	0.00534759	0.00534759	
0.010101	0.010101	0.010101	0.010101	0.010101	0.454545	0.343434	0.121212	0.010101	0.010101	0.010101	
0.0181818	0.0181818	0.0181818	0.0181818	0.218182	0.0181818	0.418182	0.0181818	0.0181818	0.218182	0.0181818	
0.030303	0.030303	0.030303	0.030303	0.030303	0.030303	0.030303	0.363636	0.363636	0.030303	0.030303	
0.030303	0.030303	0.030303	0.030303	0.030303	0.030303	0.030303	0.363636	0.030303	0.030303	0.363636	
0.030303	0.030303	0.030303	0.030303	0.030303	0.030303	0.030303	0.030303	0.030303	0.363636	0.363636	


Matrix B :

0.0909091	0.0909091	0.0909091	0.0909091	0.0909091	0.0909091	0.0909091	0.0909091	0.0909091	0.0909091	0.0909091	
0.000115513	0.358438	0.411805	0.167841	0.034423	0.0115513	0.00646875	0.00646875	0.000115513	0.00138616	0.00138616	
0.00032352	0.057263	0.391783	0.327726	0.139114	0.0643805	0.0109997	0.00032352	0.00032352	0.00388224	0.00388224	
0.000882613	0.000882613	0.243601	0.466902	0.146514	0.059135	0.059135	0.0105914	0.0105914	0.000882613	0.000882613	
0.00174825	0.00174825	0.0786713	0.386364	0.367133	0.0786713	0.00174825	0.020979	0.00174825	0.0594406	0.00174825	
0.00534759	0.00534759	0.00534759	0.417112	0.358289	0.181818	0.00534759	0.00534759	0.00534759	0.00534759	0.00534759	
0.00909091	0.00909091	0.00909091	0.00909091	0.409091	0.509091	0.00909091	0.00909091	0.00909091	0.00909091	0.00909091	
0.0181818	0.0181818	0.0181818	0.0181818	0.218182	0.218182	0.418182	0.0181818	0.0181818	0.0181818	0.0181818	
0.030303	0.030303	0.030303	0.030303	0.363636	0.363636	0.030303	0.030303	0.030303	0.030303	0.030303	
0.030303	0.030303	0.030303	0.030303	0.030303	0.030303	0.363636	0.363636	0.030303	0.030303	0.030303	
0.030303	0.030303	0.030303	0.030303	0.030303	0.030303	0.030303	0.69697	0.030303	0.030303	0.030303	


Vector Pi :

0.00149031	0.657228	0.214605	0.0506706	0.0506706	0.00149031	0.0178838	0.00149031	0.00149031	0.00149031	0.00149031	


Vector Phi :

0.000821984	0.621554	0.22261	0.0821472	0.0400723	0.0139246	0.00737662	0.00410265	0.00246162	0.00246421	0.00246508	
