
Parameters: 11 states AND 11 symbols

Matrix A :

0.0909091	0.0909091	0.0909091	0.0909091	0.0909091	0.0909091	0.0909091	0.0909091	0.0909091	0.0909091	0.0909091	
0.000325839	0.756598	0.21538	0.0218312	0.00391007	0.000325839	0.000325839	0.000325839	0.000325839	0.000325839	0.000325839	
0.0003885	0.248252	0.53885	0.175602	0.030303	0.004662	0.0003885	0.0003885	0.0003885	0.0003885	0.0003885	
0.0004914	0.0383292	0.205897	0.530221	0.195086	0.0275184	0.0004914	0.0004914	0.0004914	0.0004914	0.0004914	
0.000557724	0.0128277	0.0619074	0.203012	0.479085	0.215282	0.0250976	0.000557724	0.000557724	0.000557724	0.000557724	
0.000733138	0.000733138	0.000733138	0.0329912	0.291056	0.460411	0.170088	0.0329912	0.00879765	0.000733138	0.000733138	
0.00119617	0.00119617	0.00119617	0.0143541	0.0538278	0.303828	0.369617	0.251196	0.00119617	0.00119617	0.00119617	
0.0015674	0.0015674	0.0015674	0.0015674	0.0015674	0.0360502	0.329154	0.363636	0.260188	0.0015674	0.0015674	
0.00206612	0.00206612	0.00206612	0.00206612	0.00206612	0.00206612	0.0702479	0.252066	0.38843	0.252066	0.0247934	
0.00324675	0.00324675	0.00324675	0.00324675	0.00324675	0.00324675	0.00324675	0.0746753	0.324675	0.503247	0.0746753	
0.0113636	0.0113636	0.0113636	0.0113636	0.0113636	0.0113636	0.0113636	0.0113636	0.136364	0.261364	0.511364	


Matrix B :

0.0909091	0.0909091	0.0909091	0.0909091	0.0909091	0.0909091	0.0909091	0.0909091	0.0909091	0.0909091	0.0909091	
0.00031027	0.225566	0.263109	0.215327	0.174372	0.0753956	0.0139621	0.0242011	0.00713621	0.00031027	0.00031027	
0.000371058	0.0534323	0.408534	0.220779	0.184045	0.0738404	0.0411874	0.00853432	0.00853432	0.000371058	0.000371058	
0.000468604	0.000468604	0.0880975	0.423149	0.263355	0.134489	0.0829428	0.00562324	0.000468604	0.000468604	0.000468604	
0.000534759	0.000534759	0.000534759	0.259358	0.347594	0.200535	0.129947	0.0534759	0.000534759	0.000534759	0.00641711	
0.000699301	0.000699301	0.000699301	0.0391608	0.439161	0.323776	0.139161	0.0314685	0.0160839	0.000699301	0.00839161	
0.00115075	0.00115075	0.00115075	0.00115075	0.165708	0.43153	0.241657	0.0644419	0.0391254	0.0391254	0.013809	
0.00149031	0.00149031	0.00149031	0.00149031	0.00149031	0.247392	0.165425	0.42772	0.0506706	0.0506706	0.0506706	
0.00189394	0.00189394	0.00189394	0.00189394	0.00189394	0.0435606	0.376894	0.231061	0.168561	0.0643939	0.106061	
0.0030303	0.0030303	0.0030303	0.0030303	0.0030303	0.0030303	0.20303	0.30303	0.269697	0.136364	0.069697	
0.010101	0.010101	0.010101	0.010101	0.010101	0.010101	0.010101	0.232323	0.232323	0.454545	0.010101	


Vector Pi :

0.00149031	0.230999	0.165425	0.165425	0.116244	0.099851	0.0506706	0.0506706	0.0670641	0.0342772	0.0178838	


Vector Phi :

0.000831581	0.23403	0.196788	0.15277	0.135111	0.102824	0.0630569	0.0481421	0.0365383	0.0232598	0.00664777	
