
Parameters: 11 states AND 11 symbols

Matrix A :

0.0454545	0.0454545	0.0454545	0.0454545	0.0454545	0.0454545	0.0454545	0.0454545	0.0454545	0.0454545	0.545455	
0.000236742	0.857008	0.122633	0.00804924	0.00284091	0.00284091	0.000236742	0.000236742	0.00544508	0.000236742	0.000236742	
0.000362188	0.175661	0.62586	0.159725	0.0162984	0.0123144	0.000362188	0.00434625	0.000362188	0.000362188	0.00434625	
0.000516529	0.0459711	0.233471	0.51188	0.170971	0.0289256	0.00619835	0.000516529	0.000516529	0.000516529	0.000516529	
0.000699301	0.000699301	0.0314685	0.277622	0.523776	0.146853	0.0160839	0.000699301	0.000699301	0.000699301	0.000699301	
0.00102145	0.00102145	0.0122574	0.0459653	0.236977	0.506639	0.124617	0.0459653	0.0234934	0.00102145	0.00102145	
0.00178253	0.00178253	0.00178253	0.0213904	0.0998217	0.237077	0.491979	0.11943	0.00178253	0.0213904	0.00178253	
0.00284091	0.00284091	0.00284091	0.0340909	0.00284091	0.0965909	0.190341	0.346591	0.252841	0.0653409	0.00284091	
0.0026738	0.0026738	0.0320856	0.0026738	0.0026738	0.0026738	0.149733	0.208556	0.385027	0.179144	0.0320856	
0.0519481	0.0519481	0.004329	0.004329	0.004329	0.004329	0.004329	0.0519481	0.337662	0.290043	0.194805	
0.0030303	0.0030303	0.0030303	0.0030303	0.0030303	0.0030303	0.0030303	0.0363636	0.0363636	0.169697	0.736364	


Matrix B :

0.0454545	0.0454545	0.0454545	0.0454545	0.545455	0.0454545	0.0454545	0.0454545	0.0454545	0.0454545	0.0454545	
0.000226706	0.32691	0.364316	0.164815	0.0875085	0.0351394	0.0176831	0.000226706	0.00272047	0.000226706	0.000226706	
0.000343053	0.0871355	0.253173	0.347513	0.200343	0.0456261	0.0380789	0.0116638	0.0154374	0.000343053	0.000343053	
0.000488759	0.0112414	0.156403	0.290811	0.371457	0.124145	0.0273705	0.0166178	0.000488759	0.000488759	0.000488759	
0.00066357	0.00066357	0.168547	0.23424	0.314532	0.161248	0.0517585	0.0225614	0.0444592	0.00066357	0.00066357	
0.000988142	0.0118577	0.0662055	0.174901	0.305336	0.240119	0.164032	0.0118577	0.0118577	0.0118577	0.000988142	
0.0016835	0.0387205	0.0942761	0.186869	0.316498	0.16835	0.020202	0.0942761	0.0757576	0.0016835	0.0016835	
0.00275482	0.00275482	0.245179	0.15427	0.15427	0.214876	0.123967	0.0330579	0.00275482	0.00275482	0.0633609	
0.0025974	0.0025974	0.145455	0.25974	0.25974	0.0883117	0.0025974	0.145455	0.0025974	0.0311688	0.0597403	
0.00395257	0.00395257	0.0474308	0.221344	0.351779	0.221344	0.0474308	0.00395257	0.00395257	0.0474308	0.0474308	
0.00284091	0.00284091	0.0340909	0.190341	0.502841	0.0653409	0.190341	0.00284091	0.00284091	0.00284091	0.00284091	


Vector Pi :

0.00149031	0.296572	0.214605	0.165425	0.116244	0.0506706	0.0506706	0.0178838	0.0178838	0.0342772	0.0342772	


Vector Phi :

0.00167097	0.316387	0.210761	0.147459	0.108839	0.074474	0.0426492	0.0267509	0.0283818	0.017546	0.025081	
