
Parameters: 11 states AND 11 symbols

Matrix A :

0.0909091	0.0909091	0.0909091	0.0909091	0.0909091	0.0909091	0.0909091	0.0909091	0.0909091	0.0909091	0.0909091	
0.00020803	0.851467	0.137508	0.00707302	0.00020803	0.00249636	0.00020803	0.00020803	0.00020803	0.00020803	0.00020803	
0.000273	0.174447	0.690964	0.126399	0.00627901	0.000273	0.000273	0.000273	0.000273	0.000273	0.000273	
0.000494071	0.0222332	0.207016	0.60919	0.141798	0.0167984	0.000494071	0.000494071	0.000494071	0.000494071	0.000494071	
0.000927644	0.0111317	0.0519481	0.235622	0.53154	0.143785	0.0213358	0.000927644	0.000927644	0.000927644	0.000927644	
0.00165289	0.00165289	0.00165289	0.0561983	0.219835	0.510744	0.201653	0.00165289	0.00165289	0.00165289	0.00165289	
0.00239234	0.00239234	0.00239234	0.00239234	0.107656	0.186603	0.476077	0.186603	0.0287081	0.00239234	0.00239234	
0.00606061	0.00606061	0.00606061	0.00606061	0.0727273	0.0727273	0.206061	0.272727	0.272727	0.0727273	0.00606061	
0.00534759	0.00534759	0.00534759	0.00534759	0.00534759	0.00534759	0.0641711	0.181818	0.475936	0.181818	0.0641711	
0.00699301	0.00699301	0.00699301	0.00699301	0.00699301	0.00699301	0.160839	0.00699301	0.160839	0.391608	0.237762	
0.010101	0.010101	0.010101	0.010101	0.010101	0.010101	0.010101	0.010101	0.121212	0.343434	0.454545	


Matrix B :

0.0909091	0.0909091	0.0909091	0.0909091	0.0909091	0.0909091	0.0909091	0.0909091	0.0909091	0.0909091	0.0909091	
0.000198491	0.240373	0.323343	0.185788	0.118102	0.0613339	0.0547836	0.0111155	0.0045653	0.000198491	0.000198491	
0.000261233	0.0203762	0.23302	0.365204	0.267503	0.0634796	0.034744	0.0031348	0.00888192	0.0031348	0.000261233	
0.0004662	0.0004662	0.113287	0.251748	0.354312	0.159441	0.10303	0.00559441	0.0004662	0.0107226	0.0004662	
0.000874126	0.000874126	0.0393357	0.193182	0.270105	0.26049	0.097028	0.0681818	0.0104895	0.0104895	0.048951	
0.0015949	0.0015949	0.0191388	0.0893142	0.194577	0.352472	0.15949	0.0542265	0.0542265	0.0191388	0.0542265	
0.00227273	0.00227273	0.0272727	0.0522727	0.127273	0.302273	0.202273	0.127273	0.102273	0.0522727	0.00227273	
0.00606061	0.00606061	0.00606061	0.139394	0.0727273	0.339394	0.206061	0.139394	0.00606061	0.00606061	0.0727273	
0.00534759	0.00534759	0.00534759	0.0641711	0.181818	0.299465	0.122995	0.00534759	0.181818	0.122995	0.00534759	
0.00568182	0.00568182	0.00568182	0.0681818	0.630682	0.00568182	0.255682	0.00568182	0.00568182	0.00568182	0.00568182	
0.010101	0.010101	0.010101	0.010101	0.89899	0.010101	0.010101	0.010101	0.010101	0.010101	0.010101	


Vector Pi :

0.00149031	0.362146	0.230999	0.181818	0.099851	0.0342772	0.0342772	0.00149031	0.00149031	0.0506706	0.00149031	


Vector Phi :

0.000836348	0.360687	0.279229	0.154107	0.0820687	0.0460346	0.0318156	0.0125601	0.0142368	0.0108873	0.00753704	
