
Parameters: 11 states AND 11 symbols

Matrix A :

0.0909091	0.0909091	0.0909091	0.0909091	0.0909091	0.0909091	0.0909091	0.0909091	0.0909091	0.0909091	0.0909091	
0.0001443	0.827128	0.162049	0.00808081	0.0017316	0.0001443	0.0001443	0.0001443	0.0001443	0.0001443	0.0001443	
0.000258264	0.292872	0.591167	0.0996901	0.0144628	0.000258264	0.000258264	0.000258264	0.000258264	0.000258264	0.000258264	
0.000635728	0.0286078	0.280356	0.588048	0.0845518	0.0146217	0.000635728	0.000635728	0.000635728	0.000635728	0.000635728	
0.00189394	0.00189394	0.0435606	0.356061	0.439394	0.126894	0.00189394	0.0227273	0.00189394	0.00189394	0.00189394	
0.00649351	0.00649351	0.00649351	0.0779221	0.506494	0.292208	0.00649351	0.0779221	0.00649351	0.00649351	0.00649351	
0.0454545	0.0454545	0.0454545	0.0454545	0.545455	0.0454545	0.0454545	0.0454545	0.0454545	0.0454545	0.0454545	
0.0227273	0.0227273	0.0227273	0.0227273	0.0227273	0.0227273	0.272727	0.0227273	0.0227273	0.522727	0.0227273	
0.030303	0.030303	0.030303	0.030303	0.030303	0.363636	0.030303	0.363636	0.030303	0.030303	0.030303	
0.0227273	0.0227273	0.0227273	0.0227273	0.0227273	0.0227273	0.0227273	0.0227273	0.272727	0.272727	0.272727	
0.0227273	0.0227273	0.0227273	0.0227273	0.0227273	0.0227273	0.0227273	0.0227273	0.272727	0.0227273	0.522727	


Matrix B :

0.0909091	0.0909091	0.0909091	0.0909091	0.0909091	0.0909091	0.0909091	0.0909091	0.0909091	0.0909091	0.0909091	
0.000137741	0.357713	0.27741	0.194077	0.110744	0.0380165	0.00922865	0.00165289	0.0046832	0.00316804	0.00316804	
0.000244379	0.0701369	0.473363	0.244868	0.102395	0.0459433	0.0378788	0.0083089	0.00293255	0.0083089	0.00562072	
0.000606061	0.000606061	0.233939	0.487273	0.167273	0.0672727	0.0339394	0.00727273	0.000606061	0.000606061	0.000606061	
0.00178253	0.00178253	0.0213904	0.413547	0.433155	0.0998217	0.0213904	0.00178253	0.00178253	0.00178253	0.00178253	
0.00649351	0.00649351	0.00649351	0.00649351	0.363636	0.363636	0.149351	0.0779221	0.00649351	0.00649351	0.00649351	
0.0454545	0.0454545	0.0454545	0.0454545	0.0454545	0.545455	0.0454545	0.0454545	0.0454545	0.0454545	0.0454545	
0.0227273	0.0227273	0.0227273	0.0227273	0.0227273	0.0227273	0.522727	0.272727	0.0227273	0.0227273	0.0227273	
0.030303	0.030303	0.030303	0.030303	0.030303	0.030303	0.030303	0.363636	0.363636	0.030303	0.030303	
0.0227273	0.0227273	0.0227273	0.0227273	0.0227273	0.0227273	0.0227273	0.0227273	0.772727	0.0227273	0.0227273	
0.0227273	0.0227273	0.0227273	0.0227273	0.0227273	0.0227273	0.0227273	0.0227273	0.0227273	0.272727	0.522727	


Vector Pi :

0.00149031	0.509687	0.312966	0.116244	0.0506706	0.00149031	0.00149031	0.00149031	0.00149031	0.00149031	0.00149031	


Vector Phi :

0.000832072	0.520643	0.293613	0.119127	0.0399775	0.0116586	0.00166455	0.0033299	0.00249662	0.00332936	0.00332883	
