
Parameters: 11 states AND 11 symbols

Matrix A :

0.0909091	0.0909091	0.0909091	0.0909091	0.0909091	0.0909091	0.0909091	0.0909091	0.0909091	0.0909091	0.0909091	
0.000108613	0.917671	0.0765722	0.00369284	0.000108613	0.000108613	0.000108613	0.00130336	0.000108613	0.000108613	0.000108613	
0.000445633	0.304367	0.564171	0.103387	0.0102496	0.0102496	0.000445633	0.000445633	0.00534759	0.000445633	0.000445633	
0.00119617	0.0669856	0.277512	0.514354	0.0933014	0.0406699	0.00119617	0.00119617	0.00119617	0.00119617	0.00119617	
0.00454545	0.0545455	0.104545	0.354545	0.254545	0.154545	0.0545455	0.00454545	0.00454545	0.00454545	0.00454545	
0.00478469	0.0574163	0.0574163	0.110048	0.110048	0.267943	0.267943	0.110048	0.00478469	0.00478469	0.00478469	
0.00505051	0.00505051	0.00505051	0.0606061	0.0606061	0.171717	0.449495	0.171717	0.00505051	0.0606061	0.00505051	
0.00757576	0.00757576	0.00757576	0.00757576	0.0909091	0.174242	0.257576	0.174242	0.174242	0.00757576	0.0909091	
0.0151515	0.0151515	0.0151515	0.181818	0.0151515	0.0151515	0.0151515	0.348485	0.181818	0.181818	0.0151515	
0.0151515	0.0151515	0.0151515	0.0151515	0.181818	0.0151515	0.0151515	0.0151515	0.181818	0.181818	0.348485	
0.0151515	0.0151515	0.0151515	0.0151515	0.0151515	0.0151515	0.0151515	0.181818	0.0151515	0.348485	0.348485	


Matrix B :

0.0909091	0.0909091	0.0909091	0.0909091	0.0909091	0.0909091	0.0909091	0.0909091	0.0909091	0.0909091	0.0909091	
0.000102955	0.202821	0.403274	0.226604	0.100896	0.0442706	0.011428	0.00689797	0.00350046	0.000102955	0.000102955	
0.000428816	0.0145798	0.118353	0.387221	0.307033	0.108919	0.0192967	0.0145798	0.0145798	0.0145798	0.000428816	
0.00115075	0.013809	0.0771001	0.165708	0.330265	0.191024	0.0897583	0.0264672	0.0391254	0.0264672	0.0391254	
0.00454545	0.00454545	0.00454545	0.204545	0.0545455	0.354545	0.154545	0.0545455	0.00454545	0.0545455	0.104545	
0.00454545	0.00454545	0.104545	0.204545	0.254545	0.304545	0.00454545	0.00454545	0.0545455	0.0545455	0.00454545	
0.00478469	0.00478469	0.162679	0.267943	0.162679	0.0574163	0.0574163	0.0574163	0.00478469	0.0574163	0.162679	
0.00699301	0.00699301	0.0839161	0.160839	0.160839	0.237762	0.00699301	0.160839	0.00699301	0.0839161	0.0839161	
0.0151515	0.0151515	0.181818	0.348485	0.181818	0.0151515	0.0151515	0.0151515	0.181818	0.0151515	0.0151515	
0.0151515	0.0151515	0.0151515	0.515152	0.0151515	0.0151515	0.181818	0.181818	0.0151515	0.0151515	0.0151515	
0.0151515	0.0151515	0.0151515	0.0151515	0.348485	0.348485	0.0151515	0.181818	0.0151515	0.0151515	0.0151515	


Vector Pi :

0.00149031	0.739195	0.132638	0.0670641	0.00149031	0.0178838	0.0178838	0.0178838	0.00149031	0.00149031	0.00149031	


Vector Phi :

0.000816444	0.699168	0.168471	0.0607702	0.0161825	0.0154304	0.0146476	0.00980525	0.00491146	0.00489834	0.0048995	
