
Parameters: 11 states AND 11 symbols

Matrix A :

0.0909091	0.0909091	0.0909091	0.0909091	0.0909091	0.0909091	0.0909091	0.0909091	0.0909091	0.0909091	0.0909091	
0.000105585	0.87467	0.117411	0.00591279	0.000105585	0.00126703	0.000105585	0.000105585	0.000105585	0.000105585	0.000105585	
0.000362188	0.398769	0.490402	0.0919957	0.0162984	0.000362188	0.000362188	0.000362188	0.000362188	0.000362188	0.000362188	
0.00162338	0.126623	0.412338	0.323052	0.0730519	0.0551948	0.00162338	0.00162338	0.00162338	0.00162338	0.00162338	
0.00478469	0.00478469	0.162679	0.215311	0.267943	0.267943	0.00478469	0.0574163	0.00478469	0.00478469	0.00478469	
0.00699301	0.00699301	0.00699301	0.314685	0.391608	0.160839	0.00699301	0.00699301	0.00699301	0.00699301	0.0839161	
0.0909091	0.0909091	0.0909091	0.0909091	0.0909091	0.0909091	0.0909091	0.0909091	0.0909091	0.0909091	0.0909091	
0.030303	0.030303	0.030303	0.363636	0.030303	0.363636	0.030303	0.030303	0.030303	0.030303	0.030303	
0.0909091	0.0909091	0.0909091	0.0909091	0.0909091	0.0909091	0.0909091	0.0909091	0.0909091	0.0909091	0.0909091	
0.0909091	0.0909091	0.0909091	0.0909091	0.0909091	0.0909091	0.0909091	0.0909091	0.0909091	0.0909091	0.0909091	
0.0454545	0.0454545	0.0454545	0.0454545	0.0454545	0.0454545	0.0454545	0.545455	0.0454545	0.0454545	0.0454545	


Matrix B :

0.0909091	0.0909091	0.0909091	0.0909091	0.0909091	0.0909091	0.0909091	0.0909091	0.0909091	0.0909091	0.0909091	
0.00120943	0.536686	0.36152	0.0677283	0.0111873	0.00896997	0.00675267	0.00231808	0.00231808	0.000100786	0.00120943	
0.000341763	0.0416951	0.613124	0.244703	0.0680109	0.0153794	0.000341763	0.00786056	0.000341763	0.00786056	0.000341763	
0.00151515	0.00151515	0.334848	0.351515	0.134848	0.0515152	0.0848485	0.00151515	0.00151515	0.0348485	0.00151515	
0.00478469	0.00478469	0.267943	0.478469	0.0574163	0.0574163	0.00478469	0.00478469	0.00478469	0.110048	0.00478469	
0.00699301	0.00699301	0.00699301	0.622378	0.160839	0.00699301	0.00699301	0.00699301	0.0839161	0.0839161	0.00699301	
0.0909091	0.0909091	0.0909091	0.0909091	0.0909091	0.0909091	0.0909091	0.0909091	0.0909091	0.0909091	0.0909091	
0.030303	0.030303	0.030303	0.363636	0.030303	0.030303	0.030303	0.363636	0.030303	0.030303	0.030303	
0.0909091	0.0909091	0.0909091	0.0909091	0.0909091	0.0909091	0.0909091	0.0909091	0.0909091	0.0909091	0.0909091	
0.0909091	0.0909091	0.0909091	0.0909091	0.0909091	0.0909091	0.0909091	0.0909091	0.0909091	0.0909091	0.0909091	
0.0454545	0.0454545	0.0454545	0.0454545	0.0454545	0.0454545	0.0454545	0.545455	0.0454545	0.0454545	0.0454545	


Vector Pi :

0.00149031	0.673621	0.247392	0.0670641	0.00149031	0.00149031	0.00149031	0.00149031	0.00149031	0.00149031	0.00149031	


Vector Phi :

0.00082713	0.712159	0.20761	0.0463193	0.0157155	0.0107527	0.00082713	0.00248139	0.00082713	0.00082713	0.00165426	
