
Parameters: 11 states AND 11 symbols

Matrix A :

0.0909091	0.0909091	0.0909091	0.0909091	0.0909091	0.0909091	0.0909091	0.0909091	0.0909091	0.0909091	0.0909091	
9.67118e-05	0.941586	0.0522244	0.00435203	9.67118e-05	9.67118e-05	0.00116054	9.67118e-05	9.67118e-05	9.67118e-05	9.67118e-05	
0.000494071	0.283103	0.641798	0.0711462	0.000494071	0.000494071	0.000494071	0.000494071	0.000494071	0.000494071	0.000494071	
0.00197628	0.0237154	0.306324	0.501976	0.110672	0.00197628	0.0237154	0.0237154	0.00197628	0.00197628	0.00197628	
0.00826446	0.0991736	0.0991736	0.371901	0.280992	0.0991736	0.00826446	0.00826446	0.00826446	0.00826446	0.00826446	
0.0227273	0.272727	0.0227273	0.0227273	0.272727	0.272727	0.0227273	0.0227273	0.0227273	0.0227273	0.0227273	
0.0181818	0.0181818	0.0181818	0.0181818	0.0181818	0.0181818	0.218182	0.218182	0.418182	0.0181818	0.0181818	
0.0227273	0.0227273	0.0227273	0.0227273	0.272727	0.0227273	0.0227273	0.272727	0.272727	0.0227273	0.0227273	
0.0181818	0.0181818	0.0181818	0.0181818	0.0181818	0.218182	0.0181818	0.0181818	0.218182	0.0181818	0.418182	
0.0454545	0.0454545	0.0454545	0.545455	0.0454545	0.0454545	0.0454545	0.0454545	0.0454545	0.0454545	0.0454545	
0.030303	0.030303	0.030303	0.030303	0.030303	0.030303	0.363636	0.030303	0.030303	0.363636	0.030303	


Matrix B :

0.0909091	0.0909091	0.0909091	0.0909091	0.0909091	0.0909091	0.0909091	0.0909091	0.0909091	0.0909091	0.0909091	
9.18274e-05	0.254637	0.360698	0.236455	0.104132	0.0344353	0.00413223	0.00514233	9.18274e-05	9.18274e-05	9.18274e-05	
0.000475964	0.000475964	0.131366	0.204664	0.288434	0.183722	0.0999524	0.0633032	0.026654	0.000475964	0.000475964	
0.00185529	0.00185529	0.0834879	0.348794	0.103896	0.124304	0.103896	0.144712	0.0222635	0.0426716	0.0222635	
0.00826446	0.00826446	0.00826446	0.00826446	0.190083	0.280992	0.00826446	0.0991736	0.0991736	0.0991736	0.190083	
0.0227273	0.272727	0.0227273	0.0227273	0.0227273	0.0227273	0.522727	0.0227273	0.0227273	0.0227273	0.0227273	
0.0181818	0.0181818	0.0181818	0.418182	0.218182	0.218182	0.0181818	0.0181818	0.0181818	0.0181818	0.0181818	
0.0227273	0.0227273	0.272727	0.0227273	0.0227273	0.0227273	0.272727	0.272727	0.0227273	0.0227273	0.0227273	
0.0181818	0.0181818	0.418182	0.0181818	0.218182	0.218182	0.0181818	0.0181818	0.0181818	0.0181818	0.0181818	
0.0454545	0.0454545	0.0454545	0.0454545	0.0454545	0.0454545	0.0454545	0.545455	0.0454545	0.0454545	0.0454545	
0.030303	0.030303	0.030303	0.363636	0.030303	0.030303	0.030303	0.363636	0.030303	0.030303	0.030303	


Vector Pi :

0.00149031	0.804769	0.132638	0.0506706	0.00149031	0.00149031	0.00149031	0.00149031	0.00149031	0.00149031	0.00149031	


Vector Phi :

0.000824324	0.782915	0.150442	0.0378	0.0090489	0.003296	0.0041297	0.003296	0.00412525	0.00164913	0.00247443	
