
Parameters: 11 states AND 11 symbols

Matrix A :

0.0909091	0.0909091	0.0909091	0.0909091	0.0909091	0.0909091	0.0909091	0.0909091	0.0909091	0.0909091	0.0909091	
0.000249066	0.759153	0.222167	0.0166874	0.000249066	0.000249066	0.000249066	0.000249066	0.000249066	0.000249066	0.000249066	
0.000276319	0.240398	0.568665	0.176568	0.00939486	0.00331583	0.000276319	0.000276319	0.000276319	0.000276319	0.000276319	
0.000390168	0.0304331	0.245025	0.562622	0.133437	0.0218494	0.00468201	0.000390168	0.000390168	0.000390168	0.000390168	
0.000819001	0.000819001	0.027846	0.289107	0.496314	0.180999	0.000819001	0.000819001	0.000819001	0.000819001	0.000819001	
0.00113636	0.00113636	0.00113636	0.0761364	0.238636	0.501136	0.126136	0.0511364	0.00113636	0.00113636	0.00113636	
0.00378788	0.00378788	0.00378788	0.00378788	0.0454545	0.253788	0.378788	0.295455	0.00378788	0.00378788	0.00378788	
0.00378788	0.00378788	0.00378788	0.00378788	0.0454545	0.295455	0.0871212	0.212121	0.128788	0.212121	0.00378788	
0.00826446	0.00826446	0.00826446	0.00826446	0.00826446	0.00826446	0.0991736	0.46281	0.280992	0.0991736	0.00826446	
0.00757576	0.00757576	0.00757576	0.00757576	0.00757576	0.00757576	0.00757576	0.174242	0.257576	0.174242	0.340909	
0.00909091	0.00909091	0.00909091	0.00909091	0.00909091	0.00909091	0.00909091	0.00909091	0.109091	0.309091	0.509091	


Matrix B :

0.0909091	0.0909091	0.0909091	0.0909091	0.0909091	0.0909091	0.0909091	0.0909091	0.0909091	0.0909091	0.0909091	
0.000236742	0.336174	0.263258	0.198153	0.101799	0.0627367	0.0106534	0.0158617	0.00544508	0.00544508	0.000236742	
0.000263505	0.0959157	0.455336	0.206061	0.122003	0.0408432	0.0379447	0.0118577	0.0147563	0.0118577	0.00316206	
0.000371058	0.000371058	0.34731	0.343228	0.130983	0.0656772	0.0411874	0.0330241	0.0207792	0.00853432	0.00853432	
0.000777001	0.000777001	0.0691531	0.368298	0.282828	0.111888	0.0777001	0.043512	0.043512	0.000777001	0.000777001	
0.00106952	0.00106952	0.00106952	0.295187	0.248128	0.212834	0.130481	0.059893	0.0245989	0.0245989	0.00106952	
0.00378788	0.00378788	0.00378788	0.0871212	0.587121	0.00378788	0.0871212	0.128788	0.0871212	0.00378788	0.00378788	
0.0034965	0.0034965	0.0034965	0.0034965	0.311189	0.311189	0.157343	0.118881	0.0804196	0.0034965	0.0034965	
0.00826446	0.00826446	0.00826446	0.00826446	0.00826446	0.190083	0.280992	0.280992	0.0991736	0.0991736	0.00826446	
0.00757576	0.00757576	0.00757576	0.00757576	0.00757576	0.0909091	0.340909	0.340909	0.174242	0.00757576	0.00757576	
0.00909091	0.00909091	0.00909091	0.00909091	0.00909091	0.00909091	0.109091	0.409091	0.209091	0.209091	0.00909091	


Vector Pi :

0.00149031	0.329359	0.263785	0.181818	0.099851	0.0834575	0.00149031	0.0342772	0.00149031	0.00149031	0.00149031	


Vector Phi :

0.00083807	0.300417	0.273576	0.196409	0.0934117	0.0672871	0.0201803	0.0201693	0.00923789	0.0100783	0.00839527	
