
Parameters: 11 states AND 11 symbols

Matrix A :

0.0909091	0.0909091	0.0909091	0.0909091	0.0909091	0.0909091	0.0909091	0.0909091	0.0909091	0.0909091	0.0909091	
0.000256805	0.765794	0.203647	0.0256805	0.00308166	0.000256805	0.000256805	0.000256805	0.000256805	0.000256805	0.000256805	
0.000304044	0.247796	0.545455	0.177562	0.0270599	0.000304044	0.000304044	0.000304044	0.000304044	0.000304044	0.000304044	
0.000386847	0.0301741	0.217408	0.591876	0.153578	0.00464217	0.000386847	0.000386847	0.000386847	0.000386847	0.000386847	
0.000693963	0.00832755	0.0846634	0.214434	0.489244	0.168633	0.0235947	0.00832755	0.000693963	0.000693963	0.000693963	
0.00165289	0.00165289	0.0380165	0.092562	0.292562	0.219835	0.27438	0.0743802	0.00165289	0.00165289	0.00165289	
0.0020202	0.0020202	0.0020202	0.0020202	0.113131	0.357576	0.246465	0.20202	0.0686869	0.0020202	0.0020202	
0.00189394	0.00189394	0.00189394	0.00189394	0.00189394	0.0643939	0.251894	0.564394	0.0643939	0.0435606	0.00189394	
0.00606061	0.00606061	0.00606061	0.00606061	0.00606061	0.00606061	0.206061	0.339394	0.339394	0.0727273	0.00606061	
0.00909091	0.00909091	0.00909091	0.00909091	0.00909091	0.00909091	0.00909091	0.109091	0.309091	0.309091	0.209091	
0.012987	0.012987	0.012987	0.012987	0.012987	0.012987	0.012987	0.012987	0.012987	0.298701	0.584416	


Matrix B :

0.0909091	0.0909091	0.0909091	0.0909091	0.0909091	0.0909091	0.0909091	0.0909091	0.0909091	0.0909091	0.0909091	
0.000242424	0.432242	0.288242	0.160242	0.0615758	0.0509091	0.00557576	0.000242424	0.000242424	0.000242424	0.000242424	
0.000292312	0.167495	0.453669	0.212511	0.0838936	0.0453084	0.0292312	0.00672318	0.000292312	0.000292312	0.000292312	
0.000371058	0.00853432	0.494249	0.32282	0.0820037	0.0615955	0.012616	0.0166976	0.000371058	0.000371058	0.000371058	
0.000668449	0.000668449	0.302139	0.47861	0.177139	0.0153743	0.00802139	0.00802139	0.00802139	0.000668449	0.000668449	
0.0015674	0.0015674	0.0532915	0.587774	0.139498	0.105016	0.0532915	0.0532915	0.0015674	0.0015674	0.0015674	
0.00193424	0.00193424	0.00193424	0.363636	0.257253	0.27853	0.00193424	0.0444874	0.0232108	0.0232108	0.00193424	
0.00174825	0.00174825	0.020979	0.0594406	0.405594	0.251748	0.194056	0.020979	0.0402098	0.00174825	0.00174825	
0.00534759	0.00534759	0.0641711	0.00534759	0.299465	0.299465	0.0641711	0.00534759	0.181818	0.00534759	0.0641711	
0.00826446	0.00826446	0.00826446	0.00826446	0.00826446	0.280992	0.46281	0.00826446	0.00826446	0.00826446	0.190083	
0.012987	0.012987	0.012987	0.012987	0.012987	0.584416	0.155844	0.155844	0.012987	0.012987	0.012987	


Vector Pi :

0.00149031	0.345753	0.181818	0.165425	0.0834575	0.0506706	0.0342772	0.0670641	0.0342772	0.0342772	0.00149031	


Vector Phi :

0.000781101	0.299494	0.253465	0.197382	0.108757	0.0446955	0.0357778	0.03739	0.0111144	0.00635442	0.0047881	
