
Parameters: 11 states AND 11 symbols

Matrix A :

0.090909	0.090909	0.090909	0.090909	0.090909	0.090909	0.090909	0.090909	0.090909	0.090909	0.090909	
0.000215	0.941113	0.056953	0.000215	0.000215	0.000215	0.000215	0.000215	0.000215	0.000215	0.000215	
0.000716	0.173944	0.748747	0.055834	0.016464	0.000716	0.000716	0.000716	0.000716	0.000716	0.000716	
0.002933	0.067449	0.228739	0.648094	0.035191	0.002933	0.002933	0.002933	0.002933	0.002933	0.002933	
0.015152	0.181818	0.015152	0.181818	0.015152	0.515152	0.015152	0.015152	0.015152	0.015152	0.015152	
0.011364	0.011364	0.011364	0.136364	0.261364	0.136364	0.261364	0.136364	0.011364	0.011364	0.011364	
0.009091	0.009091	0.009091	0.009091	0.009091	0.309091	0.409091	0.209091	0.009091	0.009091	0.009091	
0.009091	0.009091	0.009091	0.009091	0.009091	0.009091	0.309091	0.409091	0.109091	0.009091	0.109091	
0.030303	0.030303	0.030303	0.030303	0.030303	0.030303	0.030303	0.696970	0.030303	0.030303	0.030303	
0.045455	0.045455	0.045455	0.045455	0.045455	0.045455	0.045455	0.045455	0.545455	0.045455	0.045455	
0.022727	0.022727	0.022727	0.022727	0.022727	0.022727	0.022727	0.022727	0.022727	0.272727	0.522727	


Matrix B :

0.090909	0.090909	0.090909	0.090909	0.090909	0.090909	0.090909	0.090909	0.090909	0.090909	0.090909	
0.000207	0.291116	0.277479	0.220661	0.116116	0.061570	0.029752	0.000207	0.002479	0.000207	0.000207	
0.000678	0.008141	0.351425	0.306649	0.179783	0.090231	0.052917	0.008141	0.000678	0.000678	0.000678	
0.002933	0.002933	0.067449	0.422287	0.260997	0.131965	0.002933	0.035191	0.035191	0.035191	0.002933	
0.015152	0.015152	0.015152	0.181818	0.348485	0.181818	0.015152	0.015152	0.181818	0.015152	0.015152	
0.011364	0.011364	0.011364	0.011364	0.261364	0.136364	0.136364	0.011364	0.386364	0.011364	0.011364	
0.009091	0.009091	0.009091	0.009091	0.009091	0.209091	0.009091	0.309091	0.109091	0.109091	0.209091	
0.009091	0.009091	0.009091	0.009091	0.009091	0.109091	0.509091	0.109091	0.009091	0.009091	0.209091	
0.022727	0.022727	0.022727	0.022727	0.022727	0.022727	0.022727	0.772727	0.022727	0.022727	0.022727	
0.045455	0.045455	0.045455	0.045455	0.045455	0.045455	0.045455	0.045455	0.545455	0.045455	0.045455	
0.022727	0.022727	0.022727	0.022727	0.022727	0.022727	0.022727	0.022727	0.522727	0.272727	0.022727	


Vector Pi :

0.003497	0.618881	0.272727	0.041958	0.003497	0.003497	0.003497	0.003497	0.041958	0.003497	0.003497	


Vector Phi :

0.001539	0.687724	0.200516	0.044132	0.009192	0.012285	0.015378	0.015383	0.004617	0.003078	0.006156	
