
Parameters: 11 states AND 11 symbols

Matrix A :

0.0909091	0.0909091	0.0909091	0.0909091	0.0909091	0.0909091	0.0909091	0.0909091	0.0909091	0.0909091	0.0909091	
0.000208507	0.807548	0.179108	0.0116764	0.000208507	0.000208507	0.000208507	0.000208507	0.000208507	0.000208507	0.000208507	
0.000264271	0.212474	0.607822	0.157241	0.0177061	0.00317125	0.000264271	0.000264271	0.000264271	0.000264271	0.000264271	
0.000447828	0.0447828	0.256605	0.507837	0.172862	0.00537394	0.0103	0.000447828	0.000447828	0.000447828	0.000447828	
0.000745156	0.000745156	0.0417288	0.279434	0.508942	0.148286	0.0171386	0.000745156	0.000745156	0.000745156	0.000745156	
0.00178253	0.00178253	0.00178253	0.0998217	0.315508	0.413547	0.139037	0.0213904	0.00178253	0.00178253	0.00178253	
0.00395257	0.00395257	0.00395257	0.0474308	0.0909091	0.3083	0.264822	0.221344	0.00395257	0.0474308	0.00395257	
0.00699301	0.00699301	0.00699301	0.00699301	0.00699301	0.160839	0.160839	0.391608	0.237762	0.00699301	0.00699301	
0.012987	0.012987	0.012987	0.012987	0.012987	0.012987	0.441558	0.155844	0.298701	0.012987	0.012987	
0.0454545	0.0454545	0.0454545	0.0454545	0.0454545	0.0454545	0.0454545	0.0454545	0.0454545	0.0454545	0.545455	
0.030303	0.030303	0.030303	0.030303	0.030303	0.030303	0.030303	0.030303	0.363636	0.030303	0.363636	


Matrix B :

0.0909091	0.0909091	0.0909091	0.0909091	0.0909091	0.0909091	0.0909091	0.0909091	0.0909091	0.0909091	0.0909091	
0.000198059	0.194098	0.322638	0.220242	0.104773	0.0960586	0.0328778	0.0110913	0.00891266	0.00673401	0.00237671	
0.000255363	0.000255363	0.15475	0.351379	0.241828	0.140705	0.0536261	0.0508172	0.00587334	0.000255363	0.000255363	
0.000413223	0.000413223	0.000413223	0.12314	0.386777	0.32314	0.109504	0.0367769	0.00950413	0.00950413	0.000413223	
0.000710227	0.000710227	0.000710227	0.00852273	0.0788352	0.34446	0.28196	0.149148	0.0788352	0.0397727	0.0163352	
0.00171527	0.00171527	0.00171527	0.00171527	0.0205832	0.0394511	0.246998	0.379074	0.22813	0.058319	0.0205832	
0.00395257	0.00395257	0.00395257	0.00395257	0.0474308	0.00395257	0.0909091	0.351779	0.395257	0.0909091	0.00395257	
0.00699301	0.00699301	0.00699301	0.00699301	0.00699301	0.160839	0.0839161	0.160839	0.237762	0.314685	0.00699301	
0.012987	0.012987	0.012987	0.012987	0.012987	0.155844	0.012987	0.012987	0.155844	0.155844	0.441558	
0.0454545	0.0454545	0.0454545	0.0454545	0.0454545	0.0454545	0.0454545	0.0454545	0.0454545	0.545455	0.0454545	
0.030303	0.030303	0.030303	0.030303	0.030303	0.030303	0.030303	0.030303	0.030303	0.030303	0.69697	


Vector Pi :

0.00149031	0.394933	0.181818	0.280179	0.099851	0.0342772	0.00149031	0.00149031	0.00149031	0.00149031	0.00149031	


Vector Phi :

0.000831852	0.35917	0.286836	0.169093	0.101627	0.0424782	0.0191527	0.0108237	0.00582639	0.00166458	0.00249621	
