
Parameters: 11 states AND 11 symbols

Matrix A :

0.0909091	0.0909091	0.0909091	0.0909091	0.0909091	0.0909091	0.0909091	0.0909091	0.0909091	0.0909091	0.0909091	
0.000306091	0.714111	0.222528	0.0474441	0.0070401	0.00367309	0.000306091	0.000306091	0.000306091	0.00367309	0.000306091	
0.000308166	0.244376	0.546071	0.16302	0.0409861	0.003698	0.000308166	0.000308166	0.000308166	0.000308166	0.000308166	
0.00040404	0.040404	0.23596	0.529293	0.160404	0.0226263	0.00929293	0.00040404	0.00040404	0.00040404	0.00040404	
0.000618429	0.00742115	0.0822511	0.265925	0.401979	0.191095	0.034632	0.0142239	0.000618429	0.000618429	0.000618429	
0.000865801	0.0103896	0.0103896	0.038961	0.28658	0.467532	0.143723	0.038961	0.000865801	0.000865801	0.000865801	
0.00165289	0.0198347	0.00165289	0.00165289	0.092562	0.328926	0.347107	0.147107	0.0561983	0.00165289	0.00165289	
0.0025974	0.0025974	0.0025974	0.0025974	0.0311688	0.0597403	0.316883	0.374026	0.174026	0.0311688	0.0025974	
0.0034965	0.0034965	0.0034965	0.0034965	0.041958	0.0034965	0.0804196	0.272727	0.426573	0.0804196	0.0804196	
0.012987	0.012987	0.012987	0.012987	0.012987	0.012987	0.012987	0.012987	0.584416	0.155844	0.155844	
0.012987	0.012987	0.012987	0.012987	0.155844	0.012987	0.012987	0.012987	0.155844	0.155844	0.441558	


Matrix B :

0.0909091	0.0909091	0.0909091	0.0909091	0.0909091	0.0909091	0.0909091	0.0909091	0.0909091	0.0909091	0.0909091	
0.000290444	0.278246	0.367703	0.15684	0.102527	0.0673831	0.0226547	0.000290444	0.00348533	0.000290444	0.000290444	
0.000298063	0.0363636	0.429806	0.311773	0.101937	0.0625931	0.0396423	0.0101341	0.00685544	0.000298063	0.000298063	
0.000383583	0.000383583	0.186038	0.481396	0.177599	0.0805524	0.0594553	0.0088224	0.00460299	0.000383583	0.000383583	
0.000590319	0.000590319	0.0914994	0.292798	0.318772	0.169421	0.0914994	0.0330579	0.000590319	0.000590319	0.000590319	
0.000826446	0.000826446	0.0280992	0.191736	0.300826	0.264463	0.164463	0.046281	0.000826446	0.000826446	0.000826446	
0.00149031	0.00149031	0.00149031	0.099851	0.132638	0.165425	0.312966	0.214605	0.0506706	0.0178838	0.00149031	
0.002457	0.002457	0.002457	0.0565111	0.137592	0.137592	0.272727	0.191646	0.137592	0.0565111	0.002457	
0.00324675	0.00324675	0.00324675	0.00324675	0.038961	0.181818	0.217532	0.146104	0.00324675	0.396104	0.00324675	
0.012987	0.012987	0.012987	0.155844	0.155844	0.012987	0.012987	0.155844	0.155844	0.155844	0.155844	
0.012987	0.012987	0.012987	0.012987	0.155844	0.298701	0.012987	0.012987	0.155844	0.012987	0.298701	


Vector Pi :

0.00149031	0.263785	0.181818	0.198212	0.099851	0.0834575	0.099851	0.0342772	0.0342772	0.00149031	0.00149031	


Vector Phi :

0.000837648	0.245726	0.243582	0.187673	0.124346	0.0884756	0.0463138	0.0294612	0.0218473	0.00586402	0.00587287	
