
Parameters: 11 states AND 11 symbols

Matrix A :

0.0909091	0.0909091	0.0909091	0.0909091	0.0909091	0.0909091	0.0909091	0.0909091	0.0909091	0.0909091	0.0909091	
0.000157282	0.837528	0.145486	0.0139981	0.000157282	0.00188739	0.000157282	0.000157282	0.000157282	0.000157282	0.000157282	
0.000285878	0.270726	0.55689	0.151229	0.0191538	0.000285878	0.000285878	0.000285878	0.000285878	0.000285878	0.000285878	
0.000550964	0.0187328	0.315702	0.509642	0.127824	0.0126722	0.0126722	0.000550964	0.000550964	0.000550964	0.000550964	
0.00137741	0.0165289	0.077135	0.319559	0.380165	0.168044	0.0165289	0.00137741	0.0165289	0.00137741	0.00137741	
0.0025974	0.0597403	0.0025974	0.0883117	0.25974	0.374026	0.174026	0.0311688	0.0025974	0.0025974	0.0025974	
0.00413223	0.00413223	0.00413223	0.00413223	0.18595	0.231405	0.367769	0.0950413	0.0950413	0.00413223	0.00413223	
0.012987	0.012987	0.012987	0.012987	0.012987	0.155844	0.441558	0.155844	0.155844	0.012987	0.012987	
0.0113636	0.0113636	0.0113636	0.0113636	0.0113636	0.0113636	0.136364	0.261364	0.386364	0.0113636	0.136364	
0.0454545	0.0454545	0.0454545	0.0454545	0.0454545	0.545455	0.0454545	0.0454545	0.0454545	0.0454545	0.0454545	
0.030303	0.030303	0.030303	0.030303	0.030303	0.030303	0.030303	0.030303	0.030303	0.363636	0.363636	


Matrix B :

0.0909091	0.0909091	0.0909091	0.0909091	0.0909091	0.0909091	0.0909091	0.0909091	0.0909091	0.0909091	0.0909091	
0.000149276	0.38767	0.325272	0.182415	0.0510524	0.0379161	0.0100015	0.00343335	0.00179131	0.000149276	0.000149276	
0.00027137	0.0629579	0.436092	0.304749	0.110719	0.0360923	0.0331072	0.00922659	0.00624152	0.00027137	0.00027137	
0.000528541	0.0121564	0.209831	0.320296	0.192389	0.128436	0.070296	0.0412262	0.0237844	0.000528541	0.000528541	
0.0013369	0.0160428	0.192513	0.192513	0.31016	0.104278	0.13369	0.0307487	0.0160428	0.0013369	0.0013369	
0.002457	0.0565111	0.137592	0.299754	0.164619	0.0835381	0.0835381	0.0835381	0.029484	0.0565111	0.002457	
0.00395257	0.134387	0.00395257	0.134387	0.134387	0.0474308	0.00395257	0.177866	0.221344	0.134387	0.00395257	
0.012987	0.012987	0.298701	0.012987	0.012987	0.012987	0.155844	0.155844	0.155844	0.012987	0.155844	
0.0113636	0.0113636	0.136364	0.136364	0.136364	0.261364	0.136364	0.0113636	0.0113636	0.0113636	0.136364	
0.0454545	0.0454545	0.0454545	0.0454545	0.545455	0.0454545	0.0454545	0.0454545	0.0454545	0.0454545	0.0454545	
0.030303	0.030303	0.030303	0.030303	0.030303	0.69697	0.030303	0.030303	0.030303	0.030303	0.030303	


Vector Pi :

0.00149031	0.52608	0.263785	0.116244	0.0342772	0.0342772	0.0178838	0.00149031	0.00149031	0.00149031	0.00149031	


Vector Phi :

0.000832221	0.47718	0.265394	0.137484	0.0549935	0.0291432	0.0183206	0.00582847	0.00666176	0.00166469	0.00249741	
