
Parameters: 11 states AND 11 symbols

Matrix A :

0.0909091	0.0909091	0.0909091	0.0909091	0.0909091	0.0909091	0.0909091	0.0909091	0.0909091	0.0909091	0.0909091	
9.9681e-05	0.941986	0.0571172	9.9681e-05	9.9681e-05	9.9681e-05	9.9681e-05	9.9681e-05	9.9681e-05	9.9681e-05	9.9681e-05	
0.00040404	0.227071	0.698182	0.0670707	0.00040404	0.00040404	0.00484848	0.00040404	0.00040404	0.00040404	0.00040404	
0.00239234	0.00239234	0.370813	0.528708	0.0550239	0.0287081	0.00239234	0.00239234	0.00239234	0.00239234	0.00239234	
0.010101	0.010101	0.121212	0.232323	0.565657	0.010101	0.010101	0.010101	0.010101	0.010101	0.010101	
0.0454545	0.0454545	0.0454545	0.0454545	0.0454545	0.0454545	0.0454545	0.545455	0.0454545	0.0454545	0.0454545	
0.030303	0.030303	0.030303	0.030303	0.363636	0.030303	0.030303	0.030303	0.363636	0.030303	0.030303	
0.0227273	0.0227273	0.0227273	0.0227273	0.0227273	0.0227273	0.272727	0.0227273	0.272727	0.272727	0.0227273	
0.0227273	0.272727	0.0227273	0.0227273	0.0227273	0.0227273	0.0227273	0.272727	0.0227273	0.272727	0.0227273	
0.0227273	0.0227273	0.0227273	0.0227273	0.0227273	0.0227273	0.0227273	0.272727	0.0227273	0.272727	0.272727	
0.030303	0.030303	0.030303	0.030303	0.030303	0.030303	0.030303	0.030303	0.363636	0.030303	0.363636	


Matrix B :

0.0909091	0.0909091	0.0909091	0.0909091	0.0909091	0.0909091	0.0909091	0.0909091	0.0909091	0.0909091	0.0909091	
9.48947e-05	0.15354	0.317423	0.269406	0.107611	0.05855	0.0376732	0.0209717	0.018884	0.0105333	0.0053141	
0.000385208	0.00885978	0.0469954	0.157165	0.313945	0.174114	0.123267	0.0936055	0.0427581	0.0385208	0.000385208	
0.00239234	0.00239234	0.0813397	0.239234	0.186603	0.160287	0.0287081	0.0813397	0.107656	0.107656	0.00239234	
0.00909091	0.00909091	0.00909091	0.609091	0.309091	0.00909091	0.00909091	0.00909091	0.00909091	0.00909091	0.00909091	
0.0454545	0.0454545	0.0454545	0.545455	0.0454545	0.0454545	0.0454545	0.0454545	0.0454545	0.0454545	0.0454545	
0.030303	0.030303	0.030303	0.030303	0.69697	0.030303	0.030303	0.030303	0.030303	0.030303	0.030303	
0.0181818	0.0181818	0.218182	0.0181818	0.618182	0.0181818	0.0181818	0.0181818	0.0181818	0.0181818	0.0181818	
0.0227273	0.0227273	0.0227273	0.272727	0.272727	0.0227273	0.0227273	0.0227273	0.272727	0.0227273	0.0227273	
0.0227273	0.0227273	0.272727	0.272727	0.272727	0.0227273	0.0227273	0.0227273	0.0227273	0.0227273	0.0227273	
0.0227273	0.0227273	0.0227273	0.0227273	0.0227273	0.0227273	0.272727	0.522727	0.0227273	0.0227273	0.0227273	


Vector Pi :

0.00149031	0.755589	0.181818	0.00149031	0.0178838	0.00149031	0.00149031	0.0178838	0.00149031	0.00149031	0.0178838	


Vector Phi :

0.000829876	0.756846	0.186722	0.0315353	0.00746889	0.00165975	0.00248963	0.00331951	0.00331951	0.00331951	0.00248963	
