
Parameters: 11 states AND 11 symbols

Matrix A :

0.0909091	0.0909091	0.0909091	0.0909091	0.0909091	0.0909091	0.0909091	0.0909091	0.0909091	0.0909091	0.0909091	
0.000191388	0.873876	0.120191	0.00229665	0.00229665	0.000191388	0.000191388	0.000191388	0.000191388	0.000191388	0.000191388	
0.00032352	0.206729	0.644452	0.135555	0.00744096	0.00388224	0.00032352	0.00032352	0.00032352	0.00032352	0.00032352	
0.000398724	0.00917065	0.171451	0.741627	0.0705742	0.00478469	0.000398724	0.000398724	0.000398724	0.000398724	0.000398724	
0.00131752	0.00131752	0.0447958	0.27668	0.494071	0.146245	0.030303	0.00131752	0.00131752	0.00131752	0.00131752	
0.00189394	0.00189394	0.00189394	0.00189394	0.272727	0.460227	0.231061	0.0227273	0.00189394	0.00189394	0.00189394	
0.0020202	0.0020202	0.0020202	0.0020202	0.0464646	0.246465	0.513131	0.157576	0.0242424	0.0020202	0.0020202	
0.0034965	0.0034965	0.0034965	0.0034965	0.0034965	0.0804196	0.234266	0.58042	0.041958	0.041958	0.0034965	
0.00826446	0.00826446	0.00826446	0.00826446	0.00826446	0.00826446	0.190083	0.0991736	0.46281	0.190083	0.00826446	
0.0113636	0.0113636	0.0113636	0.0113636	0.0113636	0.0113636	0.0113636	0.136364	0.386364	0.261364	0.136364	
0.0113636	0.0113636	0.0113636	0.0113636	0.0113636	0.0113636	0.0113636	0.0113636	0.0113636	0.261364	0.636364	


Matrix B :

0.0909091	0.0909091	0.0909091	0.0909091	0.0909091	0.0909091	0.0909091	0.0909091	0.0909091	0.0909091	0.0909091	
0.000180734	0.242725	0.244714	0.157238	0.149286	0.0836797	0.0677752	0.0439183	0.0101211	0.000180734	0.000180734	
0.00031027	0.0583307	0.348433	0.181198	0.157307	0.0753956	0.0788086	0.0856345	0.0139621	0.00031027	0.00031027	
0.000380373	0.000380373	0.268163	0.297452	0.188665	0.125903	0.0464055	0.0213009	0.0296691	0.00874857	0.0129327	
0.00126263	0.00126263	0.084596	0.320707	0.251263	0.126263	0.0568182	0.0290404	0.0707071	0.0568182	0.00126263	
0.00178253	0.00178253	0.00178253	0.139037	0.2959	0.315508	0.0998217	0.0213904	0.0213904	0.0409982	0.0606061	
0.00197628	0.00197628	0.00197628	0.00197628	0.284585	0.241107	0.15415	0.197628	0.0671937	0.00197628	0.0454545	
0.003367	0.003367	0.003367	0.003367	0.114478	0.373737	0.114478	0.225589	0.0774411	0.040404	0.040404	
0.00826446	0.00826446	0.00826446	0.00826446	0.00826446	0.00826446	0.0991736	0.280992	0.371901	0.190083	0.00826446	
0.010101	0.010101	0.010101	0.010101	0.010101	0.010101	0.343434	0.121212	0.121212	0.343434	0.010101	
0.0113636	0.0113636	0.0113636	0.0113636	0.0113636	0.0113636	0.0113636	0.261364	0.261364	0.136364	0.261364	


Vector Pi :

0.00149031	0.444113	0.198212	0.181818	0.0506706	0.0506706	0.0178838	0.0178838	0.00149031	0.0178838	0.0178838	


Vector Phi :

0.000745934	0.406931	0.237473	0.190008	0.0561059	0.0379655	0.0347564	0.0195747	0.00766505	0.00508729	0.00368703	
