
Parameters: 11 states AND 11 symbols

Matrix A :

0.045455	0.045455	0.045455	0.045455	0.045455	0.045455	0.045455	0.045455	0.045455	0.045455	0.545455	
0.000649	0.700649	0.222078	0.043506	0.014935	0.000649	0.000649	0.007792	0.000649	0.000649	0.007792	
0.000764	0.269672	0.513369	0.152024	0.051184	0.000764	0.000764	0.009167	0.000764	0.000764	0.000764	
0.000850	0.047579	0.159728	0.542906	0.178420	0.047579	0.000850	0.000850	0.019541	0.000850	0.000850	
0.001595	0.036683	0.106858	0.247209	0.282297	0.212121	0.054226	0.019139	0.001595	0.019139	0.019139	
0.002273	0.052273	0.052273	0.102273	0.152273	0.252273	0.252273	0.127273	0.002273	0.002273	0.002273	
0.003367	0.003367	0.003367	0.077441	0.151515	0.114478	0.262626	0.262626	0.040404	0.040404	0.040404	
0.002841	0.002841	0.002841	0.065341	0.065341	0.190341	0.096591	0.190341	0.252841	0.127841	0.002841	
0.003636	0.003636	0.043636	0.043636	0.003636	0.083636	0.083636	0.123636	0.363636	0.243636	0.003636	
0.003953	0.003953	0.003953	0.047431	0.003953	0.003953	0.047431	0.177866	0.090909	0.221344	0.395257	
0.038961	0.003247	0.038961	0.003247	0.003247	0.038961	0.003247	0.110390	0.074675	0.181818	0.503247	


Matrix B :

0.030303	0.030303	0.030303	0.030303	0.030303	0.030303	0.030303	0.030303	0.030303	0.696970	0.030303	
0.000623	0.144458	0.349938	0.233499	0.144458	0.089664	0.028020	0.007472	0.000623	0.000623	0.000623	
0.000716	0.032212	0.260558	0.323550	0.158196	0.142448	0.040086	0.032212	0.008590	0.000716	0.000716	
0.000805	0.018504	0.045052	0.213194	0.248592	0.142397	0.106999	0.106999	0.071601	0.045052	0.000805	
0.018490	0.001541	0.103236	0.137134	0.221880	0.187982	0.154083	0.103236	0.035439	0.018490	0.018490	
0.002066	0.002066	0.024793	0.138430	0.274793	0.183884	0.183884	0.070248	0.047521	0.047521	0.024793	
0.003247	0.003247	0.038961	0.181818	0.253247	0.146104	0.146104	0.038961	0.038961	0.146104	0.003247	
0.002841	0.002841	0.002841	0.127841	0.252841	0.190341	0.190341	0.096591	0.127841	0.002841	0.002841	
0.003636	0.003636	0.003636	0.083636	0.123636	0.323636	0.203636	0.083636	0.163636	0.003636	0.003636	
0.003636	0.003636	0.083636	0.043636	0.283636	0.163636	0.203636	0.083636	0.083636	0.043636	0.003636	
0.003247	0.003247	0.003247	0.110390	0.038961	0.110390	0.146104	0.253247	0.110390	0.217532	0.003247	


Vector Pi :

0.035191	0.196481	0.228739	0.196481	0.099707	0.131965	0.035191	0.002933	0.002933	0.067449	0.002933	


Vector Phi :

0.003302	0.236221	0.202194	0.177979	0.092478	0.065585	0.044285	0.052703	0.041229	0.037874	0.046151	
