
Parameters: 11 states AND 11 symbols

Matrix A :

0.0909091	0.0909091	0.0909091	0.0909091	0.0909091	0.0909091	0.0909091	0.0909091	0.0909091	0.0909091	0.0909091	
0.000191388	0.764402	0.210718	0.0149282	0.00861244	0.000191388	0.000191388	0.000191388	0.000191388	0.000191388	0.000191388	
0.00025974	0.28026	0.54026	0.154545	0.0231169	0.00025974	0.00025974	0.00025974	0.00025974	0.00025974	0.00025974	
0.000541126	0.0719697	0.29816	0.42316	0.155303	0.0422078	0.00649351	0.000541126	0.000541126	0.000541126	0.000541126	
0.00105708	0.012685	0.0824524	0.326638	0.303383	0.187104	0.0359408	0.0359408	0.00105708	0.012685	0.00105708	
0.00151515	0.0181818	0.0181818	0.0848485	0.318182	0.434848	0.0848485	0.0348485	0.00151515	0.00151515	0.00151515	
0.004329	0.004329	0.0519481	0.004329	0.0995671	0.290043	0.242424	0.194805	0.0995671	0.004329	0.004329	
0.00606061	0.00606061	0.00606061	0.0727273	0.00606061	0.0727273	0.272727	0.206061	0.139394	0.139394	0.0727273	
0.00826446	0.00826446	0.00826446	0.0991736	0.00826446	0.280992	0.0991736	0.0991736	0.190083	0.0991736	0.0991736	
0.010101	0.010101	0.010101	0.010101	0.010101	0.010101	0.121212	0.121212	0.232323	0.121212	0.343434	
0.010101	0.010101	0.010101	0.010101	0.010101	0.010101	0.010101	0.010101	0.232323	0.343434	0.343434	


Matrix B :

0.0909091	0.0909091	0.0909091	0.0909091	0.0909091	0.0909091	0.0909091	0.0909091	0.0909091	0.0909091	0.0909091	
0.000181818	0.348182	0.468182	0.0921818	0.0481818	0.0301818	0.0121818	0.000181818	0.000181818	0.000181818	0.000181818	
0.000247036	0.00568182	0.293725	0.432312	0.171443	0.0518775	0.0192688	0.013834	0.0111166	0.000247036	0.000247036	
0.000525486	0.000525486	0.0236469	0.208618	0.387809	0.254861	0.0872307	0.0294272	0.00630583	0.000525486	0.000525486	
0.0010101	0.0010101	0.0010101	0.10101	0.212121	0.189899	0.278788	0.167677	0.0232323	0.0121212	0.0121212	
0.001443	0.001443	0.001443	0.033189	0.128427	0.176046	0.0649351	0.239538	0.160173	0.128427	0.0649351	
0.00413223	0.00413223	0.00413223	0.00413223	0.0950413	0.0495868	0.18595	0.18595	0.231405	0.0950413	0.140496	
0.00606061	0.00606061	0.00606061	0.00606061	0.139394	0.0727273	0.272727	0.206061	0.139394	0.00606061	0.139394	
0.00699301	0.00699301	0.00699301	0.00699301	0.00699301	0.314685	0.160839	0.160839	0.314685	0.00699301	0.00699301	
0.00826446	0.00826446	0.00826446	0.00826446	0.00826446	0.00826446	0.0991736	0.0991736	0.46281	0.190083	0.0991736	
0.010101	0.010101	0.010101	0.010101	0.010101	0.010101	0.232323	0.232323	0.121212	0.343434	0.010101	


Vector Pi :

0.00149031	0.394933	0.312966	0.0834575	0.0670641	0.0506706	0.0178838	0.00149031	0.0342772	0.0342772	0.00149031	


Vector Phi :

0.000828473	0.396157	0.289265	0.139036	0.0712095	0.0496777	0.0173888	0.0124212	0.00910981	0.00745362	0.00745389	
