
Parameters: 11 states AND 11 symbols

Matrix A :

0.0909091	0.0909091	0.0909091	0.0909091	0.0909091	0.0909091	0.0909091	0.0909091	0.0909091	0.0909091	0.0909091	
0.00013837	0.744431	0.237581	0.0168811	0.00013837	0.00013837	0.00013837	0.00013837	0.00013837	0.00013837	0.00013837	
0.000246366	0.41217	0.41217	0.149298	0.0192166	0.000246366	0.00295639	0.000246366	0.00295639	0.000246366	0.000246366	
0.000834028	0.129274	0.477898	0.257715	0.0925771	0.0375313	0.000834028	0.000834028	0.000834028	0.000834028	0.000834028	
0.00275482	0.0330579	0.15427	0.275482	0.214876	0.245179	0.0633609	0.00275482	0.00275482	0.00275482	0.00275482	
0.00413223	0.00413223	0.140496	0.231405	0.231405	0.231405	0.0950413	0.0495868	0.00413223	0.00413223	0.00413223	
0.00909091	0.109091	0.00909091	0.00909091	0.209091	0.309091	0.209091	0.00909091	0.109091	0.00909091	0.00909091	
0.0454545	0.0454545	0.0454545	0.0454545	0.0454545	0.0454545	0.545455	0.0454545	0.0454545	0.0454545	0.0454545	
0.030303	0.030303	0.030303	0.030303	0.363636	0.030303	0.030303	0.030303	0.030303	0.030303	0.363636	
0.0909091	0.0909091	0.0909091	0.0909091	0.0909091	0.0909091	0.0909091	0.0909091	0.0909091	0.0909091	0.0909091	
0.0454545	0.0454545	0.0454545	0.0454545	0.0454545	0.545455	0.0454545	0.0454545	0.0454545	0.0454545	0.0454545	


Matrix B :

0.0909091	0.0909091	0.0909091	0.0909091	0.0909091	0.0909091	0.0909091	0.0909091	0.0909091	0.0909091	0.0909091	
0.000132521	0.266896	0.371853	0.199841	0.0919693	0.0351179	0.029287	0.00159025	0.00304797	0.000132521	0.000132521	
0.000234907	0.00281889	0.318064	0.40592	0.170778	0.0700023	0.0209067	0.00540287	0.00281889	0.00281889	0.000234907	
0.000757576	0.000757576	0.00909091	0.309091	0.450758	0.175758	0.0424242	0.000757576	0.00909091	0.000757576	0.000757576	
0.0025974	0.0025974	0.0025974	0.0025974	0.288312	0.316883	0.231169	0.116883	0.0311688	0.0025974	0.0025974	
0.00413223	0.00413223	0.00413223	0.00413223	0.00413223	0.504132	0.27686	0.140496	0.0495868	0.00413223	0.00413223	
0.00909091	0.00909091	0.00909091	0.00909091	0.00909091	0.00909091	0.409091	0.409091	0.109091	0.00909091	0.00909091	
0.0454545	0.0454545	0.0454545	0.0454545	0.0454545	0.0454545	0.0454545	0.0454545	0.0454545	0.545455	0.0454545	
0.030303	0.030303	0.030303	0.030303	0.030303	0.030303	0.030303	0.030303	0.69697	0.030303	0.030303	
0.0909091	0.0909091	0.0909091	0.0909091	0.0909091	0.0909091	0.0909091	0.0909091	0.0909091	0.0909091	0.0909091	
0.0454545	0.0454545	0.0454545	0.0454545	0.0454545	0.0454545	0.0454545	0.0454545	0.0454545	0.0454545	0.545455	


Vector Pi :

0.00149031	0.460507	0.296572	0.181818	0.0342772	0.00149031	0.0178838	0.00149031	0.00149031	0.00149031	0.00149031	


Vector Phi :

0.000791586	0.546542	0.30571	0.0897611	0.0265825	0.0173567	0.00699909	0.00158053	0.00231998	0.000791586	0.00156491	
