
Parameters: 11 states AND 11 symbols

Matrix A :

0.0909091	0.0909091	0.0909091	0.0909091	0.0909091	0.0909091	0.0909091	0.0909091	0.0909091	0.0909091	0.0909091	
0.000150761	0.781245	0.18423	0.0266848	0.00512589	0.00180914	0.000150761	0.000150761	0.000150761	0.000150761	0.000150761	
0.000276319	0.331583	0.489638	0.158331	0.0154739	0.00331583	0.000276319	0.000276319	0.000276319	0.000276319	0.000276319	
0.000654022	0.101373	0.302812	0.353172	0.173316	0.0438195	0.0150425	0.00784827	0.000654022	0.000654022	0.000654022	
0.00154083	0.0693374	0.154083	0.255778	0.255778	0.187982	0.0693374	0.00154083	0.00154083	0.00154083	0.00154083	
0.00252525	0.0858586	0.141414	0.169192	0.224747	0.19697	0.113636	0.0580808	0.00252525	0.00252525	0.00252525	
0.00606061	0.0727273	0.00606061	0.00606061	0.206061	0.206061	0.139394	0.0727273	0.272727	0.00606061	0.00606061	
0.010101	0.010101	0.010101	0.010101	0.010101	0.232323	0.121212	0.121212	0.343434	0.010101	0.121212	
0.00757576	0.00757576	0.00757576	0.00757576	0.00757576	0.340909	0.0909091	0.174242	0.257576	0.0909091	0.00757576	
0.030303	0.030303	0.030303	0.030303	0.030303	0.030303	0.030303	0.363636	0.363636	0.030303	0.030303	
0.030303	0.030303	0.030303	0.030303	0.030303	0.030303	0.030303	0.030303	0.030303	0.363636	0.363636	


Matrix B :

0.0909091	0.0909091	0.0909091	0.0909091	0.0909091	0.0909091	0.0909091	0.0909091	0.0909091	0.0909091	0.0909091	
0.000143164	0.34345	0.396994	0.170222	0.0552613	0.02534	0.00486757	0.00329277	0.000143164	0.000143164	0.000143164	
0.000264271	0.0089852	0.349101	0.381078	0.154334	0.0613108	0.038055	0.00607822	0.000264271	0.000264271	0.000264271	
0.000626959	0.000626959	0.0626959	0.352351	0.39373	0.110972	0.0557994	0.0144201	0.00752351	0.000626959	0.000626959	
0.00142045	0.00142045	0.00142045	0.0951705	0.34517	0.34517	0.0795455	0.0482955	0.0639205	0.0170455	0.00142045	
0.002457	0.002457	0.002457	0.0835381	0.110565	0.2457	0.353808	0.164619	0.002457	0.002457	0.029484	
0.00568182	0.00568182	0.00568182	0.00568182	0.0681818	0.0681818	0.318182	0.193182	0.255682	0.0681818	0.00568182	
0.010101	0.010101	0.010101	0.010101	0.010101	0.232323	0.343434	0.232323	0.121212	0.010101	0.010101	
0.00757576	0.00757576	0.00757576	0.00757576	0.00757576	0.00757576	0.174242	0.0909091	0.340909	0.257576	0.0909091	
0.030303	0.030303	0.030303	0.030303	0.030303	0.030303	0.030303	0.030303	0.030303	0.363636	0.363636	
0.030303	0.030303	0.030303	0.030303	0.030303	0.030303	0.030303	0.363636	0.363636	0.030303	0.030303	


Vector Pi :

0.00149031	0.52608	0.247392	0.099851	0.0834575	0.0178838	0.0178838	0.00149031	0.00149031	0.00149031	0.00149031	


Vector Phi :

0.00082713	0.498759	0.272126	0.114971	0.0488007	0.0297767	0.0124069	0.00744417	0.00992556	0.00248139	0.00248139	
