
Parameters: 11 states AND 11 symbols

Matrix A :

0.0909091	0.0909091	0.0909091	0.0909091	0.0909091	0.0909091	0.0909091	0.0909091	0.0909091	0.0909091	0.0909091	
0.000151515	0.766818	0.215152	0.0151515	0.00181818	0.000151515	0.000151515	0.000151515	0.000151515	0.000151515	0.000151515	
0.000261986	0.354729	0.464239	0.170291	0.00890752	0.000261986	0.000261986	0.000261986	0.000261986	0.000261986	0.000261986	
0.000598086	0.0861244	0.316388	0.447967	0.125598	0.0203349	0.000598086	0.000598086	0.000598086	0.000598086	0.000598086	
0.00178253	0.0606061	0.11943	0.217469	0.374332	0.197861	0.00178253	0.0213904	0.00178253	0.00178253	0.00178253	
0.00324675	0.00324675	0.0746753	0.146104	0.146104	0.36039	0.11039	0.146104	0.00324675	0.00324675	0.00324675	
0.0113636	0.0113636	0.0113636	0.0113636	0.386364	0.136364	0.136364	0.136364	0.0113636	0.136364	0.0113636	
0.00699301	0.00699301	0.00699301	0.00699301	0.00699301	0.160839	0.237762	0.391608	0.160839	0.00699301	0.00699301	
0.030303	0.030303	0.030303	0.030303	0.030303	0.363636	0.030303	0.363636	0.030303	0.030303	0.030303	
0.030303	0.030303	0.030303	0.030303	0.363636	0.030303	0.030303	0.030303	0.030303	0.030303	0.363636	
0.030303	0.030303	0.030303	0.030303	0.030303	0.030303	0.030303	0.030303	0.030303	0.363636	0.363636	


Matrix B :

0.0909091	0.0909091	0.0909091	0.0909091	0.0909091	0.0909091	0.0909091	0.0909091	0.0909091	0.0909091	0.0909091	
0.000143843	0.348245	0.452675	0.152043	0.0270426	0.0191312	0.000143843	0.000143843	0.000143843	0.000143843	0.000143843	
0.000249066	0.0166874	0.545455	0.28792	0.107098	0.0276463	0.00846824	0.00572852	0.000249066	0.000249066	0.000249066	
0.000568182	0.000568182	0.0880682	0.475568	0.288068	0.119318	0.0255682	0.000568182	0.000568182	0.000568182	0.000568182	
0.00174825	0.00174825	0.00174825	0.270979	0.328671	0.174825	0.136364	0.020979	0.0594406	0.00174825	0.00174825	
0.00324675	0.00324675	0.00324675	0.11039	0.324675	0.253247	0.217532	0.038961	0.038961	0.00324675	0.00324675	
0.010101	0.010101	0.010101	0.010101	0.232323	0.232323	0.121212	0.343434	0.010101	0.010101	0.010101	
0.00699301	0.00699301	0.00699301	0.00699301	0.160839	0.0839161	0.391608	0.0839161	0.160839	0.0839161	0.00699301	
0.030303	0.030303	0.030303	0.030303	0.030303	0.030303	0.363636	0.363636	0.030303	0.030303	0.030303	
0.030303	0.030303	0.030303	0.030303	0.030303	0.030303	0.363636	0.030303	0.030303	0.030303	0.363636	
0.030303	0.030303	0.030303	0.030303	0.030303	0.030303	0.030303	0.030303	0.363636	0.030303	0.363636	


Vector Pi :

0.00149031	0.52608	0.296572	0.132638	0.0178838	0.00149031	0.0178838	0.00149031	0.00149031	0.00149031	0.00149031	


Vector Phi :

0.00082713	0.496278	0.287014	0.125724	0.0421836	0.0231596	0.00661704	0.0107527	0.00248139	0.00248139	0.00248139	
