
Parameters: 11 states AND 11 symbols

Matrix A :

0.0909091	0.0909091	0.0909091	0.0909091	0.0909091	0.0909091	0.0909091	0.0909091	0.0909091	0.0909091	0.0909091	
0.0001167	0.912825	0.0848407	0.0014004	0.0001167	0.0001167	0.0001167	0.0001167	0.0001167	0.0001167	0.0001167	
0.000372578	0.250373	0.611028	0.123323	0.00447094	0.00447094	0.000372578	0.000372578	0.00447094	0.000372578	0.000372578	
0.000999001	0.033966	0.297702	0.528472	0.121878	0.000999001	0.000999001	0.000999001	0.000999001	0.011988	0.000999001	
0.00293255	0.0351906	0.00293255	0.325513	0.454545	0.131965	0.00293255	0.0351906	0.00293255	0.00293255	0.00293255	
0.00568182	0.00568182	0.0681818	0.0681818	0.193182	0.443182	0.193182	0.00568182	0.00568182	0.00568182	0.00568182	
0.010101	0.010101	0.010101	0.010101	0.010101	0.121212	0.343434	0.232323	0.121212	0.121212	0.010101	
0.00699301	0.0839161	0.0839161	0.00699301	0.00699301	0.0839161	0.160839	0.314685	0.237762	0.00699301	0.00699301	
0.0113636	0.0113636	0.0113636	0.0113636	0.0113636	0.136364	0.0113636	0.261364	0.136364	0.261364	0.136364	
0.00909091	0.00909091	0.00909091	0.00909091	0.00909091	0.00909091	0.00909091	0.309091	0.00909091	0.509091	0.109091	
0.030303	0.030303	0.030303	0.030303	0.363636	0.030303	0.030303	0.030303	0.363636	0.030303	0.030303	


Matrix B :

0.0909091	0.0909091	0.0909091	0.0909091	0.0909091	0.0909091	0.0909091	0.0909091	0.0909091	0.0909091	0.0909091	
0.000111819	0.393716	0.397406	0.141563	0.0456223	0.013642	0.00749189	0.000111819	0.000111819	0.000111819	0.000111819	
0.00034965	0.0426573	0.261888	0.392657	0.181119	0.0888112	0.0234266	0.00804196	0.00034965	0.00034965	0.00034965	
0.000927644	0.0315399	0.0927644	0.184601	0.174397	0.317254	0.123377	0.0621521	0.0111317	0.000927644	0.000927644	
0.00275482	0.0633609	0.184573	0.123967	0.123967	0.0633609	0.275482	0.15427	0.00275482	0.00275482	0.00275482	
0.00534759	0.00534759	0.00534759	0.00534759	0.181818	0.417112	0.299465	0.0641711	0.00534759	0.00534759	0.00534759	
0.010101	0.010101	0.121212	0.343434	0.121212	0.010101	0.010101	0.232323	0.121212	0.010101	0.010101	
0.00699301	0.00699301	0.160839	0.391608	0.160839	0.160839	0.00699301	0.00699301	0.0839161	0.00699301	0.00699301	
0.0113636	0.0113636	0.261364	0.136364	0.136364	0.136364	0.136364	0.136364	0.0113636	0.0113636	0.0113636	
0.00909091	0.00909091	0.00909091	0.109091	0.309091	0.109091	0.00909091	0.00909091	0.00909091	0.109091	0.309091	
0.030303	0.030303	0.363636	0.030303	0.363636	0.030303	0.030303	0.030303	0.030303	0.030303	0.030303	


Vector Pi :

0.00149031	0.575261	0.247392	0.116244	0.0342772	0.0178838	0.00149031	0.00149031	0.00149031	0.00149031	0.00149031	


Vector Phi :

0.000835885	0.643149	0.204477	0.0762116	0.0259559	0.0133925	0.00753064	0.0108772	0.006694	0.00836729	0.00250937	
