
Parameters: 11 states AND 11 symbols

Matrix A :

0.0909091	0.0909091	0.0909091	0.0909091	0.0909091	0.0909091	0.0909091	0.0909091	0.0909091	0.0909091	0.0909091	
0.000193836	0.85094	0.140919	0.00659042	0.000193836	0.000193836	0.000193836	0.000193836	0.000193836	0.000193836	0.000193836	
0.000259	0.182595	0.658379	0.156954	0.000259	0.000259	0.000259	0.000259	0.000259	0.000259	0.000259	
0.000426803	0.023901	0.253948	0.587281	0.131882	0.000426803	0.000426803	0.000426803	0.000426803	0.000426803	0.000426803	
0.000977517	0.000977517	0.000977517	0.302053	0.527859	0.151515	0.0117302	0.000977517	0.000977517	0.000977517	0.000977517	
0.00181818	0.00181818	0.00181818	0.0218182	0.281818	0.641818	0.0418182	0.00181818	0.00181818	0.00181818	0.00181818	
0.012987	0.012987	0.012987	0.012987	0.012987	0.441558	0.155844	0.155844	0.012987	0.155844	0.012987	
0.0151515	0.0151515	0.0151515	0.0151515	0.0151515	0.0151515	0.348485	0.515152	0.0151515	0.0151515	0.0151515	
0.0454545	0.0454545	0.0454545	0.0454545	0.0454545	0.0454545	0.0454545	0.545455	0.0454545	0.0454545	0.0454545	
0.030303	0.030303	0.030303	0.030303	0.030303	0.030303	0.030303	0.030303	0.363636	0.030303	0.363636	
0.0181818	0.0181818	0.0181818	0.0181818	0.0181818	0.0181818	0.0181818	0.0181818	0.0181818	0.218182	0.618182	


Matrix B :

0.0909091	0.0909091	0.0909091	0.0909091	0.0909091	0.0909091	0.0909091	0.0909091	0.0909091	0.0909091	0.0909091	
0.000184775	0.193274	0.2949	0.235957	0.152624	0.0631929	0.0306726	0.02051	0.00628234	0.00221729	0.000184775	
0.0002457	0.0110565	0.259705	0.267813	0.229975	0.0948403	0.0786241	0.02457	0.0218673	0.00835381	0.0029484	
0.000405844	0.000405844	0.018263	0.303977	0.339692	0.187906	0.0896916	0.0137987	0.018263	0.0227273	0.00487013	
0.000937207	0.000937207	0.000937207	0.0627929	0.372071	0.330834	0.145267	0.031865	0.0112465	0.0421743	0.000937207	
0.00174825	0.00174825	0.00174825	0.00174825	0.0786713	0.463287	0.213287	0.213287	0.020979	0.00174825	0.00174825	
0.0113636	0.0113636	0.0113636	0.0113636	0.0113636	0.136364	0.636364	0.136364	0.0113636	0.0113636	0.0113636	
0.0151515	0.0151515	0.0151515	0.0151515	0.0151515	0.0151515	0.181818	0.515152	0.181818	0.0151515	0.0151515	
0.0454545	0.0454545	0.0454545	0.0454545	0.0454545	0.0454545	0.0454545	0.0454545	0.0454545	0.545455	0.0454545	
0.030303	0.030303	0.030303	0.030303	0.030303	0.030303	0.030303	0.030303	0.363636	0.030303	0.363636	
0.0181818	0.0181818	0.0181818	0.0181818	0.0181818	0.0181818	0.0181818	0.0181818	0.0181818	0.218182	0.618182	


Vector Pi :

0.00149031	0.378539	0.296572	0.181818	0.0834575	0.0342772	0.0178838	0.00149031	0.00149031	0.00149031	0.00149031	


Vector Phi :

0.00081881	0.394056	0.295369	0.17635	0.0745074	0.0401772	0.00566687	0.00489071	0.00163393	0.00244535	0.00408487	
