
Parameters: 11 states AND 11 symbols

Matrix A :

0.0909091	0.0909091	0.0909091	0.0909091	0.0909091	0.0909091	0.0909091	0.0909091	0.0909091	0.0909091	0.0909091	
9.60984e-05	0.925043	0.0677494	0.00432443	9.60984e-05	0.00115318	9.60984e-05	0.00115318	9.60984e-05	9.60984e-05	9.60984e-05	
0.000528541	0.360994	0.512156	0.0935518	0.0179704	0.000528541	0.0121564	0.000528541	0.000528541	0.000528541	0.000528541	
0.00227273	0.102273	0.352273	0.302273	0.177273	0.0522727	0.00227273	0.00227273	0.00227273	0.00227273	0.00227273	
0.00478469	0.0574163	0.162679	0.215311	0.320574	0.162679	0.0574163	0.00478469	0.00478469	0.00478469	0.00478469	
0.00826446	0.0991736	0.0991736	0.280992	0.0991736	0.280992	0.00826446	0.0991736	0.00826446	0.00826446	0.00826446	
0.0151515	0.181818	0.181818	0.0151515	0.0151515	0.181818	0.0151515	0.0151515	0.181818	0.181818	0.0151515	
0.030303	0.030303	0.030303	0.030303	0.030303	0.030303	0.030303	0.030303	0.69697	0.030303	0.030303	
0.0227273	0.272727	0.0227273	0.0227273	0.0227273	0.0227273	0.0227273	0.0227273	0.0227273	0.272727	0.272727	
0.030303	0.030303	0.030303	0.030303	0.363636	0.030303	0.030303	0.030303	0.030303	0.030303	0.363636	
0.0227273	0.0227273	0.0227273	0.0227273	0.0227273	0.0227273	0.522727	0.0227273	0.0227273	0.0227273	0.272727	


Matrix B :

0.0909091	0.0909091	0.0909091	0.0909091	0.0909091	0.0909091	0.0909091	0.0909091	0.0909091	0.0909091	0.0909091	
9.15499e-05	0.270988	0.347524	0.218621	0.106839	0.0252678	0.0222466	0.0071409	9.15499e-05	0.0010986	9.15499e-05	
0.00050226	0.011552	0.127574	0.29332	0.28227	0.160723	0.0668006	0.0281266	0.00602712	0.011552	0.011552	
0.00227273	0.00227273	0.127273	0.277273	0.227273	0.152273	0.0522727	0.0772727	0.0522727	0.0272727	0.00227273	
0.00454545	0.00454545	0.00454545	0.104545	0.454545	0.204545	0.0545455	0.104545	0.00454545	0.00454545	0.0545455	
0.00699301	0.00699301	0.0839161	0.00699301	0.160839	0.391608	0.314685	0.00699301	0.00699301	0.00699301	0.00699301	
0.0151515	0.0151515	0.181818	0.348485	0.0151515	0.181818	0.181818	0.0151515	0.0151515	0.0151515	0.0151515	
0.030303	0.030303	0.030303	0.69697	0.030303	0.030303	0.030303	0.030303	0.030303	0.030303	0.030303	
0.0227273	0.0227273	0.272727	0.522727	0.0227273	0.0227273	0.0227273	0.0227273	0.0227273	0.0227273	0.0227273	
0.0227273	0.0227273	0.522727	0.272727	0.0227273	0.0227273	0.0227273	0.0227273	0.0227273	0.0227273	0.0227273	
0.0227273	0.0227273	0.0227273	0.522727	0.272727	0.0227273	0.0227273	0.0227273	0.0227273	0.0227273	0.0227273	


Vector Pi :

0.00149031	0.771982	0.149031	0.00149031	0.0178838	0.0342772	0.00149031	0.00149031	0.00149031	0.0178838	0.00149031	


Vector Phi :

0.00082713	0.782465	0.142266	0.0330852	0.0157155	0.00909843	0.00496278	0.00248139	0.00330852	0.00248139	0.00330852	
