
Parameters: 11 states AND 11 symbols

Matrix A :

0.090909	0.090909	0.090909	0.090909	0.090909	0.090909	0.090909	0.090909	0.090909	0.090909	0.090909	
0.000219	0.937568	0.033954	0.017087	0.005038	0.000219	0.000219	0.000219	0.002629	0.002629	0.000219	
0.002165	0.406926	0.264069	0.073593	0.002165	0.073593	0.073593	0.073593	0.002165	0.025974	0.002165	
0.004545	0.204545	0.204545	0.204545	0.054545	0.004545	0.204545	0.104545	0.004545	0.004545	0.004545	
0.006061	0.072727	0.339394	0.072727	0.272727	0.006061	0.072727	0.006061	0.072727	0.072727	0.006061	
0.009091	0.109091	0.309091	0.009091	0.009091	0.209091	0.109091	0.109091	0.109091	0.009091	0.009091	
0.006061	0.006061	0.072727	0.139394	0.139394	0.006061	0.006061	0.206061	0.206061	0.139394	0.072727	
0.005682	0.005682	0.068182	0.068182	0.130682	0.068182	0.130682	0.068182	0.193182	0.255682	0.005682	
0.003953	0.003953	0.003953	0.047431	0.047431	0.090909	0.134387	0.134387	0.395257	0.134387	0.003953	
0.003367	0.040404	0.003367	0.003367	0.077441	0.040404	0.003367	0.077441	0.151515	0.336700	0.262626	
0.004329	0.004329	0.099567	0.004329	0.004329	0.051948	0.004329	0.004329	0.004329	0.242424	0.575758	


Matrix B :

0.090909	0.090909	0.090909	0.090909	0.090909	0.090909	0.090909	0.090909	0.090909	0.090909	0.090909	
0.000209	0.200670	0.221408	0.182237	0.120025	0.090071	0.069334	0.057813	0.032468	0.016339	0.009426	
0.002114	0.071882	0.211416	0.281184	0.118393	0.025370	0.118393	0.095137	0.025370	0.002114	0.048626	
0.004329	0.004329	0.290043	0.385281	0.051948	0.147186	0.051948	0.004329	0.004329	0.051948	0.004329	
0.006061	0.072727	0.139394	0.339394	0.139394	0.139394	0.006061	0.072727	0.006061	0.072727	0.006061	
0.007576	0.007576	0.340909	0.257576	0.090909	0.174242	0.007576	0.007576	0.090909	0.007576	0.007576	
0.006061	0.006061	0.072727	0.206061	0.206061	0.272727	0.206061	0.006061	0.006061	0.006061	0.006061	
0.005051	0.060606	0.060606	0.116162	0.282828	0.060606	0.171717	0.227273	0.005051	0.005051	0.005051	
0.003636	0.003636	0.003636	0.123636	0.283636	0.203636	0.083636	0.163636	0.123636	0.003636	0.003636	
0.003247	0.003247	0.003247	0.146104	0.110390	0.253247	0.146104	0.038961	0.288961	0.003247	0.003247	
0.003953	0.003953	0.003953	0.047431	0.395257	0.047431	0.221344	0.177866	0.090909	0.003953	0.003953	


Vector Pi :

0.002933	0.648094	0.035191	0.035191	0.002933	0.035191	0.002933	0.067449	0.067449	0.035191	0.067449	


Vector Phi :

0.001713	0.675460	0.070720	0.033364	0.025360	0.019144	0.025614	0.027402	0.039457	0.045974	0.035792	
