
Parameters: 11 states AND 11 symbols

Matrix A :

0.090909	0.090909	0.090909	0.090909	0.090909	0.090909	0.090909	0.090909	0.090909	0.090909	0.090909	
0.000260	0.842667	0.109143	0.026048	0.011722	0.003126	0.003126	0.000260	0.003126	0.000260	0.000260	
0.000891	0.451872	0.402852	0.069519	0.040107	0.010695	0.020499	0.000891	0.000891	0.000891	0.000891	
0.001976	0.110672	0.262846	0.371542	0.110672	0.023715	0.045455	0.023715	0.045455	0.001976	0.001976	
0.003497	0.041958	0.157343	0.272727	0.195804	0.157343	0.041958	0.003497	0.118881	0.003497	0.003497	
0.006494	0.077922	0.220779	0.220779	0.149351	0.006494	0.149351	0.077922	0.077922	0.006494	0.006494	
0.005682	0.068182	0.005682	0.068182	0.068182	0.193182	0.255682	0.130682	0.193182	0.005682	0.005682	
0.008264	0.008264	0.008264	0.008264	0.190083	0.099174	0.008264	0.190083	0.099174	0.371901	0.008264	
0.004329	0.004329	0.004329	0.051948	0.051948	0.099567	0.147186	0.147186	0.194805	0.147186	0.147186	
0.007576	0.007576	0.174242	0.007576	0.090909	0.007576	0.007576	0.007576	0.424242	0.174242	0.090909	
0.012987	0.012987	0.155844	0.012987	0.012987	0.012987	0.012987	0.155844	0.012987	0.298701	0.298701	


Matrix B :

0.090909	0.090909	0.090909	0.090909	0.090909	0.090909	0.090909	0.090909	0.090909	0.090909	0.090909	
0.000248	0.128313	0.275452	0.234580	0.139212	0.084716	0.057468	0.032945	0.019321	0.013872	0.013872	
0.000834	0.028357	0.211843	0.239366	0.248540	0.129274	0.101751	0.028357	0.010008	0.000834	0.000834	
0.001934	0.023211	0.150870	0.470019	0.129594	0.129594	0.044487	0.044487	0.001934	0.001934	0.001934	
0.003367	0.003367	0.151515	0.262626	0.484848	0.040404	0.040404	0.003367	0.003367	0.003367	0.003367	
0.006494	0.006494	0.077922	0.149351	0.220779	0.363636	0.077922	0.077922	0.006494	0.006494	0.006494	
0.005051	0.005051	0.116162	0.449495	0.171717	0.171717	0.005051	0.060606	0.005051	0.005051	0.005051	
0.008264	0.008264	0.008264	0.462810	0.190083	0.280992	0.008264	0.008264	0.008264	0.008264	0.008264	
0.004132	0.004132	0.049587	0.095041	0.140496	0.276860	0.185950	0.004132	0.231405	0.004132	0.004132	
0.007576	0.007576	0.090909	0.090909	0.174242	0.257576	0.174242	0.007576	0.090909	0.090909	0.007576	
0.012987	0.012987	0.012987	0.012987	0.441558	0.298701	0.012987	0.012987	0.155844	0.012987	0.012987	


Vector Pi :

0.002933	0.583578	0.228739	0.035191	0.035191	0.002933	0.067449	0.002933	0.035191	0.002933	0.002933	


Vector Phi :

0.001653	0.576860	0.168595	0.076033	0.042975	0.023140	0.026446	0.018182	0.034711	0.019835	0.011570	
