
Parameters: 11 states AND 11 symbols

Matrix A :

0.090909	0.090909	0.090909	0.090909	0.090909	0.090909	0.090909	0.090909	0.090909	0.090909	0.090909	
0.000240	0.860398	0.116335	0.016071	0.000240	0.002878	0.000240	0.000240	0.000240	0.000240	0.002878	
0.000812	0.402597	0.456169	0.107955	0.018669	0.000812	0.000812	0.000812	0.009740	0.000812	0.000812	
0.001595	0.071770	0.194577	0.457735	0.212121	0.019139	0.019139	0.019139	0.001595	0.001595	0.001595	
0.003788	0.003788	0.128788	0.420455	0.170455	0.128788	0.003788	0.045455	0.087121	0.003788	0.003788	
0.011364	0.261364	0.011364	0.136364	0.386364	0.136364	0.011364	0.011364	0.011364	0.011364	0.011364	
0.022727	0.022727	0.022727	0.272727	0.272727	0.272727	0.022727	0.022727	0.022727	0.022727	0.022727	
0.022727	0.022727	0.022727	0.022727	0.022727	0.022727	0.022727	0.022727	0.022727	0.022727	0.772727	
0.018182	0.218182	0.018182	0.018182	0.218182	0.018182	0.018182	0.218182	0.218182	0.018182	0.018182	
0.030303	0.363636	0.030303	0.030303	0.030303	0.030303	0.030303	0.030303	0.030303	0.363636	0.030303	
0.011364	0.011364	0.136364	0.011364	0.011364	0.011364	0.261364	0.011364	0.011364	0.136364	0.386364	


Matrix B :

0.090909	0.090909	0.090909	0.090909	0.090909	0.090909	0.090909	0.090909	0.090909	0.090909	0.090909	
0.000228	0.097972	0.288448	0.210754	0.175666	0.118022	0.050353	0.042834	0.005240	0.005240	0.005240	
0.000791	0.009486	0.061660	0.226877	0.200791	0.157312	0.157312	0.122530	0.026877	0.026877	0.009486	
0.001466	0.001466	0.082111	0.065982	0.259531	0.340176	0.178886	0.033724	0.033724	0.001466	0.001466	
0.003497	0.003497	0.003497	0.080420	0.041958	0.234266	0.349650	0.234266	0.003497	0.041958	0.003497	
0.011364	0.011364	0.011364	0.136364	0.386364	0.136364	0.011364	0.261364	0.011364	0.011364	0.011364	
0.022727	0.022727	0.022727	0.522727	0.022727	0.272727	0.022727	0.022727	0.022727	0.022727	0.022727	
0.022727	0.022727	0.022727	0.522727	0.022727	0.022727	0.272727	0.022727	0.022727	0.022727	0.022727	
0.018182	0.018182	0.018182	0.218182	0.018182	0.218182	0.218182	0.218182	0.018182	0.018182	0.018182	
0.030303	0.030303	0.030303	0.030303	0.030303	0.363636	0.363636	0.030303	0.030303	0.030303	0.030303	
0.011364	0.011364	0.011364	0.136364	0.261364	0.136364	0.136364	0.136364	0.136364	0.011364	0.011364	


Vector Pi :

0.002933	0.615836	0.131965	0.164223	0.067449	0.002933	0.002933	0.002933	0.002933	0.002933	0.002933	


Vector Phi :

0.001643	0.630257	0.182570	0.093553	0.039380	0.013159	0.006577	0.006564	0.008194	0.004934	0.013168	
