
Parameters: 11 states AND 11 symbols

Matrix A :

0.090909	0.090909	0.090909	0.090909	0.090909	0.090909	0.090909	0.090909	0.090909	0.090909	0.090909	
0.001166	0.578089	0.308858	0.065268	0.013986	0.013986	0.013986	0.001166	0.001166	0.001166	0.001166	
0.001057	0.280127	0.431290	0.198732	0.035941	0.024313	0.012685	0.001057	0.012685	0.001057	0.001057	
0.001377	0.016529	0.243802	0.380165	0.168044	0.092287	0.046832	0.031680	0.001377	0.001377	0.016529	
0.001567	0.053292	0.105016	0.173981	0.432602	0.156740	0.053292	0.018809	0.001567	0.001567	0.001567	
0.001783	0.021390	0.040998	0.060606	0.158645	0.393939	0.197861	0.040998	0.060606	0.001783	0.021390	
0.001595	0.001595	0.001595	0.071770	0.159490	0.159490	0.334928	0.212121	0.054226	0.001595	0.001595	
0.001783	0.060606	0.001783	0.001783	0.001783	0.021390	0.178253	0.452763	0.237077	0.021390	0.021390	
0.001420	0.001420	0.001420	0.017045	0.001420	0.032670	0.110795	0.142045	0.423295	0.220170	0.048295	
0.002066	0.002066	0.002066	0.002066	0.024793	0.002066	0.024793	0.002066	0.365702	0.411157	0.161157	
0.002066	0.002066	0.002066	0.002066	0.002066	0.002066	0.024793	0.024793	0.024793	0.229339	0.683884	


Matrix B :

0.090909	0.090909	0.090909	0.090909	0.090909	0.090909	0.090909	0.090909	0.090909	0.090909	0.090909	
0.001151	0.342923	0.254315	0.191024	0.102417	0.051784	0.039125	0.013809	0.001151	0.001151	0.001151	
0.001045	0.104493	0.368861	0.150470	0.150470	0.138976	0.058516	0.024033	0.001045	0.001045	0.001045	
0.001299	0.044156	0.329870	0.187013	0.129870	0.072727	0.072727	0.144156	0.015584	0.001299	0.001299	
0.001443	0.001443	0.144300	0.176046	0.207792	0.191919	0.128427	0.128427	0.017316	0.001443	0.001443	
0.001748	0.001748	0.097902	0.174825	0.155594	0.251748	0.174825	0.117133	0.020979	0.001748	0.001748	
0.001466	0.017595	0.065982	0.146628	0.178886	0.178886	0.178886	0.114370	0.065982	0.049853	0.001466	
0.001653	0.001653	0.038017	0.128926	0.074380	0.147107	0.238017	0.147107	0.110744	0.092562	0.019835	
0.001377	0.001377	0.001377	0.077135	0.152893	0.243802	0.168044	0.137741	0.122590	0.031680	0.061983	
0.001934	0.001934	0.001934	0.108317	0.108317	0.087041	0.235977	0.172147	0.150870	0.087041	0.044487	
0.001894	0.001894	0.001894	0.001894	0.106061	0.356061	0.064394	0.126894	0.189394	0.126894	0.022727	


Vector Pi :

0.002933	0.035191	0.035191	0.131965	0.131965	0.035191	0.196481	0.131965	0.067449	0.099707	0.131965	


Vector Phi :

0.001664	0.131187	0.144864	0.110990	0.099240	0.085078	0.092277	0.083770	0.105499	0.072645	0.072786	
