
Parameters: 11 states AND 11 symbols

Matrix A :

0.090909	0.090909	0.090909	0.090909	0.090909	0.090909	0.090909	0.090909	0.090909	0.090909	0.090909	
0.000431	0.872469	0.118914	0.005170	0.000431	0.000431	0.000431	0.000431	0.000431	0.000431	0.000431	
0.000710	0.196023	0.672585	0.117898	0.008523	0.000710	0.000710	0.000710	0.000710	0.000710	0.000710	
0.001263	0.015152	0.195707	0.612374	0.154040	0.015152	0.001263	0.001263	0.001263	0.001263	0.001263	
0.001567	0.001567	0.036050	0.191223	0.691223	0.070533	0.001567	0.001567	0.001567	0.001567	0.001567	
0.007576	0.007576	0.007576	0.007576	0.340909	0.424242	0.174242	0.007576	0.007576	0.007576	0.007576	
0.015152	0.015152	0.015152	0.015152	0.181818	0.181818	0.348485	0.015152	0.181818	0.015152	0.015152	
0.045455	0.045455	0.045455	0.045455	0.045455	0.045455	0.545455	0.045455	0.045455	0.045455	0.045455	
0.045455	0.045455	0.045455	0.045455	0.045455	0.045455	0.045455	0.045455	0.045455	0.545455	0.045455	
0.030303	0.030303	0.030303	0.030303	0.030303	0.030303	0.030303	0.363636	0.030303	0.030303	0.363636	
0.018182	0.018182	0.018182	0.018182	0.018182	0.018182	0.018182	0.018182	0.018182	0.218182	0.618182	


Matrix B :

0.090909	0.090909	0.090909	0.090909	0.090909	0.090909	0.090909	0.090909	0.090909	0.090909	0.090909	
0.000415	0.301785	0.242424	0.087173	0.151100	0.110004	0.055210	0.023246	0.023246	0.000415	0.004981	
0.000689	0.015840	0.402204	0.220386	0.182507	0.099174	0.046143	0.023416	0.008264	0.000689	0.000689	
0.001196	0.001196	0.014354	0.395933	0.264354	0.198565	0.093301	0.014354	0.001196	0.014354	0.001196	
0.001490	0.001490	0.001490	0.017884	0.394933	0.296572	0.149031	0.050671	0.017884	0.017884	0.050671	
0.006993	0.006993	0.006993	0.006993	0.006993	0.314685	0.391608	0.083916	0.006993	0.006993	0.160839	
0.015152	0.015152	0.015152	0.015152	0.015152	0.181818	0.515152	0.181818	0.015152	0.015152	0.015152	
0.045455	0.045455	0.045455	0.045455	0.045455	0.045455	0.045455	0.045455	0.545455	0.045455	0.045455	
0.045455	0.045455	0.045455	0.045455	0.045455	0.045455	0.045455	0.045455	0.045455	0.545455	0.045455	
0.030303	0.030303	0.030303	0.030303	0.030303	0.030303	0.030303	0.030303	0.030303	0.363636	0.363636	
0.018182	0.018182	0.018182	0.018182	0.018182	0.018182	0.018182	0.018182	0.018182	0.018182	0.818182	


Vector Pi :

0.004329	0.385281	0.194805	0.194805	0.147186	0.051948	0.004329	0.004329	0.004329	0.004329	0.004329	


Vector Phi :

0.002000	0.421995	0.255999	0.144002	0.116003	0.024001	0.012000	0.004000	0.004000	0.006000	0.010000	
