
Parameters: 11 states AND 11 symbols

Matrix A :

0.0909091	0.0909091	0.0909091	0.0909091	0.0909091	0.0909091	0.0909091	0.0909091	0.0909091	0.0909091	0.0909091	
0.000145455	0.878545	0.113745	0.00174545	0.00174545	0.000145455	0.000145455	0.000145455	0.000145455	0.00174545	0.00174545	
0.000301023	0.238712	0.60295	0.139374	0.00692354	0.0102348	0.000301023	0.000301023	0.000301023	0.000301023	0.000301023	
0.000757576	0.0174242	0.359091	0.484091	0.117424	0.0174242	0.000757576	0.000757576	0.000757576	0.000757576	0.000757576	
0.0015949	0.0015949	0.0717703	0.212121	0.440191	0.177033	0.0893142	0.0015949	0.0015949	0.0015949	0.0015949	
0.002457	0.002457	0.002457	0.137592	0.299754	0.353808	0.137592	0.002457	0.029484	0.002457	0.029484	
0.00478469	0.00478469	0.00478469	0.0574163	0.00478469	0.267943	0.267943	0.215311	0.162679	0.00478469	0.00478469	
0.00757576	0.00757576	0.00757576	0.00757576	0.174242	0.257576	0.257576	0.0909091	0.0909091	0.0909091	0.00757576	
0.00699301	0.00699301	0.0839161	0.00699301	0.0839161	0.00699301	0.00699301	0.391608	0.160839	0.237762	0.00699301	
0.00909091	0.00909091	0.00909091	0.00909091	0.00909091	0.00909091	0.00909091	0.109091	0.509091	0.309091	0.00909091	
0.010101	0.121212	0.010101	0.010101	0.010101	0.010101	0.010101	0.010101	0.010101	0.121212	0.676768	


Matrix B :

0.0909091	0.0909091	0.0909091	0.0909091	0.0909091	0.0909091	0.0909091	0.0909091	0.0909091	0.0909091	0.0909091	
0.000139218	0.171655	0.307949	0.26507	0.134902	0.0690519	0.0338299	0.00932758	0.00779619	0.000139218	0.000139218	
0.000287687	0.00345224	0.019275	0.240794	0.310414	0.256617	0.120541	0.0319333	0.00978136	0.0066168	0.000287687	
0.000704722	0.00845666	0.000704722	0.0627202	0.202255	0.264271	0.178999	0.132488	0.10148	0.0317125	0.0162086	
0.00146628	0.0175953	0.11437	0.162757	0.130499	0.162757	0.146628	0.146628	0.0337243	0.00146628	0.0821114	
0.00239234	0.00239234	0.00239234	0.160287	0.133971	0.397129	0.212919	0.0287081	0.0550239	0.00239234	0.00239234	
0.00478469	0.00478469	0.00478469	0.162679	0.162679	0.215311	0.320574	0.0574163	0.0574163	0.00478469	0.00478469	
0.00757576	0.00757576	0.0909091	0.0909091	0.257576	0.0909091	0.257576	0.0909091	0.0909091	0.00757576	0.00757576	
0.00699301	0.00699301	0.00699301	0.160839	0.314685	0.160839	0.237762	0.0839161	0.00699301	0.00699301	0.00699301	
0.00757576	0.00757576	0.00757576	0.00757576	0.257576	0.424242	0.257576	0.00757576	0.00757576	0.00757576	0.00757576	
0.00909091	0.00909091	0.00909091	0.00909091	0.00909091	0.209091	0.309091	0.109091	0.209091	0.109091	0.00909091	


Vector Pi :

0.00149031	0.460507	0.230999	0.149031	0.0834575	0.0178838	0.00149031	0.00149031	0.00149031	0.0342772	0.0178838	


Vector Phi :

0.000829882	0.518671	0.250622	0.0995853	0.0473032	0.0307056	0.0157678	0.00995862	0.0107885	0.00829883	0.00746893	
