
Parameters: 11 states AND 11 symbols

Matrix A :

0.090909	0.090909	0.090909	0.090909	0.090909	0.090909	0.090909	0.090909	0.090909	0.090909	0.090909	
0.000410	0.712121	0.252662	0.027437	0.004914	0.000410	0.000410	0.000410	0.000410	0.000410	0.000410	
0.000478	0.321531	0.484689	0.174163	0.016268	0.000478	0.000478	0.000478	0.000478	0.000478	0.000478	
0.000842	0.028620	0.352694	0.454545	0.111953	0.047138	0.000842	0.000842	0.000842	0.000842	0.000842	
0.001976	0.001976	0.045455	0.371542	0.415020	0.088933	0.067194	0.001976	0.001976	0.001976	0.001976	
0.004132	0.004132	0.049587	0.049587	0.367769	0.322314	0.185950	0.004132	0.004132	0.004132	0.004132	
0.006494	0.006494	0.006494	0.077922	0.149351	0.220779	0.149351	0.149351	0.149351	0.077922	0.006494	
0.010101	0.010101	0.010101	0.010101	0.010101	0.121212	0.343434	0.454545	0.010101	0.010101	0.010101	
0.012987	0.012987	0.012987	0.012987	0.012987	0.155844	0.012987	0.155844	0.441558	0.155844	0.012987	
0.018182	0.018182	0.018182	0.018182	0.018182	0.018182	0.018182	0.218182	0.218182	0.018182	0.418182	
0.015152	0.015152	0.015152	0.015152	0.015152	0.015152	0.015152	0.015152	0.015152	0.348485	0.515152	


Matrix B :

0.090909	0.090909	0.090909	0.090909	0.090909	0.090909	0.090909	0.090909	0.090909	0.090909	0.090909	
0.000380	0.515025	0.263979	0.171928	0.029669	0.012933	0.004564	0.000380	0.000380	0.000380	0.000380	
0.000471	0.145549	0.477155	0.249176	0.098917	0.026378	0.000471	0.000471	0.000471	0.000471	0.000471	
0.000834	0.000834	0.331109	0.376981	0.211843	0.065054	0.010008	0.000834	0.000834	0.000834	0.000834	
0.001934	0.001934	0.044487	0.384913	0.384913	0.150870	0.023211	0.001934	0.001934	0.001934	0.001934	
0.003953	0.003953	0.003953	0.047431	0.395257	0.395257	0.090909	0.047431	0.003953	0.003953	0.003953	
0.006494	0.006494	0.006494	0.006494	0.006494	0.577922	0.220779	0.077922	0.077922	0.006494	0.006494	
0.009091	0.009091	0.009091	0.009091	0.009091	0.109091	0.309091	0.109091	0.409091	0.009091	0.009091	
0.012987	0.012987	0.012987	0.012987	0.012987	0.012987	0.012987	0.584416	0.298701	0.012987	0.012987	
0.015152	0.015152	0.015152	0.015152	0.015152	0.015152	0.015152	0.015152	0.015152	0.848485	0.015152	
0.015152	0.015152	0.015152	0.015152	0.015152	0.015152	0.015152	0.015152	0.015152	0.015152	0.848485	


Vector Pi :

0.003497	0.618881	0.118881	0.041958	0.041958	0.041958	0.041958	0.041958	0.003497	0.041958	0.003497	


Vector Phi :

0.001494	0.361246	0.304951	0.170779	0.070925	0.032979	0.019084	0.012727	0.009899	0.007182	0.008733	
