
Parameters: 11 states AND 11 symbols

Matrix A :

0.090909	0.090909	0.090909	0.090909	0.090909	0.090909	0.090909	0.090909	0.090909	0.090909	0.090909	
0.000342	0.763500	0.177033	0.019139	0.007861	0.011620	0.011620	0.007861	0.000342	0.000342	0.000342	
0.000900	0.426643	0.307831	0.159316	0.060306	0.020702	0.020702	0.000900	0.000900	0.000900	0.000900	
0.002331	0.233100	0.310023	0.207459	0.079254	0.053613	0.027972	0.079254	0.002331	0.002331	0.002331	
0.003247	0.181818	0.253247	0.110390	0.146104	0.110390	0.038961	0.038961	0.038961	0.074675	0.003247	
0.004132	0.049587	0.049587	0.095041	0.276860	0.140496	0.140496	0.140496	0.004132	0.095041	0.004132	
0.004132	0.049587	0.004132	0.049587	0.185950	0.049587	0.140496	0.140496	0.095041	0.276860	0.004132	
0.003247	0.074675	0.074675	0.003247	0.038961	0.110390	0.074675	0.146104	0.217532	0.146104	0.110390	
0.002755	0.002755	0.033058	0.033058	0.002755	0.063361	0.093664	0.154270	0.305785	0.184573	0.123967	
0.002457	0.002457	0.002457	0.029484	0.029484	0.056511	0.056511	0.137592	0.191646	0.245700	0.245700	
0.003953	0.047431	0.003953	0.003953	0.003953	0.003953	0.047431	0.047431	0.264822	0.308300	0.264822	


Matrix B :

0.090909	0.090909	0.090909	0.090909	0.090909	0.090909	0.090909	0.090909	0.090909	0.090909	0.090909	
0.000324	0.188936	0.281462	0.220964	0.139114	0.082174	0.039469	0.011000	0.007441	0.011000	0.018117	
0.000858	0.170669	0.265009	0.321612	0.151801	0.066895	0.019726	0.000858	0.000858	0.000858	0.000858	
0.002273	0.077273	0.277273	0.327273	0.177273	0.102273	0.002273	0.027273	0.002273	0.002273	0.002273	
0.003135	0.106583	0.244514	0.313480	0.175549	0.106583	0.003135	0.003135	0.003135	0.003135	0.037618	
0.003953	0.090909	0.134387	0.438735	0.177866	0.047431	0.047431	0.047431	0.003953	0.003953	0.003953	
0.004132	0.049587	0.095041	0.276860	0.231405	0.231405	0.049587	0.004132	0.004132	0.049587	0.004132	
0.003030	0.036364	0.203030	0.203030	0.169697	0.169697	0.203030	0.003030	0.003030	0.003030	0.003030	
0.002597	0.002597	0.059740	0.088312	0.374026	0.288312	0.088312	0.059740	0.031169	0.002597	0.002597	
0.002331	0.002331	0.079254	0.181818	0.104895	0.361305	0.181818	0.053613	0.027972	0.002331	0.002331	
0.003788	0.003788	0.003788	0.087121	0.295455	0.337121	0.128788	0.128788	0.003788	0.003788	0.003788	


Vector Pi :

0.002933	0.486804	0.131965	0.067449	0.035191	0.035191	0.002933	0.067449	0.067449	0.067449	0.035191	


Vector Phi :

0.001659	0.444653	0.170186	0.063236	0.046549	0.036520	0.036558	0.046366	0.054733	0.061393	0.038146	
