
Parameters: 11 states AND 11 symbols

Matrix A :

0.090909	0.090909	0.090909	0.090909	0.090909	0.090909	0.090909	0.090909	0.090909	0.090909	0.090909	
0.000342	0.849966	0.105605	0.022898	0.015379	0.000342	0.000342	0.000342	0.000342	0.000342	0.004101	
0.001263	0.431818	0.334596	0.140152	0.029040	0.029040	0.001263	0.001263	0.015152	0.001263	0.015152	
0.002217	0.050998	0.221729	0.319290	0.221729	0.050998	0.075388	0.002217	0.050998	0.002217	0.002217	
0.002841	0.034091	0.096591	0.159091	0.284091	0.127841	0.127841	0.065341	0.034091	0.002841	0.065341	
0.003788	0.128788	0.087121	0.212121	0.128788	0.128788	0.212121	0.003788	0.003788	0.087121	0.003788	
0.002841	0.065341	0.065341	0.002841	0.034091	0.127841	0.377841	0.159091	0.127841	0.034091	0.002841	
0.002841	0.034091	0.002841	0.034091	0.034091	0.159091	0.159091	0.409091	0.065341	0.065341	0.034091	
0.002597	0.002597	0.031169	0.002597	0.002597	0.031169	0.031169	0.174026	0.459740	0.231169	0.031169	
0.002165	0.002165	0.025974	0.002165	0.025974	0.025974	0.025974	0.097403	0.192641	0.406926	0.192641	
0.003953	0.003953	0.047431	0.003953	0.047431	0.003953	0.003953	0.047431	0.003953	0.482213	0.351779	


Matrix B :

0.090909	0.090909	0.090909	0.090909	0.090909	0.090909	0.090909	0.090909	0.090909	0.090909	0.090909	
0.000324	0.352637	0.274345	0.167583	0.121320	0.050146	0.028793	0.003882	0.000324	0.000324	0.000324	
0.001196	0.080144	0.395933	0.211722	0.119617	0.093301	0.053828	0.001196	0.014354	0.014354	0.014354	
0.002114	0.095137	0.257928	0.234672	0.188161	0.071882	0.095137	0.048626	0.002114	0.002114	0.002114	
0.002841	0.065341	0.502841	0.096591	0.159091	0.127841	0.002841	0.034091	0.002841	0.002841	0.002841	
0.003497	0.003497	0.311189	0.311189	0.157343	0.080420	0.041958	0.041958	0.003497	0.003497	0.041958	
0.002841	0.002841	0.159091	0.440341	0.190341	0.065341	0.034091	0.065341	0.002841	0.034091	0.002841	
0.002841	0.002841	0.065341	0.221591	0.159091	0.252841	0.034091	0.065341	0.096591	0.034091	0.065341	
0.002392	0.002392	0.081340	0.028708	0.423445	0.212919	0.055024	0.028708	0.133971	0.028708	0.002392	
0.002020	0.002020	0.046465	0.179798	0.179798	0.246465	0.068687	0.135354	0.024242	0.046465	0.068687	
0.003788	0.003788	0.087121	0.170455	0.337121	0.170455	0.170455	0.045455	0.003788	0.003788	0.003788	


Vector Pi :

0.002933	0.454545	0.131965	0.067449	0.002933	0.099707	0.002933	0.002933	0.099707	0.099707	0.035191	


Vector Phi :

0.001639	0.452406	0.120506	0.067724	0.052682	0.037468	0.051860	0.052228	0.057216	0.068514	0.037756	
