
Parameters: 11 states AND 11 symbols

Matrix A :

0.0909091	0.0909091	0.0909091	0.0909091	0.0909091	0.0909091	0.0909091	0.0909091	0.0909091	0.0909091	0.0909091	
9.79624e-05	0.954839	0.0432014	0.00117555	9.79624e-05	9.79624e-05	9.79624e-05	9.79624e-05	9.79624e-05	9.79624e-05	9.79624e-05	
0.000417014	0.179316	0.771059	0.0417014	0.00500417	0.000417014	0.000417014	0.000417014	0.000417014	0.000417014	0.000417014	
0.00284091	0.0340909	0.284091	0.534091	0.0965909	0.00284091	0.0340909	0.00284091	0.00284091	0.00284091	0.00284091	
0.010101	0.010101	0.010101	0.454545	0.232323	0.121212	0.121212	0.010101	0.010101	0.010101	0.010101	
0.030303	0.030303	0.030303	0.030303	0.363636	0.030303	0.363636	0.030303	0.030303	0.030303	0.030303	
0.0181818	0.0181818	0.0181818	0.0181818	0.0181818	0.218182	0.218182	0.0181818	0.418182	0.0181818	0.0181818	
0.0454545	0.0454545	0.0454545	0.0454545	0.545455	0.0454545	0.0454545	0.0454545	0.0454545	0.0454545	0.0454545	
0.030303	0.030303	0.030303	0.030303	0.030303	0.030303	0.030303	0.030303	0.030303	0.363636	0.363636	
0.030303	0.030303	0.030303	0.030303	0.030303	0.030303	0.030303	0.363636	0.030303	0.363636	0.030303	
0.0909091	0.0909091	0.0909091	0.0909091	0.0909091	0.0909091	0.0909091	0.0909091	0.0909091	0.0909091	0.0909091	


Matrix B :

0.0909091	0.0909091	0.0909091	0.0909091	0.0909091	0.0909091	0.0909091	0.0909091	0.0909091	0.0909091	0.0909091	
9.34317e-05	0.240587	0.402971	0.24367	0.0730636	0.0196207	0.0103709	0.00214893	0.00420443	0.00317668	9.34317e-05	
0.000395257	0.000395257	0.252569	0.417787	0.187352	0.13083	0.00909091	0.000395257	0.000395257	0.000395257	0.000395257	
0.0026738	0.0026738	0.0320856	0.149733	0.120321	0.208556	0.26738	0.0614973	0.0320856	0.0026738	0.120321	
0.010101	0.010101	0.010101	0.232323	0.232323	0.121212	0.010101	0.010101	0.121212	0.121212	0.121212	
0.030303	0.030303	0.030303	0.030303	0.030303	0.030303	0.030303	0.030303	0.030303	0.030303	0.69697	
0.0181818	0.0181818	0.0181818	0.0181818	0.218182	0.218182	0.0181818	0.0181818	0.0181818	0.0181818	0.418182	
0.0454545	0.0454545	0.0454545	0.0454545	0.0454545	0.0454545	0.545455	0.0454545	0.0454545	0.0454545	0.0454545	
0.030303	0.030303	0.030303	0.030303	0.030303	0.363636	0.030303	0.363636	0.030303	0.030303	0.030303	
0.030303	0.030303	0.030303	0.030303	0.030303	0.030303	0.030303	0.030303	0.69697	0.030303	0.030303	
0.0454545	0.0454545	0.0454545	0.0454545	0.0454545	0.0454545	0.545455	0.0454545	0.0454545	0.0454545	0.0454545	


Vector Pi :

0.00149031	0.755589	0.198212	0.0342772	0.00149031	0.00149031	0.00149031	0.00149031	0.00149031	0.00149031	0.00149031	


Vector Phi :

0.00104698	0.762581	0.182183	0.0279754	0.0083777	0.00293549	0.00478822	0.0020642	0.00296228	0.00305163	0.00203441	
