
Parameters: 11 states AND 11 symbols

Matrix A :

0.090909	0.090909	0.090909	0.090909	0.090909	0.090909	0.090909	0.090909	0.090909	0.090909	0.090909	
0.000425	0.874257	0.093883	0.000425	0.009771	0.009771	0.000425	0.005098	0.000425	0.005098	0.000425	
0.001082	0.215368	0.572511	0.155844	0.001082	0.024892	0.012987	0.001082	0.001082	0.012987	0.001082	
0.001855	0.083488	0.246753	0.471243	0.124304	0.042672	0.001855	0.001855	0.022263	0.001855	0.001855	
0.002392	0.028708	0.055024	0.212919	0.449761	0.160287	0.055024	0.028708	0.002392	0.002392	0.002392	
0.002597	0.031169	0.002597	0.088312	0.145455	0.431169	0.145455	0.059740	0.002597	0.088312	0.002597	
0.002597	0.002597	0.002597	0.031169	0.116883	0.116883	0.345455	0.288312	0.059740	0.031169	0.002597	
0.003030	0.036364	0.003030	0.003030	0.003030	0.103030	0.303030	0.169697	0.303030	0.069697	0.003030	
0.002114	0.002114	0.002114	0.002114	0.048626	0.002114	0.095137	0.164905	0.490486	0.164905	0.025370	
0.002273	0.002273	0.002273	0.002273	0.027273	0.002273	0.002273	0.027273	0.227273	0.552273	0.152273	
0.002933	0.067449	0.035191	0.002933	0.002933	0.002933	0.002933	0.067449	0.002933	0.067449	0.744868	


Matrix B :

0.090909	0.090909	0.090909	0.090909	0.090909	0.090909	0.090909	0.090909	0.090909	0.090909	0.090909	
0.000400	0.379255	0.211854	0.154586	0.141370	0.070885	0.040048	0.000400	0.000400	0.000400	0.000400	
0.001045	0.173459	0.426332	0.207941	0.104493	0.024033	0.058516	0.001045	0.001045	0.001045	0.001045	
0.001715	0.265866	0.454545	0.096055	0.114923	0.039451	0.020583	0.001715	0.001715	0.001715	0.001715	
0.002273	0.077273	0.277273	0.302273	0.177273	0.102273	0.027273	0.002273	0.027273	0.002273	0.002273	
0.002457	0.002457	0.380835	0.272727	0.272727	0.029484	0.029484	0.002457	0.002457	0.002457	0.002457	
0.002457	0.083538	0.570025	0.245700	0.029484	0.029484	0.002457	0.002457	0.002457	0.029484	0.002457	
0.002933	0.067449	0.454545	0.228739	0.099707	0.035191	0.035191	0.035191	0.002933	0.035191	0.002933	
0.002066	0.047521	0.252066	0.161157	0.138430	0.252066	0.002066	0.002066	0.047521	0.024793	0.070248	
0.002217	0.026608	0.294900	0.172949	0.148559	0.270510	0.075388	0.002217	0.002217	0.002217	0.002217	
0.002841	0.034091	0.096591	0.284091	0.065341	0.377841	0.127841	0.002841	0.002841	0.002841	0.002841	


Vector Pi :

0.002933	0.390029	0.099707	0.131965	0.067449	0.067449	0.099707	0.035191	0.035191	0.035191	0.035191	


Vector Phi :

0.001628	0.371448	0.142555	0.081213	0.061733	0.056803	0.053788	0.047554	0.068702	0.064553	0.050023	
