
Parameters: 11 states AND 11 symbols

Matrix A :

0.0909091	0.0909091	0.0909091	0.0909091	0.0909091	0.0909091	0.0909091	0.0909091	0.0909091	0.0909091	0.0909091	
0.000132328	0.902607	0.0903798	0.00449914	0.000132328	0.00158793	0.000132328	0.000132328	0.000132328	0.000132328	0.000132328	
0.000309215	0.211194	0.687384	0.0955473	0.00371058	0.000309215	0.000309215	0.000309215	0.000309215	0.000309215	0.000309215	
0.000710227	0.0319602	0.203835	0.641335	0.110085	0.00852273	0.000710227	0.000710227	0.000710227	0.000710227	0.000710227	
0.00193424	0.00193424	0.0444874	0.27853	0.533849	0.129594	0.00193424	0.00193424	0.00193424	0.00193424	0.00193424	
0.004329	0.004329	0.004329	0.0519481	0.290043	0.385281	0.194805	0.004329	0.004329	0.0519481	0.004329	
0.00699301	0.0839161	0.00699301	0.00699301	0.00699301	0.237762	0.468531	0.0839161	0.0839161	0.00699301	0.00699301	
0.0227273	0.0227273	0.0227273	0.0227273	0.0227273	0.272727	0.272727	0.272727	0.0227273	0.0227273	0.0227273	
0.0454545	0.0454545	0.0454545	0.0454545	0.0454545	0.0454545	0.0454545	0.0454545	0.0454545	0.0454545	0.545455	
0.0227273	0.0227273	0.0227273	0.0227273	0.0227273	0.0227273	0.272727	0.272727	0.0227273	0.0227273	0.272727	
0.0227273	0.0227273	0.0227273	0.0227273	0.0227273	0.0227273	0.0227273	0.0227273	0.0227273	0.522727	0.272727	


Matrix B :

0.0909091	0.0909091	0.0909091	0.0909091	0.0909091	0.0909091	0.0909091	0.0909091	0.0909091	0.0909091	0.0909091	
0.000126968	0.136998	0.25711	0.24454	0.141188	0.111859	0.0448197	0.0378365	0.0182834	0.00571356	0.00152362	
0.0002886	0.0002886	0.0701299	0.282828	0.241558	0.209812	0.0733045	0.0574315	0.0320346	0.0256854	0.00663781	
0.000678426	0.000678426	0.00814111	0.127544	0.396201	0.149932	0.157395	0.112619	0.0305292	0.00814111	0.00814111	
0.00189394	0.00189394	0.00189394	0.0852273	0.189394	0.293561	0.231061	0.126894	0.0643939	0.00189394	0.00189394	
0.004329	0.004329	0.0519481	0.004329	0.147186	0.0519481	0.4329	0.0995671	0.0995671	0.0995671	0.004329	
0.00568182	0.00568182	0.00568182	0.00568182	0.255682	0.130682	0.0681818	0.255682	0.0681818	0.0681818	0.130682	
0.0227273	0.0227273	0.0227273	0.0227273	0.0227273	0.0227273	0.272727	0.272727	0.272727	0.0227273	0.0227273	
0.0454545	0.0454545	0.0454545	0.0454545	0.0454545	0.0454545	0.545455	0.0454545	0.0454545	0.0454545	0.0454545	
0.0227273	0.0227273	0.0227273	0.0227273	0.0227273	0.0227273	0.0227273	0.522727	0.0227273	0.272727	0.0227273	
0.0227273	0.0227273	0.0227273	0.0227273	0.0227273	0.0227273	0.0227273	0.272727	0.522727	0.0227273	0.0227273	


Vector Pi :

0.00149031	0.460507	0.362146	0.099851	0.0178838	0.00149031	0.0506706	0.00149031	0.00149031	0.00149031	0.00149031	


Vector Phi :

0.000826179	0.573536	0.241776	0.105465	0.0387513	0.0173427	0.0107375	0.00330429	0.00165214	0.00330425	0.00330443	
