
Parameters: 11 states AND 11 symbols

Matrix A :

0.090909	0.090909	0.090909	0.090909	0.090909	0.090909	0.090909	0.090909	0.090909	0.090909	0.090909	
0.000184	0.850083	0.103633	0.022497	0.016412	0.000184	0.000184	0.000184	0.000184	0.006270	0.000184	
0.001357	0.747626	0.120760	0.031208	0.016282	0.016282	0.016282	0.001357	0.001357	0.016282	0.031208	
0.004785	0.531100	0.215311	0.110048	0.057416	0.004785	0.057416	0.004785	0.004785	0.004785	0.004785	
0.007576	0.424242	0.090909	0.257576	0.090909	0.090909	0.007576	0.007576	0.007576	0.007576	0.007576	
0.022727	0.522727	0.272727	0.022727	0.022727	0.022727	0.022727	0.022727	0.022727	0.022727	0.022727	
0.030303	0.696970	0.030303	0.030303	0.030303	0.030303	0.030303	0.030303	0.030303	0.030303	0.030303	
0.090909	0.090909	0.090909	0.090909	0.090909	0.090909	0.090909	0.090909	0.090909	0.090909	0.090909	
0.090909	0.090909	0.090909	0.090909	0.090909	0.090909	0.090909	0.090909	0.090909	0.090909	0.090909	
0.022727	0.272727	0.272727	0.022727	0.022727	0.022727	0.022727	0.022727	0.022727	0.022727	0.272727	
0.022727	0.522727	0.022727	0.022727	0.022727	0.272727	0.022727	0.022727	0.022727	0.022727	0.022727	


Matrix B :

0.090909	0.090909	0.090909	0.090909	0.090909	0.090909	0.090909	0.090909	0.090909	0.090909	0.090909	
0.000177	0.157764	0.317297	0.272550	0.134418	0.072161	0.021578	0.015741	0.006013	0.002122	0.000177	
0.001318	0.015810	0.102767	0.276680	0.204216	0.175231	0.160738	0.001318	0.044796	0.001318	0.015810	
0.004329	0.004329	0.099567	0.290043	0.194805	0.242424	0.147186	0.004329	0.004329	0.004329	0.004329	
0.006494	0.006494	0.077922	0.006494	0.149351	0.292208	0.077922	0.006494	0.363636	0.006494	0.006494	
0.015152	0.015152	0.015152	0.348485	0.181818	0.348485	0.015152	0.015152	0.015152	0.015152	0.015152	
0.030303	0.030303	0.030303	0.030303	0.363636	0.030303	0.030303	0.030303	0.363636	0.030303	0.030303	
0.090909	0.090909	0.090909	0.090909	0.090909	0.090909	0.090909	0.090909	0.090909	0.090909	0.090909	
0.090909	0.090909	0.090909	0.090909	0.090909	0.090909	0.090909	0.090909	0.090909	0.090909	0.090909	
0.018182	0.018182	0.018182	0.018182	0.418182	0.218182	0.018182	0.018182	0.018182	0.218182	0.018182	
0.022727	0.022727	0.022727	0.272727	0.272727	0.272727	0.022727	0.022727	0.022727	0.022727	0.022727	


Vector Pi :

0.002933	0.712610	0.067449	0.067449	0.067449	0.067449	0.002933	0.002933	0.002933	0.002933	0.002933	


Vector Phi :

0.001722	0.806405	0.110299	0.031231	0.019743	0.006785	0.005012	0.001722	0.001722	0.008276	0.007084	
