
Parameters: 11 states AND 11 symbols

Matrix A :

0.0909091	0.0909091	0.0909091	0.0909091	0.0909091	0.0909091	0.0909091	0.0909091	0.0909091	0.0909091	0.0909091	
0.000166806	0.730442	0.22402	0.0442035	0.000166806	0.000166806	0.000166806	0.000166806	0.000166806	0.000166806	0.000166806	
0.00026738	0.367914	0.453209	0.126738	0.0414439	0.00909091	0.00026738	0.00026738	0.00026738	0.00026738	0.00026738	
0.000606061	0.120606	0.293939	0.380606	0.127273	0.0539394	0.00727273	0.0139394	0.000606061	0.000606061	0.000606061	
0.00105708	0.0475687	0.198732	0.245243	0.315011	0.163848	0.012685	0.012685	0.00105708	0.00105708	0.00105708	
0.002331	0.002331	0.027972	0.0792541	0.438228	0.156177	0.181818	0.0536131	0.027972	0.002331	0.027972	
0.00649351	0.00649351	0.0779221	0.00649351	0.292208	0.363636	0.149351	0.00649351	0.00649351	0.0779221	0.00649351	
0.00699301	0.00699301	0.00699301	0.00699301	0.314685	0.00699301	0.160839	0.160839	0.0839161	0.0839161	0.160839	
0.0113636	0.0113636	0.0113636	0.136364	0.0113636	0.261364	0.0113636	0.261364	0.136364	0.0113636	0.136364	
0.0151515	0.0151515	0.0151515	0.0151515	0.0151515	0.0151515	0.0151515	0.348485	0.181818	0.181818	0.181818	
0.012987	0.012987	0.012987	0.012987	0.012987	0.012987	0.012987	0.155844	0.441558	0.155844	0.155844	


Matrix B :

0.0909091	0.0909091	0.0909091	0.0909091	0.0909091	0.0909091	0.0909091	0.0909091	0.0909091	0.0909091	0.0909091	
0.00015949	0.433493	0.393142	0.126475	0.0317384	0.00893142	0.00542265	0.00015949	0.00015949	0.00015949	0.00015949	
0.000253229	0.0336794	0.543429	0.312231	0.0810332	0.0253229	0.00303874	0.000253229	0.000253229	0.000253229	0.000253229	
0.000579039	0.000579039	0.10249	0.503764	0.261726	0.089751	0.0260567	0.0133179	0.000579039	0.000579039	0.000579039	
0.00103306	0.00103306	0.0237603	0.205579	0.501033	0.182851	0.0464876	0.0237603	0.0123967	0.00103306	0.00103306	
0.00211416	0.00211416	0.02537	0.0486258	0.327696	0.374207	0.141649	0.0718816	0.00211416	0.00211416	0.00211416	
0.00649351	0.00649351	0.00649351	0.00649351	0.00649351	0.363636	0.506494	0.0779221	0.00649351	0.00649351	0.00649351	
0.00649351	0.00649351	0.00649351	0.00649351	0.149351	0.220779	0.0779221	0.149351	0.149351	0.149351	0.0779221	
0.010101	0.010101	0.010101	0.010101	0.010101	0.121212	0.343434	0.343434	0.121212	0.010101	0.010101	
0.0151515	0.0151515	0.0151515	0.0151515	0.0151515	0.0151515	0.181818	0.181818	0.181818	0.181818	0.181818	
0.0113636	0.0113636	0.0113636	0.0113636	0.0113636	0.0113636	0.0113636	0.386364	0.136364	0.261364	0.136364	


Vector Pi :

0.00149031	0.394933	0.312966	0.116244	0.0342772	0.0670641	0.00149031	0.0178838	0.0178838	0.0178838	0.0178838	


Vector Phi :

0.000778196	0.455079	0.282414	0.123956	0.0701858	0.0316724	0.0112239	0.00984734	0.00593827	0.00369763	0.00520781	
