
Parameters: 11 states AND 11 symbols

Matrix A :

0.0909091	0.0909091	0.0909091	0.0909091	0.0909091	0.0909091	0.0909091	0.0909091	0.0909091	0.0909091	0.0909091	
0.000128222	0.873189	0.117195	0.00859084	0.000128222	0.000128222	0.000128222	0.000128222	0.000128222	0.000128222	0.000128222	
0.000302024	0.286016	0.594986	0.113259	0.00362428	0.000302024	0.000302024	0.000302024	0.000302024	0.000302024	0.000302024	
0.000849618	0.0382328	0.337298	0.440102	0.131691	0.0382328	0.000849618	0.000849618	0.000849618	0.000849618	0.0101954	
0.00221729	0.00221729	0.0509978	0.368071	0.465632	0.075388	0.0266075	0.00221729	0.00221729	0.00221729	0.00221729	
0.004329	0.004329	0.004329	0.194805	0.194805	0.385281	0.147186	0.0519481	0.004329	0.004329	0.004329	
0.010101	0.010101	0.010101	0.010101	0.121212	0.343434	0.343434	0.010101	0.010101	0.121212	0.010101	
0.0227273	0.0227273	0.0227273	0.0227273	0.0227273	0.0227273	0.272727	0.522727	0.0227273	0.0227273	0.0227273	
0.0454545	0.0454545	0.0454545	0.0454545	0.0454545	0.545455	0.0454545	0.0454545	0.0454545	0.0454545	0.0454545	
0.0227273	0.0227273	0.0227273	0.0227273	0.0227273	0.0227273	0.0227273	0.0227273	0.272727	0.0227273	0.522727	
0.0151515	0.0151515	0.0151515	0.0151515	0.181818	0.0151515	0.0151515	0.0151515	0.0151515	0.348485	0.348485	


Matrix B :

0.0909091	0.0909091	0.0909091	0.0909091	0.0909091	0.0909091	0.0909091	0.0909091	0.0909091	0.0909091	0.0909091	
0.000121699	0.208957	0.310697	0.251795	0.104539	0.0523305	0.0496532	0.016186	0.00413776	0.00146039	0.000121699	
0.000285878	0.00657519	0.113493	0.226701	0.295883	0.207833	0.0820469	0.0506003	0.0128645	0.00343053	0.000285878	
0.000834028	0.000834028	0.0191827	0.0925771	0.156797	0.294412	0.221018	0.0925771	0.0742285	0.0467056	0.000834028	
0.0021645	0.0021645	0.025974	0.025974	0.168831	0.145022	0.359307	0.121212	0.0735931	0.0735931	0.0021645	
0.004329	0.004329	0.004329	0.147186	0.0995671	0.194805	0.194805	0.194805	0.0995671	0.004329	0.0519481	
0.00826446	0.00826446	0.00826446	0.371901	0.00826446	0.190083	0.00826446	0.00826446	0.0991736	0.0991736	0.190083	
0.0227273	0.0227273	0.0227273	0.0227273	0.0227273	0.0227273	0.0227273	0.0227273	0.0227273	0.772727	0.0227273	
0.0454545	0.0454545	0.0454545	0.0454545	0.0454545	0.0454545	0.0454545	0.545455	0.0454545	0.0454545	0.0454545	
0.0227273	0.0227273	0.0227273	0.0227273	0.0227273	0.272727	0.0227273	0.522727	0.0227273	0.0227273	0.0227273	
0.0151515	0.0151515	0.0151515	0.0151515	0.181818	0.0151515	0.181818	0.0151515	0.181818	0.348485	0.0151515	


Vector Pi :

0.00149031	0.608048	0.280179	0.0342772	0.0178838	0.0178838	0.0342772	0.00149031	0.00149031	0.00149031	0.00149031	


Vector Phi :

0.000788287	0.594711	0.25005	0.0872333	0.0326113	0.0153244	0.00679784	0.00303604	0.00157008	0.00312717	0.00475071	
