
Parameters: 11 states AND 11 symbols

Matrix A :

0.0909091	0.0909091	0.0909091	0.0909091	0.0909091	0.0909091	0.0909091	0.0909091	0.0909091	0.0909091	0.0909091	
9.20132e-05	0.930254	0.0668936	0.0021163	9.20132e-05	9.20132e-05	9.20132e-05	9.20132e-05	9.20132e-05	9.20132e-05	9.20132e-05	
0.000513611	0.384694	0.531587	0.0626605	0.00616333	0.000513611	0.00616333	0.000513611	0.000513611	0.000513611	0.00616333	
0.004329	0.0519481	0.575758	0.242424	0.004329	0.0519481	0.0519481	0.004329	0.004329	0.004329	0.004329	
0.0181818	0.0181818	0.418182	0.218182	0.0181818	0.0181818	0.0181818	0.218182	0.0181818	0.0181818	0.0181818	
0.030303	0.030303	0.363636	0.030303	0.030303	0.030303	0.363636	0.030303	0.030303	0.030303	0.030303	
0.0181818	0.0181818	0.0181818	0.0181818	0.418182	0.0181818	0.218182	0.0181818	0.0181818	0.0181818	0.218182	
0.0454545	0.0454545	0.0454545	0.0454545	0.0454545	0.0454545	0.0454545	0.0454545	0.545455	0.0454545	0.0454545	
0.030303	0.030303	0.030303	0.363636	0.363636	0.030303	0.030303	0.030303	0.030303	0.030303	0.030303	
0.0909091	0.0909091	0.0909091	0.0909091	0.0909091	0.0909091	0.0909091	0.0909091	0.0909091	0.0909091	0.0909091	
0.030303	0.030303	0.030303	0.030303	0.030303	0.363636	0.030303	0.030303	0.363636	0.030303	0.030303	


Matrix B :

0.0909091	0.0909091	0.0909091	0.0909091	0.0909091	0.0909091	0.0909091	0.0909091	0.0909091	0.0909091	0.0909091	
8.73286e-05	0.330539	0.367042	0.189328	0.0759759	0.0260239	0.00969348	0.00104794	8.73286e-05	8.73286e-05	8.73286e-05	
0.000496771	0.00596125	0.0278192	0.301043	0.350224	0.180825	0.0933929	0.0278192	0.0114257	0.000496771	0.000496771	
0.00413223	0.00413223	0.00413223	0.0495868	0.140496	0.549587	0.140496	0.0495868	0.0495868	0.00413223	0.00413223	
0.0181818	0.0181818	0.0181818	0.0181818	0.0181818	0.418182	0.0181818	0.0181818	0.218182	0.218182	0.0181818	
0.030303	0.030303	0.363636	0.030303	0.030303	0.030303	0.363636	0.030303	0.030303	0.030303	0.030303	
0.0181818	0.0181818	0.0181818	0.0181818	0.0181818	0.0181818	0.618182	0.0181818	0.0181818	0.218182	0.0181818	
0.0454545	0.0454545	0.0454545	0.0454545	0.0454545	0.0454545	0.0454545	0.0454545	0.545455	0.0454545	0.0454545	
0.363636	0.030303	0.030303	0.030303	0.363636	0.030303	0.030303	0.030303	0.030303	0.030303	0.030303	
0.0909091	0.0909091	0.0909091	0.0909091	0.0909091	0.0909091	0.0909091	0.0909091	0.0909091	0.0909091	0.0909091	
0.030303	0.030303	0.030303	0.363636	0.363636	0.030303	0.030303	0.030303	0.030303	0.030303	0.030303	


Vector Pi :

0.00149031	0.853949	0.116244	0.0178838	0.00149031	0.00149031	0.00149031	0.00149031	0.00149031	0.00149031	0.00149031	


Vector Phi :

0.000820118	0.819287	0.144666	0.0172038	0.00409497	0.00245817	0.00409507	0.00163911	0.00245849	0.000820118	0.00245646	
