
Parameters: 11 states AND 11 symbols

Matrix A :

0.0909091	0.0909091	0.0909091	0.0909091	0.0909091	0.0909091	0.0909091	0.0909091	0.0909091	0.0909091	0.0909091	
0.000144071	0.743409	0.210921	0.0381789	0.00489843	0.00172886	0.000144071	0.000144071	0.000144071	0.000144071	0.000144071	
0.000285878	0.409091	0.387078	0.157519	0.0348771	0.00657519	0.000285878	0.00343053	0.000285878	0.000285878	0.000285878	
0.000622665	0.206102	0.315691	0.301993	0.117061	0.0417186	0.000622665	0.00747198	0.00747198	0.000622665	0.000622665	
0.00171527	0.0394511	0.190395	0.341338	0.171527	0.209262	0.0394511	0.00171527	0.00171527	0.00171527	0.00171527	
0.0026738	0.0026738	0.0909091	0.237968	0.208556	0.237968	0.120321	0.0909091	0.0026738	0.0026738	0.0026738	
0.0113636	0.0113636	0.136364	0.0113636	0.136364	0.261364	0.0113636	0.386364	0.0113636	0.0113636	0.0113636	
0.00826446	0.00826446	0.0991736	0.0991736	0.190083	0.190083	0.0991736	0.0991736	0.0991736	0.00826446	0.0991736	
0.0227273	0.0227273	0.0227273	0.0227273	0.272727	0.272727	0.0227273	0.0227273	0.272727	0.0227273	0.0227273	
0.0909091	0.0909091	0.0909091	0.0909091	0.0909091	0.0909091	0.0909091	0.0909091	0.0909091	0.0909091	0.0909091	
0.0454545	0.0454545	0.0454545	0.0454545	0.0454545	0.0454545	0.0454545	0.545455	0.0454545	0.0454545	0.0454545	


Matrix B :

0.0909091	0.0909091	0.0909091	0.0909091	0.0909091	0.0909091	0.0909091	0.0909091	0.0909091	0.0909091	0.0909091	
0.000136911	0.248631	0.396221	0.201944	0.0980285	0.0347755	0.0121851	0.00616101	0.00164294	0.000136911	0.000136911	
0.000270563	0.000270563	0.14908	0.443723	0.23539	0.0984848	0.0597944	0.00622294	0.00324675	0.00324675	0.000270563	
0.000610128	0.000610128	0.0140329	0.181818	0.403295	0.289201	0.101281	0.00732154	0.000610128	0.000610128	0.000610128	
0.00162338	0.00162338	0.0194805	0.0194805	0.144481	0.376623	0.198052	0.198052	0.0373377	0.00162338	0.00162338	
0.00252525	0.00252525	0.00252525	0.030303	0.0858586	0.169192	0.308081	0.308081	0.0580808	0.030303	0.00252525	
0.0113636	0.0113636	0.0113636	0.0113636	0.0113636	0.261364	0.136364	0.386364	0.0113636	0.136364	0.0113636	
0.00757576	0.00757576	0.00757576	0.00757576	0.00757576	0.340909	0.00757576	0.174242	0.174242	0.174242	0.0909091	
0.0227273	0.0227273	0.0227273	0.0227273	0.522727	0.0227273	0.0227273	0.0227273	0.0227273	0.0227273	0.272727	
0.0909091	0.0909091	0.0909091	0.0909091	0.0909091	0.0909091	0.0909091	0.0909091	0.0909091	0.0909091	0.0909091	
0.0454545	0.0454545	0.0454545	0.0454545	0.0454545	0.0454545	0.0454545	0.0454545	0.0454545	0.0454545	0.545455	


Vector Pi :

0.00149031	0.52608	0.296572	0.0506706	0.0670641	0.0342772	0.00149031	0.0178838	0.00149031	0.00149031	0.00149031	


Vector Phi :

0.00081814	0.524508	0.263085	0.120127	0.0425918	0.0276659	0.00649646	0.008979	0.00327627	0.00081814	0.00163441	
