
Parameters: 11 states AND 11 symbols

Matrix A :

0.0909091	0.0909091	0.0909091	0.0909091	0.0909091	0.0909091	0.0909091	0.0909091	0.0909091	0.0909091	0.0909091	
0.000130617	0.918234	0.0734065	0.0015674	0.00300418	0.0015674	0.0015674	0.000130617	0.000130617	0.000130617	0.000130617	
0.000328192	0.195274	0.700689	0.094191	0.00754841	0.000328192	0.000328192	0.000328192	0.000328192	0.000328192	0.000328192	
0.000819001	0.00982801	0.280098	0.604423	0.0728911	0.027846	0.000819001	0.000819001	0.000819001	0.000819001	0.000819001	
0.0026738	0.0614973	0.0026738	0.296791	0.414439	0.120321	0.0026738	0.0909091	0.0026738	0.0026738	0.0026738	
0.00478469	0.00478469	0.00478469	0.0574163	0.215311	0.320574	0.215311	0.110048	0.0574163	0.00478469	0.00478469	
0.012987	0.012987	0.012987	0.155844	0.155844	0.155844	0.012987	0.155844	0.298701	0.012987	0.012987	
0.00505051	0.00505051	0.00505051	0.116162	0.0606061	0.116162	0.00505051	0.227273	0.449495	0.00505051	0.00505051	
0.0034965	0.0034965	0.0034965	0.041958	0.041958	0.041958	0.0034965	0.157343	0.503497	0.118881	0.0804196	
0.0181818	0.0181818	0.0181818	0.0181818	0.0181818	0.0181818	0.218182	0.418182	0.0181818	0.218182	0.0181818	
0.0151515	0.0151515	0.0151515	0.0151515	0.0151515	0.0151515	0.0151515	0.181818	0.181818	0.0151515	0.515152	


Matrix B :

0.0909091	0.0909091	0.0909091	0.0909091	0.0909091	0.0909091	0.0909091	0.0909091	0.0909091	0.0909091	0.0909091	
0.000124363	0.194379	0.431041	0.225843	0.0876757	0.0439	0.0151722	0.00149235	0.000124363	0.000124363	0.000124363	
0.00031348	0.0347962	0.138245	0.424451	0.255486	0.0589342	0.0554859	0.0278997	0.00376176	0.00031348	0.00031348	
0.000777001	0.00932401	0.137529	0.128982	0.274281	0.16317	0.137529	0.111888	0.026418	0.00932401	0.000777001	
0.002457	0.0565111	0.029484	0.110565	0.0565111	0.191646	0.002457	0.164619	0.191646	0.0835381	0.110565	
0.00454545	0.00454545	0.104545	0.204545	0.404545	0.0545455	0.154545	0.00454545	0.0545455	0.00454545	0.00454545	
0.0113636	0.0113636	0.386364	0.0113636	0.136364	0.0113636	0.261364	0.0113636	0.136364	0.0113636	0.0113636	
0.00478469	0.00478469	0.110048	0.162679	0.320574	0.0574163	0.215311	0.00478469	0.00478469	0.0574163	0.0574163	
0.0034965	0.0034965	0.118881	0.0804196	0.118881	0.311189	0.157343	0.0804196	0.0034965	0.041958	0.0804196	
0.0181818	0.0181818	0.0181818	0.218182	0.418182	0.218182	0.0181818	0.0181818	0.0181818	0.0181818	0.0181818	
0.0151515	0.0151515	0.0151515	0.181818	0.348485	0.348485	0.0151515	0.0151515	0.0151515	0.0151515	0.0151515	


Vector Pi :

0.00149031	0.558867	0.214605	0.116244	0.0506706	0.0178838	0.0178838	0.0178838	0.00149031	0.00149031	0.00149031	


Vector Phi :

0.000821489	0.586034	0.229467	0.0894929	0.0277882	0.0155405	0.00575569	0.0147517	0.0213224	0.00410229	0.00492352	
