
Parameters: 11 states AND 11 symbols

Matrix A :

0.0909091	0.0909091	0.0909091	0.0909091	0.0909091	0.0909091	0.0909091	0.0909091	0.0909091	0.0909091	0.0909091	
0.000253229	0.780198	0.20081	0.0169663	0.000253229	0.000253229	0.000253229	0.000253229	0.000253229	0.000253229	0.000253229	
0.000295159	0.234061	0.587957	0.152893	0.0197757	0.00354191	0.000295159	0.000295159	0.000295159	0.000295159	0.000295159	
0.000483559	0.0217602	0.250484	0.52176	0.197292	0.00580271	0.000483559	0.000483559	0.000483559	0.000483559	0.000483559	
0.000594177	0.0136661	0.0463458	0.196673	0.536542	0.190137	0.00713012	0.000594177	0.00713012	0.000594177	0.000594177	
0.00094697	0.00094697	0.00094697	0.0426136	0.261364	0.49053	0.17803	0.0217803	0.00094697	0.00094697	0.00094697	
0.0021645	0.0021645	0.0021645	0.025974	0.0497835	0.359307	0.383117	0.168831	0.0021645	0.0021645	0.0021645	
0.00363636	0.00363636	0.00363636	0.00363636	0.00363636	0.0436364	0.243636	0.483636	0.163636	0.0436364	0.00363636	
0.00757576	0.00757576	0.00757576	0.0909091	0.00757576	0.0909091	0.0909091	0.174242	0.340909	0.174242	0.00757576	
0.012987	0.012987	0.012987	0.012987	0.012987	0.012987	0.012987	0.155844	0.155844	0.298701	0.298701	
0.010101	0.010101	0.010101	0.010101	0.010101	0.010101	0.010101	0.010101	0.121212	0.121212	0.676768	


Matrix B :

0.0909091	0.0909091	0.0909091	0.0909091	0.0909091	0.0909091	0.0909091	0.0909091	0.0909091	0.0909091	0.0909091	
0.000238607	0.294202	0.351945	0.199714	0.0763541	0.0501074	0.021236	0.00548795	0.000238607	0.000238607	0.000238607	
0.000281452	0.0250493	0.37799	0.235576	0.179848	0.111737	0.0652969	0.00337743	0.000281452	0.000281452	0.000281452	
0.0004662	0.0004662	0.118415	0.349184	0.323543	0.149184	0.0517483	0.0004662	0.00559441	0.0004662	0.0004662	
0.000568182	0.000568182	0.0255682	0.181818	0.325568	0.281818	0.125568	0.0505682	0.00681818	0.000568182	0.000568182	
0.000909091	0.000909091	0.0309091	0.0909091	0.180909	0.370909	0.170909	0.0909091	0.0609091	0.000909091	0.000909091	
0.00211416	0.00211416	0.00211416	0.0486258	0.0486258	0.0718816	0.58351	0.0951374	0.0951374	0.0486258	0.00211416	
0.003367	0.003367	0.003367	0.003367	0.040404	0.0774411	0.262626	0.299663	0.151515	0.114478	0.040404	
0.00649351	0.00649351	0.00649351	0.0779221	0.220779	0.292208	0.0779221	0.00649351	0.00649351	0.149351	0.149351	
0.012987	0.012987	0.012987	0.012987	0.012987	0.012987	0.012987	0.441558	0.012987	0.155844	0.298701	
0.010101	0.010101	0.010101	0.010101	0.010101	0.010101	0.121212	0.343434	0.121212	0.343434	0.010101	


Vector Pi :

0.00149031	0.362146	0.247392	0.116244	0.116244	0.0670641	0.0178838	0.0342772	0.0342772	0.00149031	0.00149031	


Vector Phi :

0.000833395	0.299155	0.25666	0.156667	0.127504	0.0800051	0.0350032	0.0208357	0.0100013	0.00583414	0.00750121	
