
Parameters: 11 states AND 11 symbols

Matrix A :

0.0909091	0.0909091	0.0909091	0.0909091	0.0909091	0.0909091	0.0909091	0.0909091	0.0909091	0.0909091	0.0909091	
0.000262743	0.777719	0.211245	0.00893326	0.000262743	0.000262743	0.000262743	0.000262743	0.000262743	0.000262743	0.000262743	
0.000312402	0.247735	0.546704	0.182443	0.0174945	0.00374883	0.000312402	0.000312402	0.000312402	0.000312402	0.000312402	
0.000424809	0.0237893	0.252761	0.514444	0.196686	0.0097706	0.000424809	0.000424809	0.000424809	0.000424809	0.000424809	
0.000525486	0.000525486	0.0178665	0.231739	0.601682	0.116132	0.0294272	0.000525486	0.000525486	0.000525486	0.000525486	
0.00112233	0.00112233	0.013468	0.0751964	0.248036	0.544332	0.0998878	0.013468	0.00112233	0.00112233	0.00112233	
0.00206612	0.00206612	0.00206612	0.0247934	0.0247934	0.229339	0.547521	0.161157	0.00206612	0.00206612	0.00206612	
0.00454545	0.00454545	0.00454545	0.00454545	0.00454545	0.104545	0.204545	0.354545	0.254545	0.0545455	0.00454545	
0.00454545	0.00454545	0.00454545	0.00454545	0.00454545	0.00454545	0.104545	0.204545	0.504545	0.154545	0.00454545	
0.0151515	0.0151515	0.0151515	0.0151515	0.0151515	0.0151515	0.0151515	0.0151515	0.515152	0.181818	0.181818	
0.0227273	0.0227273	0.0227273	0.0227273	0.0227273	0.0227273	0.0227273	0.0227273	0.272727	0.0227273	0.522727	


Matrix B :

0.0909091	0.0909091	0.0909091	0.0909091	0.0909091	0.0909091	0.0909091	0.0909091	0.0909091	0.0909091	0.0909091	
0.00025113	0.246107	0.276494	0.196384	0.107986	0.138373	0.0306379	0.00301356	0.00025113	0.00025113	0.00025113	
0.000293255	0.0970674	0.384164	0.245455	0.0970674	0.1261	0.0228739	0.0164223	0.00351906	0.00674487	0.000293255	
0.000413223	0.000413223	0.318595	0.409504	0.132231	0.0731405	0.0504132	0.00950413	0.000413223	0.000413223	0.00495868	
0.000494071	0.000494071	0.0820158	0.440711	0.342885	0.0820158	0.0167984	0.0167984	0.00592885	0.000494071	0.0113636	
0.00106952	0.00106952	0.00106952	0.424599	0.306952	0.130481	0.0716578	0.0481283	0.0128342	0.00106952	0.00106952	
0.00189394	0.00189394	0.00189394	0.106061	0.481061	0.126894	0.168561	0.106061	0.00189394	0.00189394	0.00189394	
0.00454545	0.00454545	0.00454545	0.00454545	0.254545	0.304545	0.104545	0.304545	0.00454545	0.00454545	0.00454545	
0.00454545	0.00454545	0.00454545	0.00454545	0.00454545	0.204545	0.154545	0.354545	0.254545	0.00454545	0.00454545	
0.0151515	0.0151515	0.0151515	0.0151515	0.0151515	0.181818	0.348485	0.181818	0.181818	0.0151515	0.0151515	
0.0227273	0.0227273	0.0227273	0.0227273	0.0227273	0.0227273	0.272727	0.522727	0.0227273	0.0227273	0.0227273	


Vector Pi :

0.00149031	0.247392	0.312966	0.099851	0.181818	0.0834575	0.0670641	0.00149031	0.00149031	0.00149031	0.00149031	


Vector Phi :

0.000819202	0.294452	0.244763	0.177654	0.1419	0.0643843	0.0354982	0.0161651	0.0162273	0.00487399	0.00326319	
