
Parameters: 11 states AND 11 symbols

Matrix A :

0.0909091	0.0909091	0.0909091	0.0909091	0.0909091	0.0909091	0.0909091	0.0909091	0.0909091	0.0909091	0.0909091	
0.000316756	0.72854	0.233766	0.03516	0.000316756	0.000316756	0.000316756	0.000316756	0.000316756	0.000316756	0.000316756	
0.000343053	0.234305	0.532419	0.196569	0.0267581	0.00789022	0.000343053	0.000343053	0.000343053	0.000343053	0.000343053	
0.00035791	0.051539	0.197208	0.56335	0.161775	0.02398	0.00035791	0.00035791	0.00035791	0.00035791	0.00035791	
0.000575374	0.00690449	0.0322209	0.279056	0.506904	0.146145	0.0258918	0.000575374	0.000575374	0.000575374	0.000575374	
0.000909091	0.000909091	0.0109091	0.0409091	0.240909	0.510909	0.160909	0.0209091	0.0109091	0.000909091	0.000909091	
0.00162338	0.00162338	0.00162338	0.00162338	0.0909091	0.269481	0.412338	0.180195	0.0373377	0.00162338	0.00162338	
0.00293255	0.00293255	0.00293255	0.00293255	0.0351906	0.0351906	0.357771	0.390029	0.131965	0.0351906	0.00293255	
0.00363636	0.00363636	0.00363636	0.00363636	0.00363636	0.0436364	0.0436364	0.243636	0.483636	0.0836364	0.0836364	
0.0113636	0.0113636	0.0113636	0.0113636	0.0113636	0.0113636	0.0113636	0.0113636	0.511364	0.261364	0.136364	
0.00606061	0.00606061	0.00606061	0.00606061	0.00606061	0.00606061	0.00606061	0.00606061	0.0727273	0.139394	0.739394	


Matrix B :

0.0909091	0.0909091	0.0909091	0.0909091	0.0909091	0.0909091	0.0909091	0.0909091	0.0909091	0.0909091	0.0909091	
0.000306091	0.347107	0.232629	0.168656	0.0979492	0.0609122	0.0508111	0.0171411	0.0070401	0.0137741	0.00367309	
0.000325839	0.104268	0.315738	0.236885	0.147279	0.107853	0.0397524	0.0325839	0.0146628	0.000325839	0.000325839	
0.000340483	0.000340483	0.198842	0.322438	0.213824	0.146408	0.0864828	0.030303	0.000340483	0.000340483	0.000340483	
0.000528541	0.000528541	0.122622	0.221459	0.314482	0.180761	0.116808	0.0237844	0.0121564	0.00634249	0.000528541	
0.000865801	0.000865801	0.0580087	0.258009	0.219913	0.258009	0.105628	0.0675325	0.0199134	0.000865801	0.0103896	
0.0015949	0.0015949	0.0015949	0.247209	0.282297	0.247209	0.15949	0.0015949	0.0191388	0.0015949	0.0366826	
0.00275482	0.00275482	0.00275482	0.0330579	0.426997	0.214876	0.184573	0.0330579	0.0330579	0.0330579	0.0330579	
0.00363636	0.00363636	0.00363636	0.0436364	0.243636	0.00363636	0.123636	0.123636	0.0436364	0.123636	0.283636	
0.0113636	0.0113636	0.0113636	0.0113636	0.261364	0.261364	0.0113636	0.0113636	0.136364	0.261364	0.0113636	
0.00568182	0.00568182	0.00568182	0.00568182	0.130682	0.193182	0.00568182	0.00568182	0.193182	0.380682	0.0681818	


Vector Pi :

0.00149031	0.181818	0.230999	0.214605	0.214605	0.0834575	0.0178838	0.0342772	0.00149031	0.00149031	0.0178838	


Vector Phi :

0.000839501	0.234894	0.219194	0.212341	0.134223	0.0845237	0.0473366	0.0261788	0.0210905	0.00674174	0.0126369	
