
Parameters: 11 states AND 11 symbols

Matrix A :

0.0909091	0.0909091	0.0909091	0.0909091	0.0909091	0.0909091	0.0909091	0.0909091	0.0909091	0.0909091	0.0909091	
9.91375e-05	0.871419	0.112422	0.0131853	0.00228016	9.91375e-05	9.91375e-05	9.91375e-05	9.91375e-05	9.91375e-05	9.91375e-05	
0.0004914	0.557248	0.303194	0.0923833	0.0329238	0.0004914	0.0004914	0.0004914	0.0113022	0.0004914	0.0004914	
0.00174825	0.136364	0.328671	0.270979	0.136364	0.0979021	0.020979	0.00174825	0.00174825	0.00174825	0.00174825	
0.00378788	0.295455	0.212121	0.170455	0.170455	0.0871212	0.00378788	0.0454545	0.00378788	0.00378788	0.00378788	
0.00699301	0.0839161	0.160839	0.160839	0.237762	0.237762	0.0839161	0.00699301	0.00699301	0.00699301	0.00699301	
0.0151515	0.0151515	0.0151515	0.348485	0.0151515	0.348485	0.181818	0.0151515	0.0151515	0.0151515	0.0151515	
0.0227273	0.0227273	0.272727	0.0227273	0.0227273	0.0227273	0.272727	0.272727	0.0227273	0.0227273	0.0227273	
0.030303	0.030303	0.030303	0.030303	0.030303	0.030303	0.030303	0.363636	0.030303	0.030303	0.363636	
0.0909091	0.0909091	0.0909091	0.0909091	0.0909091	0.0909091	0.0909091	0.0909091	0.0909091	0.0909091	0.0909091	
0.030303	0.030303	0.030303	0.030303	0.030303	0.030303	0.363636	0.030303	0.030303	0.030303	0.363636	


Matrix B :

0.0909091	0.0909091	0.0909091	0.0909091	0.0909091	0.0909091	0.0909091	0.0909091	0.0909091	0.0909091	0.0909091	
9.45984e-05	0.222779	0.377826	0.248794	0.0968688	0.0302715	0.0146628	0.00737868	9.45984e-05	9.45984e-05	0.00113518	
0.000468604	0.0468604	0.325211	0.289128	0.211809	0.0932521	0.0210872	0.00562324	0.00562324	0.000468604	0.000468604	
0.0016835	0.0016835	0.390572	0.372054	0.112795	0.0942761	0.0016835	0.020202	0.0016835	0.0016835	0.0016835	
0.003367	0.003367	0.262626	0.373737	0.114478	0.225589	0.003367	0.003367	0.003367	0.003367	0.003367	
0.00606061	0.00606061	0.00606061	0.406061	0.339394	0.139394	0.0727273	0.00606061	0.00606061	0.00606061	0.00606061	
0.0151515	0.0151515	0.0151515	0.0151515	0.681818	0.181818	0.0151515	0.0151515	0.0151515	0.0151515	0.0151515	
0.0227273	0.0227273	0.522727	0.272727	0.0227273	0.0227273	0.0227273	0.0227273	0.0227273	0.0227273	0.0227273	
0.030303	0.030303	0.030303	0.030303	0.69697	0.030303	0.030303	0.030303	0.030303	0.030303	0.030303	
0.0909091	0.0909091	0.0909091	0.0909091	0.0909091	0.0909091	0.0909091	0.0909091	0.0909091	0.0909091	0.0909091	
0.030303	0.030303	0.030303	0.030303	0.69697	0.030303	0.030303	0.030303	0.030303	0.030303	0.030303	


Vector Pi :

0.00149031	0.706408	0.149031	0.0342772	0.0670641	0.0342772	0.00149031	0.00149031	0.00149031	0.00149031	0.00149031	


Vector Phi :

0.000813813	0.760667	0.15277	0.0426593	0.0187212	0.0105336	0.00488098	0.00322088	0.00246539	0.000813813	0.00245341	
