
Parameters: 11 states AND 11 symbols

Matrix A :

0.045455	0.045455	0.045455	0.045455	0.045455	0.045455	0.045455	0.045455	0.045455	0.045455	0.545455	
0.000231	0.906084	0.066389	0.015498	0.000231	0.002776	0.000231	0.005320	0.000231	0.000231	0.002776	
0.001245	0.343711	0.425903	0.110834	0.042341	0.028643	0.014944	0.014944	0.001245	0.014944	0.001245	
0.003636	0.203636	0.243636	0.203636	0.163636	0.043636	0.043636	0.043636	0.043636	0.003636	0.003636	
0.005348	0.240642	0.181818	0.122995	0.064171	0.064171	0.122995	0.122995	0.064171	0.005348	0.005348	
0.009091	0.009091	0.209091	0.109091	0.109091	0.009091	0.309091	0.109091	0.009091	0.109091	0.009091	
0.005051	0.060606	0.171717	0.005051	0.171717	0.171717	0.116162	0.171717	0.116162	0.005051	0.005051	
0.004545	0.004545	0.004545	0.004545	0.104545	0.054545	0.254545	0.304545	0.104545	0.104545	0.054545	
0.005682	0.005682	0.068182	0.005682	0.068182	0.005682	0.130682	0.193182	0.255682	0.255682	0.005682	
0.005051	0.005051	0.005051	0.060606	0.060606	0.005051	0.060606	0.005051	0.282828	0.393939	0.116162	
0.083916	0.083916	0.006993	0.083916	0.006993	0.006993	0.006993	0.006993	0.006993	0.160839	0.545455	


Matrix B :

0.045455	0.045455	0.045455	0.045455	0.045455	0.045455	0.045455	0.045455	0.545455	0.045455	0.045455	
0.000220	0.268336	0.263505	0.166886	0.125823	0.070268	0.046113	0.024374	0.017128	0.009881	0.007466	
0.001196	0.159091	0.330144	0.093301	0.066986	0.145933	0.093301	0.066986	0.027512	0.014354	0.001196	
0.003497	0.157343	0.195804	0.234266	0.080420	0.041958	0.041958	0.118881	0.080420	0.041958	0.003497	
0.005051	0.227273	0.116162	0.227273	0.171717	0.116162	0.060606	0.060606	0.005051	0.005051	0.005051	
0.009091	0.209091	0.209091	0.109091	0.009091	0.209091	0.109091	0.109091	0.009091	0.009091	0.009091	
0.004545	0.004545	0.204545	0.254545	0.054545	0.204545	0.254545	0.004545	0.004545	0.004545	0.004545	
0.004329	0.004329	0.147186	0.147186	0.337662	0.147186	0.051948	0.099567	0.004329	0.004329	0.051948	
0.005682	0.005682	0.068182	0.130682	0.193182	0.068182	0.130682	0.068182	0.068182	0.130682	0.130682	
0.004785	0.004785	0.004785	0.057416	0.162679	0.110048	0.320574	0.162679	0.004785	0.162679	0.004785	
0.006993	0.006993	0.006993	0.006993	0.160839	0.314685	0.237762	0.083916	0.160839	0.006993	0.006993	


Vector Pi :

0.002933	0.680352	0.099707	0.035191	0.035191	0.002933	0.067449	0.035191	0.002933	0.035191	0.002933	


Vector Phi :

0.003306	0.649587	0.120661	0.041322	0.028099	0.016529	0.029752	0.033058	0.026446	0.029752	0.021488	
