
Parameters: 11 states AND 11 symbols

Matrix A :

0.0909091	0.0909091	0.0909091	0.0909091	0.0909091	0.0909091	0.0909091	0.0909091	0.0909091	0.0909091	0.0909091	
0.000148302	0.673884	0.23669	0.0702951	0.0115676	0.00341094	0.00341094	0.000148302	0.000148302	0.000148302	0.000148302	
0.000284981	0.470504	0.30436	0.14762	0.0473069	0.0222286	0.00655457	0.000284981	0.000284981	0.000284981	0.000284981	
0.000658762	0.225296	0.370224	0.196311	0.13834	0.0513834	0.00790514	0.00790514	0.000658762	0.000658762	0.000658762	
0.00135685	0.210312	0.284939	0.195387	0.180461	0.0610583	0.0312076	0.0162822	0.0162822	0.00135685	0.00135685	
0.0026738	0.0909091	0.0909091	0.179144	0.208556	0.0909091	0.149733	0.0320856	0.120321	0.0026738	0.0320856	
0.00505051	0.0606061	0.116162	0.0606061	0.171717	0.338384	0.0606061	0.116162	0.00505051	0.00505051	0.0606061	
0.012987	0.012987	0.012987	0.012987	0.012987	0.441558	0.298701	0.155844	0.012987	0.012987	0.012987	
0.0151515	0.0151515	0.0151515	0.0151515	0.348485	0.0151515	0.181818	0.0151515	0.0151515	0.348485	0.0151515	
0.030303	0.363636	0.030303	0.030303	0.363636	0.030303	0.030303	0.030303	0.030303	0.030303	0.030303	
0.030303	0.030303	0.030303	0.030303	0.030303	0.363636	0.363636	0.030303	0.030303	0.030303	0.030303	


Matrix B :

0.0909091	0.0909091	0.0909091	0.0909091	0.0909091	0.0909091	0.0909091	0.0909091	0.0909091	0.0909091	0.0909091	
0.000139005	0.660689	0.270781	0.0521268	0.00778426	0.00778426	0.000139005	0.000139005	0.000139005	0.000139005	0.000139005	
0.000273	0.174447	0.663937	0.138411	0.018291	0.000273	0.003276	0.000273	0.000273	0.000273	0.000273	
0.000644745	0.000644745	0.454545	0.411992	0.0857511	0.0361057	0.00773694	0.000644745	0.000644745	0.000644745	0.000644745	
0.00131752	0.00131752	0.0158103	0.725955	0.189723	0.00131752	0.0447958	0.00131752	0.0158103	0.00131752	0.00131752	
0.0026738	0.0026738	0.0320856	0.149733	0.473262	0.208556	0.0614973	0.0320856	0.0026738	0.0320856	0.0026738	
0.00505051	0.00505051	0.00505051	0.00505051	0.227273	0.449495	0.282828	0.00505051	0.00505051	0.00505051	0.00505051	
0.012987	0.012987	0.012987	0.012987	0.012987	0.441558	0.441558	0.012987	0.012987	0.012987	0.012987	
0.0151515	0.0151515	0.0151515	0.0151515	0.0151515	0.0151515	0.181818	0.515152	0.0151515	0.0151515	0.181818	
0.030303	0.030303	0.030303	0.030303	0.030303	0.030303	0.030303	0.363636	0.363636	0.030303	0.030303	
0.030303	0.030303	0.030303	0.030303	0.030303	0.030303	0.363636	0.030303	0.363636	0.030303	0.030303	


Vector Pi :

0.00149031	0.657228	0.247392	0.0506706	0.0342772	0.00149031	0.00149031	0.00149031	0.00149031	0.00149031	0.00149031	


Vector Phi :

0.00082628	0.508155	0.262963	0.114052	0.0553494	0.0280847	0.0148727	0.00578362	0.00495648	0.00247844	0.00247856	
