
Parameters: 11 states AND 11 symbols

Matrix A :

0.090909	0.090909	0.090909	0.090909	0.090909	0.090909	0.090909	0.090909	0.090909	0.090909	0.090909	
0.000245	0.911296	0.075717	0.000245	0.000245	0.000245	0.002940	0.002940	0.000245	0.002940	0.002940	
0.000978	0.323558	0.463343	0.162268	0.022483	0.000978	0.022483	0.000978	0.000978	0.000978	0.000978	
0.001783	0.040998	0.256684	0.491979	0.080214	0.080214	0.001783	0.021390	0.001783	0.021390	0.001783	
0.005348	0.005348	0.181818	0.299465	0.299465	0.181818	0.005348	0.005348	0.005348	0.005348	0.005348	
0.005682	0.005682	0.130682	0.193182	0.130682	0.193182	0.193182	0.068182	0.068182	0.005682	0.005682	
0.008264	0.008264	0.008264	0.008264	0.190083	0.190083	0.190083	0.190083	0.190083	0.008264	0.008264	
0.009091	0.009091	0.009091	0.109091	0.009091	0.209091	0.109091	0.209091	0.209091	0.009091	0.109091	
0.008264	0.008264	0.099174	0.008264	0.099174	0.008264	0.099174	0.190083	0.280992	0.190083	0.008264	
0.015152	0.015152	0.015152	0.015152	0.015152	0.181818	0.015152	0.015152	0.181818	0.015152	0.515152	
0.005051	0.005051	0.116162	0.060606	0.005051	0.005051	0.005051	0.005051	0.060606	0.060606	0.671717	


Matrix B :

0.090909	0.090909	0.090909	0.090909	0.090909	0.090909	0.090909	0.090909	0.090909	0.090909	0.090909	
0.000233	0.506626	0.325041	0.133225	0.023250	0.007905	0.000233	0.002790	0.000233	0.000233	0.000233	
0.000947	0.136364	0.417614	0.198864	0.125947	0.053030	0.032197	0.021780	0.011364	0.000947	0.000947	
0.001715	0.133791	0.397942	0.322470	0.096055	0.001715	0.020583	0.001715	0.001715	0.020583	0.001715	
0.005348	0.005348	0.181818	0.652406	0.064171	0.064171	0.005348	0.005348	0.005348	0.005348	0.005348	
0.005348	0.005348	0.181818	0.358289	0.240642	0.122995	0.005348	0.064171	0.005348	0.005348	0.005348	
0.007576	0.007576	0.007576	0.507576	0.174242	0.174242	0.090909	0.007576	0.007576	0.007576	0.007576	
0.009091	0.009091	0.109091	0.509091	0.109091	0.109091	0.109091	0.009091	0.009091	0.009091	0.009091	
0.006993	0.006993	0.006993	0.237762	0.160839	0.237762	0.237762	0.083916	0.006993	0.006993	0.006993	
0.015152	0.015152	0.015152	0.015152	0.015152	0.181818	0.515152	0.181818	0.015152	0.015152	0.015152	
0.004785	0.004785	0.004785	0.004785	0.215311	0.162679	0.215311	0.110048	0.057416	0.004785	0.215311	


Vector Pi :

0.002933	0.648094	0.099707	0.067449	0.002933	0.035191	0.035191	0.002933	0.067449	0.002933	0.035191	


Vector Phi :

0.001653	0.613223	0.153719	0.084298	0.028099	0.026446	0.018182	0.016529	0.018182	0.009917	0.029752	
