
Parameters: 11 states AND 11 symbols

Matrix A :

0.0909091	0.0909091	0.0909091	0.0909091	0.0909091	0.0909091	0.0909091	0.0909091	0.0909091	0.0909091	0.0909091	
0.000164096	0.861175	0.117493	0.0200197	0.000164096	0.000164096	0.000164096	0.000164096	0.000164096	0.000164096	0.000164096	
0.000309215	0.241806	0.619357	0.119357	0.0139147	0.000309215	0.00371058	0.000309215	0.000309215	0.000309215	0.000309215	
0.000525486	0.0178665	0.23752	0.590121	0.133473	0.0120862	0.00630583	0.000525486	0.000525486	0.000525486	0.000525486	
0.00115075	0.0264672	0.0644419	0.266974	0.43153	0.165708	0.0264672	0.013809	0.00115075	0.00115075	0.00115075	
0.00227273	0.00227273	0.00227273	0.0272727	0.302273	0.502273	0.152273	0.00227273	0.00227273	0.00227273	0.00227273	
0.00378788	0.00378788	0.00378788	0.0454545	0.128788	0.170455	0.337121	0.253788	0.0454545	0.00378788	0.00378788	
0.00454545	0.00454545	0.00454545	0.00454545	0.0545455	0.00454545	0.254545	0.554545	0.104545	0.00454545	0.00454545	
0.0181818	0.0181818	0.0181818	0.0181818	0.0181818	0.0181818	0.0181818	0.218182	0.0181818	0.418182	0.218182	
0.0151515	0.0151515	0.0151515	0.0151515	0.0151515	0.0151515	0.0151515	0.0151515	0.181818	0.348485	0.348485	
0.0227273	0.0227273	0.0227273	0.272727	0.272727	0.0227273	0.0227273	0.0227273	0.0227273	0.272727	0.0227273	


Matrix B :

0.0909091	0.0909091	0.0909091	0.0909091	0.0909091	0.0909091	0.0909091	0.0909091	0.0909091	0.0909091	0.0909091	
0.000158932	0.157502	0.36904	0.251907	0.12953	0.0543547	0.021138	0.00890019	0.00190718	0.00540369	0.000158932	
0.0002886	0.00663781	0.0860029	0.247908	0.279654	0.222511	0.0955267	0.0415584	0.00981241	0.0034632	0.00663781	
0.0004995	0.00599401	0.038961	0.115884	0.22028	0.264236	0.203796	0.137862	0.0114885	0.0004995	0.0004995	
0.00105708	0.00105708	0.0824524	0.117336	0.128964	0.256871	0.233615	0.105708	0.0708245	0.00105708	0.00105708	
0.0021645	0.0021645	0.0735931	0.0497835	0.0974026	0.121212	0.24026	0.192641	0.0735931	0.0974026	0.0497835	
0.00363636	0.00363636	0.0836364	0.0436364	0.0436364	0.203636	0.483636	0.0436364	0.0436364	0.0436364	0.00363636	
0.004329	0.004329	0.004329	0.004329	0.004329	0.242424	0.4329	0.290043	0.004329	0.004329	0.004329	
0.0181818	0.0181818	0.218182	0.0181818	0.0181818	0.418182	0.0181818	0.0181818	0.218182	0.0181818	0.0181818	
0.0151515	0.0151515	0.0151515	0.0151515	0.181818	0.348485	0.181818	0.0151515	0.181818	0.0151515	0.0151515	
0.0181818	0.0181818	0.418182	0.218182	0.0181818	0.218182	0.0181818	0.0181818	0.0181818	0.0181818	0.0181818	


Vector Pi :

0.00149031	0.296572	0.345753	0.149031	0.116244	0.0342772	0.0178838	0.0178838	0.00149031	0.00149031	0.0178838	


Vector Phi :

0.000833347	0.461664	0.245	0.144167	0.065834	0.0333338	0.0200004	0.0166671	0.00416677	0.00500014	0.00333342	
