
Parameters: 11 states AND 11 symbols

Matrix A :

0.0909091	0.0909091	0.0909091	0.0909091	0.0909091	0.0909091	0.0909091	0.0909091	0.0909091	0.0909091	0.0909091	
0.000142491	0.859077	0.136506	0.00170989	0.00170989	0.000142491	0.000142491	0.000142491	0.000142491	0.000142491	0.000142491	
0.000257533	0.241051	0.637651	0.107906	0.00875612	0.00309039	0.000257533	0.000257533	0.000257533	0.000257533	0.000257533	
0.000693963	0.0235947	0.306037	0.573213	0.0846634	0.00832755	0.000693963	0.000693963	0.000693963	0.000693963	0.000693963	
0.0021645	0.0021645	0.0021645	0.311688	0.573593	0.0735931	0.025974	0.0021645	0.0021645	0.0021645	0.0021645	
0.00826446	0.0991736	0.0991736	0.280992	0.0991736	0.190083	0.00826446	0.0991736	0.0991736	0.00826446	0.00826446	
0.0181818	0.0181818	0.0181818	0.0181818	0.218182	0.0181818	0.618182	0.0181818	0.0181818	0.0181818	0.0181818	
0.012987	0.012987	0.012987	0.012987	0.012987	0.441558	0.012987	0.298701	0.155844	0.012987	0.012987	
0.012987	0.012987	0.012987	0.012987	0.012987	0.012987	0.012987	0.441558	0.155844	0.298701	0.012987	
0.0181818	0.0181818	0.0181818	0.0181818	0.0181818	0.0181818	0.0181818	0.0181818	0.418182	0.418182	0.0181818	
0.0181818	0.0181818	0.0181818	0.0181818	0.0181818	0.0181818	0.0181818	0.0181818	0.218182	0.0181818	0.618182	


Matrix B :

0.0909091	0.0909091	0.0909091	0.0909091	0.0909091	0.0909091	0.0909091	0.0909091	0.0909091	0.0909091	0.0909091	
0.00013468	0.554209	0.297912	0.0875421	0.0238384	0.0179125	0.0119865	0.00606061	0.00013468	0.00013468	0.00013468	
0.000246366	0.160138	0.561222	0.181818	0.0517369	0.0273466	0.00837645	0.00566642	0.00295639	0.000246366	0.000246366	
0.00066357	0.00066357	0.351029	0.380226	0.161248	0.0517585	0.0225614	0.0225614	0.00796284	0.00066357	0.00066357	
0.0021645	0.0021645	0.0497835	0.311688	0.359307	0.0735931	0.0497835	0.0497835	0.0497835	0.025974	0.025974	
0.00826446	0.00826446	0.00826446	0.644628	0.00826446	0.0991736	0.00826446	0.00826446	0.0991736	0.00826446	0.0991736	
0.0181818	0.0181818	0.0181818	0.0181818	0.218182	0.618182	0.0181818	0.0181818	0.0181818	0.0181818	0.0181818	
0.0113636	0.0113636	0.0113636	0.0113636	0.636364	0.136364	0.136364	0.0113636	0.0113636	0.0113636	0.0113636	
0.012987	0.012987	0.012987	0.012987	0.441558	0.298701	0.012987	0.155844	0.012987	0.012987	0.012987	
0.0181818	0.0181818	0.0181818	0.0181818	0.0181818	0.818182	0.0181818	0.0181818	0.0181818	0.0181818	0.0181818	
0.0181818	0.0181818	0.0181818	0.0181818	0.0181818	0.0181818	0.0181818	0.0181818	0.418182	0.418182	0.0181818	


Vector Pi :

0.00149031	0.608048	0.247392	0.099851	0.00149031	0.00149031	0.00149031	0.0178838	0.00149031	0.00149031	0.0178838	


Vector Phi :

0.000722248	0.533599	0.296105	0.108458	0.0343439	0.00843233	0.0038499	0.00479977	0.0045257	0.00335884	0.00180562	
