
Parameters: 11 states AND 11 symbols

Matrix A :

0.090909	0.090909	0.090909	0.090909	0.090909	0.090909	0.090909	0.090909	0.090909	0.090909	0.090909	
0.000322	0.755642	0.216634	0.021599	0.003868	0.000322	0.000322	0.000322	0.000322	0.000322	0.000322	
0.000494	0.353755	0.505929	0.120059	0.016798	0.000494	0.000494	0.000494	0.000494	0.000494	0.000494	
0.001151	0.039125	0.304948	0.418872	0.203682	0.013809	0.001151	0.013809	0.001151	0.001151	0.001151	
0.002331	0.002331	0.104895	0.310023	0.335664	0.181818	0.027972	0.027972	0.002331	0.002331	0.002331	
0.005348	0.005348	0.064171	0.181818	0.240642	0.240642	0.181818	0.064171	0.005348	0.005348	0.005348	
0.010101	0.010101	0.010101	0.121212	0.121212	0.232323	0.232323	0.121212	0.121212	0.010101	0.010101	
0.010101	0.010101	0.010101	0.121212	0.010101	0.232323	0.121212	0.121212	0.232323	0.121212	0.010101	
0.022727	0.022727	0.022727	0.022727	0.022727	0.022727	0.022727	0.522727	0.022727	0.272727	0.022727	
0.022727	0.022727	0.022727	0.022727	0.022727	0.022727	0.272727	0.272727	0.022727	0.022727	0.272727	
0.045455	0.045455	0.045455	0.045455	0.045455	0.045455	0.045455	0.045455	0.045455	0.545455	0.045455	


Matrix B :

0.090909	0.090909	0.090909	0.090909	0.090909	0.090909	0.090909	0.090909	0.090909	0.090909	0.090909	
0.000307	0.422604	0.388821	0.121929	0.050983	0.013821	0.000307	0.000307	0.000307	0.000307	0.000307	
0.000481	0.042809	0.534873	0.259740	0.116883	0.032227	0.011063	0.000481	0.000481	0.000481	0.000481	
0.001095	0.001095	0.121577	0.326396	0.266156	0.205915	0.037240	0.037240	0.001095	0.001095	0.001095	
0.002217	0.002217	0.002217	0.124169	0.392461	0.270510	0.075388	0.050998	0.075388	0.002217	0.002217	
0.005348	0.005348	0.005348	0.122995	0.240642	0.122995	0.240642	0.122995	0.064171	0.064171	0.005348	
0.010101	0.010101	0.010101	0.010101	0.121212	0.010101	0.232323	0.343434	0.121212	0.121212	0.010101	
0.010101	0.010101	0.010101	0.010101	0.121212	0.232323	0.232323	0.010101	0.121212	0.010101	0.232323	
0.022727	0.022727	0.022727	0.022727	0.022727	0.022727	0.272727	0.022727	0.022727	0.022727	0.522727	
0.022727	0.022727	0.022727	0.022727	0.022727	0.022727	0.022727	0.272727	0.022727	0.022727	0.522727	
0.045455	0.045455	0.045455	0.045455	0.045455	0.045455	0.045455	0.045455	0.045455	0.545455	0.045455	


Vector Pi :

0.003497	0.541958	0.195804	0.157343	0.080420	0.003497	0.003497	0.003497	0.003497	0.003497	0.003497	


Vector Phi :

0.001587	0.447619	0.292063	0.125397	0.061905	0.026984	0.014286	0.014286	0.006349	0.006349	0.003175	
