
Parameters: 11 states AND 11 symbols

Matrix A :

0.0909091	0.0909091	0.0909091	0.0909091	0.0909091	0.0909091	0.0909091	0.0909091	0.0909091	0.0909091	0.0909091	
0.000124193	0.812966	0.157228	0.0260805	0.00149031	0.000124193	0.00149031	0.000124193	0.000124193	0.000124193	0.000124193	
0.000334225	0.408422	0.404746	0.14004	0.0444519	0.000334225	0.000334225	0.000334225	0.000334225	0.000334225	0.000334225	
0.000849618	0.122345	0.318607	0.309261	0.150382	0.0475786	0.028887	0.0195412	0.000849618	0.000849618	0.000849618	
0.00193424	0.15087	0.129594	0.257253	0.193424	0.108317	0.108317	0.0444874	0.00193424	0.00193424	0.00193424	
0.00478469	0.267943	0.162679	0.162679	0.162679	0.110048	0.110048	0.00478469	0.00478469	0.00478469	0.00478469	
0.00534759	0.00534759	0.122995	0.0641711	0.240642	0.181818	0.181818	0.122995	0.0641711	0.00534759	0.00534759	
0.0113636	0.0113636	0.0113636	0.0113636	0.136364	0.136364	0.261364	0.136364	0.136364	0.0113636	0.136364	
0.030303	0.030303	0.030303	0.030303	0.030303	0.69697	0.030303	0.030303	0.030303	0.030303	0.030303	
0.0909091	0.0909091	0.0909091	0.0909091	0.0909091	0.0909091	0.0909091	0.0909091	0.0909091	0.0909091	0.0909091	
0.0454545	0.545455	0.0454545	0.0454545	0.0454545	0.0454545	0.0454545	0.0454545	0.0454545	0.0454545	0.0454545	


Matrix B :

0.0909091	0.0909091	0.0909091	0.0909091	0.0909091	0.0909091	0.0909091	0.0909091	0.0909091	0.0909091	0.0909091	
0.000118526	0.353443	0.432974	0.150053	0.0470546	0.0118526	0.00402987	0.000118526	0.000118526	0.000118526	0.000118526	
0.00031348	0.0210031	0.265831	0.441693	0.189969	0.0485893	0.0210031	0.00721003	0.00031348	0.00376176	0.00031348	
0.000819001	0.000819001	0.0638821	0.244062	0.361179	0.17199	0.0999181	0.045864	0.000819001	0.000819001	0.00982801	
0.00185529	0.00185529	0.0630798	0.103896	0.267161	0.246753	0.165121	0.0630798	0.0630798	0.0222635	0.00185529	
0.00454545	0.00454545	0.0545455	0.154545	0.204545	0.204545	0.154545	0.104545	0.0545455	0.00454545	0.0545455	
0.00534759	0.00534759	0.122995	0.122995	0.122995	0.00534759	0.0641711	0.122995	0.299465	0.0641711	0.0641711	
0.0113636	0.0113636	0.0113636	0.0113636	0.261364	0.0113636	0.136364	0.386364	0.0113636	0.0113636	0.136364	
0.030303	0.030303	0.030303	0.030303	0.363636	0.363636	0.030303	0.030303	0.030303	0.030303	0.030303	
0.0909091	0.0909091	0.0909091	0.0909091	0.0909091	0.0909091	0.0909091	0.0909091	0.0909091	0.0909091	0.0909091	
0.0454545	0.0454545	0.0454545	0.545455	0.0454545	0.0454545	0.0454545	0.0454545	0.0454545	0.0454545	0.0454545	


Vector Pi :

0.00149031	0.558867	0.312966	0.0670641	0.0342772	0.0178838	0.00149031	0.00149031	0.00149031	0.00149031	0.00149031	


Vector Phi :

0.000825173	0.607065	0.223842	0.0882712	0.0387491	0.0156721	0.0140263	0.00659903	0.00247513	0.000825173	0.00165005	
