
Parameters: 11 states AND 11 symbols

Matrix A :

0.0909091	0.0909091	0.0909091	0.0909091	0.0909091	0.0909091	0.0909091	0.0909091	0.0909091	0.0909091	0.0909091	
0.000198059	0.799762	0.163597	0.0263418	0.00891266	0.000198059	0.000198059	0.000198059	0.000198059	0.000198059	0.000198059	
0.000328192	0.278307	0.516574	0.151953	0.0364293	0.0111585	0.000328192	0.0039383	0.000328192	0.000328192	0.000328192	
0.000494071	0.0494071	0.255929	0.511364	0.141798	0.0331028	0.00592885	0.000494071	0.000494071	0.000494071	0.000494071	
0.000790514	0.0529644	0.0703557	0.235573	0.418182	0.166008	0.0529644	0.000790514	0.000790514	0.000790514	0.000790514	
0.0012285	0.0012285	0.041769	0.0958231	0.257985	0.339066	0.190418	0.041769	0.0282555	0.0012285	0.0012285	
0.00211416	0.00211416	0.00211416	0.00211416	0.141649	0.30444	0.350951	0.164905	0.02537	0.00211416	0.00211416	
0.003367	0.003367	0.003367	0.040404	0.040404	0.188552	0.188552	0.262626	0.262626	0.003367	0.003367	
0.00534759	0.00534759	0.00534759	0.00534759	0.00534759	0.0641711	0.0641711	0.417112	0.299465	0.00534759	0.122995	
0.030303	0.030303	0.030303	0.030303	0.030303	0.030303	0.030303	0.363636	0.363636	0.030303	0.030303	
0.0181818	0.0181818	0.0181818	0.0181818	0.0181818	0.0181818	0.0181818	0.0181818	0.0181818	0.418182	0.418182	


Matrix B :

0.0909091	0.0909091	0.0909091	0.0909091	0.0909091	0.0909091	0.0909091	0.0909091	0.0909091	0.0909091	0.0909091	
0.000186672	0.386224	0.316408	0.152137	0.102856	0.0268807	0.00840022	0.00634684	0.000186672	0.000186672	0.000186672	
0.000317864	0.0178004	0.451367	0.269549	0.150668	0.0527654	0.0108074	0.0212969	0.0247934	0.000317864	0.000317864	
0.000468604	0.000468604	0.0571696	0.541706	0.325211	0.0468604	0.00562324	0.0107779	0.00562324	0.000468604	0.00562324	
0.000745156	0.000745156	0.000745156	0.131893	0.402385	0.271237	0.123696	0.000745156	0.0253353	0.00894188	0.033532	
0.00118064	0.00118064	0.00118064	0.00118064	0.299882	0.273908	0.22196	0.0791027	0.0401417	0.0661157	0.0141677	
0.00197628	0.00197628	0.00197628	0.00197628	0.132411	0.262846	0.241107	0.219368	0.0454545	0.0454545	0.0454545	
0.003367	0.003367	0.003367	0.003367	0.003367	0.188552	0.373737	0.299663	0.114478	0.003367	0.003367	
0.00534759	0.00534759	0.00534759	0.00534759	0.00534759	0.0641711	0.358289	0.475936	0.00534759	0.0641711	0.00534759	
0.030303	0.030303	0.030303	0.030303	0.030303	0.030303	0.030303	0.030303	0.363636	0.363636	0.030303	
0.0181818	0.0181818	0.0181818	0.0181818	0.0181818	0.0181818	0.0181818	0.0181818	0.0181818	0.818182	0.0181818	


Vector Pi :

0.00149031	0.444113	0.149031	0.165425	0.116244	0.0670641	0.0506706	0.00149031	0.00149031	0.00149031	0.00149031	


Vector Phi :

0.000816731	0.385976	0.230917	0.15218	0.094172	0.0591737	0.0347103	0.0218267	0.0137343	0.00243842	0.00405422	
