
Parameters: 11 states AND 11 symbols

Matrix A :

0.0909091	0.0909091	0.0909091	0.0909091	0.0909091	0.0909091	0.0909091	0.0909091	0.0909091	0.0909091	0.0909091	
0.000181455	0.792597	0.187806	0.0161495	0.00217746	0.000181455	0.000181455	0.000181455	0.000181455	0.000181455	0.000181455	
0.00025113	0.262682	0.588649	0.124561	0.0223506	0.00025113	0.00025113	0.00025113	0.00025113	0.00025113	0.00025113	
0.000602047	0.0469597	0.291993	0.470801	0.15292	0.0270921	0.00722456	0.000602047	0.000602047	0.000602047	0.000602047	
0.00102145	0.0234934	0.0796731	0.28192	0.427988	0.147089	0.0234934	0.0122574	0.00102145	0.00102145	0.00102145	
0.00189394	0.00189394	0.0643939	0.0227273	0.314394	0.418561	0.106061	0.0643939	0.00189394	0.00189394	0.00189394	
0.00363636	0.00363636	0.00363636	0.00363636	0.0836364	0.323636	0.483636	0.0436364	0.0436364	0.00363636	0.00363636	
0.00826446	0.00826446	0.00826446	0.00826446	0.0991736	0.0991736	0.371901	0.0991736	0.190083	0.0991736	0.00826446	
0.0181818	0.0181818	0.0181818	0.0181818	0.0181818	0.0181818	0.0181818	0.218182	0.218182	0.218182	0.218182	
0.012987	0.012987	0.012987	0.012987	0.012987	0.012987	0.012987	0.441558	0.012987	0.298701	0.155844	
0.0181818	0.0181818	0.0181818	0.0181818	0.0181818	0.0181818	0.0181818	0.0181818	0.0181818	0.418182	0.418182	


Matrix B :

0.0909091	0.0909091	0.0909091	0.0909091	0.0909091	0.0909091	0.0909091	0.0909091	0.0909091	0.0909091	0.0909091	
0.000172503	0.392962	0.392962	0.119717	0.058996	0.026738	0.00776264	0.000172503	0.000172503	0.000172503	0.000172503	
0.000239866	0.00815543	0.483089	0.32214	0.126889	0.0503718	0.00815543	0.000239866	0.000239866	0.000239866	0.000239866	
0.000575374	0.000575374	0.0385501	0.506904	0.291715	0.10817	0.0322209	0.0132336	0.00690449	0.000575374	0.000575374	
0.000977517	0.000977517	0.000977517	0.323558	0.345064	0.173021	0.0977517	0.0332356	0.0224829	0.000977517	0.000977517	
0.00171527	0.00171527	0.00171527	0.0205832	0.303602	0.284734	0.303602	0.0394511	0.0205832	0.00171527	0.0205832	
0.0034965	0.0034965	0.0034965	0.0034965	0.041958	0.58042	0.234266	0.041958	0.0804196	0.0034965	0.0034965	
0.00826446	0.00826446	0.00826446	0.00826446	0.00826446	0.280992	0.553719	0.00826446	0.0991736	0.00826446	0.00826446	
0.0181818	0.0181818	0.0181818	0.0181818	0.0181818	0.0181818	0.418182	0.218182	0.218182	0.0181818	0.0181818	
0.012987	0.012987	0.012987	0.012987	0.012987	0.012987	0.012987	0.155844	0.298701	0.012987	0.441558	
0.0181818	0.0181818	0.0181818	0.0181818	0.0181818	0.0181818	0.0181818	0.0181818	0.418182	0.418182	0.0181818	


Vector Pi :

0.00149031	0.411326	0.280179	0.116244	0.0670641	0.099851	0.0178838	0.00149031	0.00149031	0.00149031	0.00149031	


Vector Phi :

0.000808543	0.4209	0.301631	0.124756	0.0722365	0.0374099	0.019881	0.00875383	0.00399424	0.00561313	0.00401545	
