
Parameters: 11 states AND 11 symbols

Matrix A :

0.0454545	0.0454545	0.0454545	0.0454545	0.0454545	0.0454545	0.0454545	0.0454545	0.0454545	0.0454545	0.545455	
9.90295e-05	0.938008	0.0578332	0.00118835	0.00118835	9.90295e-05	9.90295e-05	0.00118835	9.90295e-05	9.90295e-05	9.90295e-05	
0.000428816	0.245712	0.689108	0.0428816	0.0145798	0.0051458	0.000428816	0.000428816	0.000428816	0.000428816	0.000428816	
0.0031348	0.106583	0.31348	0.485893	0.0376176	0.0376176	0.0031348	0.0031348	0.0031348	0.0031348	0.0031348	
0.00699301	0.0839161	0.160839	0.237762	0.160839	0.160839	0.0839161	0.0839161	0.00699301	0.00699301	0.00699301	
0.00909091	0.00909091	0.109091	0.109091	0.209091	0.309091	0.109091	0.109091	0.00909091	0.00909091	0.00909091	
0.0151515	0.0151515	0.0151515	0.0151515	0.348485	0.0151515	0.515152	0.0151515	0.0151515	0.0151515	0.0151515	
0.012987	0.012987	0.012987	0.012987	0.155844	0.155844	0.012987	0.298701	0.155844	0.012987	0.155844	
0.030303	0.030303	0.030303	0.030303	0.030303	0.030303	0.030303	0.363636	0.363636	0.030303	0.030303	
0.0909091	0.0909091	0.0909091	0.0909091	0.0909091	0.0909091	0.0909091	0.0909091	0.0909091	0.0909091	0.0909091	
0.272727	0.0227273	0.0227273	0.0227273	0.0227273	0.272727	0.0227273	0.0227273	0.0227273	0.0227273	0.272727	


Matrix B :

0.0454545	0.0454545	0.0454545	0.0454545	0.0454545	0.545455	0.0454545	0.0454545	0.0454545	0.0454545	0.0454545	
9.4402e-05	0.257623	0.346927	0.204663	0.0956292	0.0489002	0.0198244	0.0208628	0.00528651	9.4402e-05	9.4402e-05	
0.000407664	0.0183449	0.134937	0.287403	0.206686	0.184264	0.0900938	0.0631879	0.00937627	0.00489197	0.000407664	
0.00284091	0.0340909	0.127841	0.159091	0.221591	0.0340909	0.0340909	0.0653409	0.127841	0.0965909	0.0965909	
0.00649351	0.00649351	0.0779221	0.506494	0.220779	0.0779221	0.0779221	0.00649351	0.00649351	0.00649351	0.00649351	
0.00909091	0.00909091	0.109091	0.509091	0.109091	0.00909091	0.209091	0.00909091	0.00909091	0.00909091	0.00909091	
0.0151515	0.0151515	0.0151515	0.0151515	0.348485	0.515152	0.0151515	0.0151515	0.0151515	0.0151515	0.0151515	
0.012987	0.012987	0.298701	0.298701	0.012987	0.298701	0.012987	0.012987	0.012987	0.012987	0.012987	
0.030303	0.030303	0.030303	0.030303	0.030303	0.030303	0.69697	0.030303	0.030303	0.030303	0.030303	
0.0909091	0.0909091	0.0909091	0.0909091	0.0909091	0.0909091	0.0909091	0.0909091	0.0909091	0.0909091	0.0909091	
0.0227273	0.0227273	0.0227273	0.272727	0.272727	0.0227273	0.272727	0.0227273	0.0227273	0.0227273	0.0227273	


Vector Pi :

0.00149031	0.739195	0.181818	0.0506706	0.0178838	0.00149031	0.00149031	0.00149031	0.00149031	0.00149031	0.00149031	


Vector Phi :

0.00165975	0.761826	0.175934	0.0240664	0.0107884	0.00829876	0.00497926	0.00580913	0.00248963	0.000829876	0.0033195	
