
Parameters: 11 states AND 11 symbols

Matrix A :

0.0454545	0.0454545	0.0454545	0.0454545	0.0454545	0.0454545	0.0454545	0.0454545	0.0454545	0.0454545	0.545455	
0.000104976	0.943523	0.0486038	0.00472391	0.00125971	0.00125971	0.000104976	0.000104976	0.000104976	0.000104976	0.000104976	
0.000590319	0.260331	0.565525	0.13046	0.00708383	0.0200708	0.000590319	0.00708383	0.00708383	0.000590319	0.000590319	
0.001443	0.0808081	0.287157	0.318903	0.223665	0.049062	0.017316	0.001443	0.001443	0.017316	0.001443	
0.00181818	0.00181818	0.121818	0.321818	0.381818	0.141818	0.00181818	0.00181818	0.0218182	0.00181818	0.00181818	
0.00378788	0.00378788	0.00378788	0.0871212	0.420455	0.212121	0.170455	0.0454545	0.0454545	0.00378788	0.00378788	
0.00606061	0.0727273	0.00606061	0.00606061	0.272727	0.139394	0.406061	0.0727273	0.00606061	0.00606061	0.00606061	
0.012987	0.012987	0.012987	0.012987	0.012987	0.155844	0.298701	0.298701	0.012987	0.012987	0.155844	
0.010101	0.232323	0.010101	0.010101	0.010101	0.010101	0.121212	0.010101	0.232323	0.232323	0.121212	
0.0151515	0.0151515	0.0151515	0.0151515	0.0151515	0.0151515	0.0151515	0.0151515	0.515152	0.181818	0.181818	
0.121212	0.010101	0.010101	0.010101	0.010101	0.121212	0.010101	0.121212	0.010101	0.121212	0.454545	


Matrix B :

0.0454545	0.0454545	0.0454545	0.0454545	0.0454545	0.545455	0.0454545	0.0454545	0.0454545	0.0454545	0.0454545	
0.00010001	0.389539	0.409341	0.149715	0.0386039	0.0111011	0.00120012	0.00010001	0.00010001	0.00010001	0.00010001	
0.000561167	0.0190797	0.296857	0.407969	0.198092	0.0375982	0.0314254	0.00673401	0.000561167	0.000561167	0.000561167	
0.00135685	0.00135685	0.0909091	0.329715	0.389417	0.135685	0.0312076	0.00135685	0.0162822	0.00135685	0.00135685	
0.00174825	0.00174825	0.0786713	0.270979	0.270979	0.194056	0.117133	0.00174825	0.0594406	0.00174825	0.00174825	
0.00363636	0.00363636	0.283636	0.0836364	0.243636	0.163636	0.163636	0.00363636	0.00363636	0.00363636	0.0436364	
0.00568182	0.00568182	0.0681818	0.193182	0.380682	0.130682	0.00568182	0.00568182	0.0681818	0.00568182	0.130682	
0.012987	0.012987	0.012987	0.155844	0.012987	0.441558	0.298701	0.012987	0.012987	0.012987	0.012987	
0.00909091	0.00909091	0.109091	0.209091	0.509091	0.00909091	0.00909091	0.00909091	0.109091	0.00909091	0.00909091	
0.0151515	0.0151515	0.0151515	0.181818	0.348485	0.181818	0.181818	0.0151515	0.0151515	0.0151515	0.0151515	
0.010101	0.010101	0.010101	0.121212	0.121212	0.565657	0.010101	0.121212	0.010101	0.010101	0.010101	


Vector Pi :

0.00149031	0.706408	0.132638	0.0670641	0.0342772	0.0178838	0.0178838	0.00149031	0.0178838	0.00149031	0.00149031	


Vector Phi :

0.00165977	0.718671	0.127801	0.0522824	0.041494	0.0199171	0.0124482	0.00580917	0.00746894	0.00497929	0.00746895	
