
Parameters: 11 states AND 11 symbols

Matrix A :

0.0909091	0.0909091	0.0909091	0.0909091	0.0909091	0.0909091	0.0909091	0.0909091	0.0909091	0.0909091	0.0909091	
0.00015949	0.886124	0.103668	0.00717703	0.00191388	0.00015949	0.00015949	0.00015949	0.00015949	0.00015949	0.00015949	
0.000321234	0.222936	0.646964	0.123996	0.0038548	0.000321234	0.000321234	0.000321234	0.000321234	0.000321234	0.000321234	
0.000544366	0.00653239	0.228089	0.623299	0.132281	0.000544366	0.00653239	0.000544366	0.000544366	0.000544366	0.000544366	
0.000988142	0.000988142	0.0227273	0.229249	0.598814	0.131423	0.0118577	0.000988142	0.000988142	0.000988142	0.000988142	
0.002331	0.002331	0.002331	0.0536131	0.310023	0.438228	0.156177	0.027972	0.002331	0.002331	0.002331	
0.00395257	0.00395257	0.00395257	0.00395257	0.00395257	0.351779	0.482213	0.134387	0.00395257	0.00395257	0.00395257	
0.00699301	0.00699301	0.00699301	0.00699301	0.00699301	0.00699301	0.237762	0.468531	0.160839	0.00699301	0.0839161	
0.0113636	0.0113636	0.0113636	0.0113636	0.0113636	0.136364	0.0113636	0.261364	0.511364	0.0113636	0.0113636	
0.0909091	0.0909091	0.0909091	0.0909091	0.0909091	0.0909091	0.0909091	0.0909091	0.0909091	0.0909091	0.0909091	
0.030303	0.030303	0.030303	0.030303	0.030303	0.030303	0.030303	0.030303	0.363636	0.030303	0.363636	


Matrix B :

0.0909091	0.0909091	0.0909091	0.0909091	0.0909091	0.0909091	0.0909091	0.0909091	0.0909091	0.0909091	0.0909091	
0.000152532	0.203173	0.325656	0.218273	0.125991	0.0823673	0.0320317	0.00518609	0.00686394	0.000152532	0.000152532	
0.000306091	0.0070401	0.165289	0.421182	0.225895	0.131619	0.0407101	0.0070401	0.000306091	0.000306091	0.000306091	
0.000513611	0.000513611	0.0174628	0.153056	0.316898	0.333847	0.124807	0.0457114	0.00616333	0.000513611	0.000513611	
0.000937207	0.000937207	0.000937207	0.0215558	0.238051	0.186504	0.289597	0.196813	0.0524836	0.0112465	0.000937207	
0.0021645	0.0021645	0.0021645	0.0021645	0.0735931	0.502165	0.121212	0.192641	0.0497835	0.0497835	0.0021645	
0.00395257	0.00395257	0.00395257	0.00395257	0.0909091	0.134387	0.351779	0.0909091	0.134387	0.134387	0.0474308	
0.00649351	0.00649351	0.00649351	0.00649351	0.00649351	0.149351	0.220779	0.220779	0.149351	0.0779221	0.149351	
0.0113636	0.0113636	0.0113636	0.0113636	0.0113636	0.0113636	0.0113636	0.761364	0.0113636	0.0113636	0.136364	
0.0909091	0.0909091	0.0909091	0.0909091	0.0909091	0.0909091	0.0909091	0.0909091	0.0909091	0.0909091	0.0909091	
0.0227273	0.0227273	0.0227273	0.0227273	0.0227273	0.0227273	0.0227273	0.0227273	0.772727	0.0227273	0.0227273	


Vector Pi :

0.00149031	0.42772	0.230999	0.165425	0.0834575	0.0506706	0.00149031	0.0178838	0.00149031	0.00149031	0.0178838	


Vector Phi :

0.00083368	0.47493	0.235823	0.139182	0.0766897	0.0325164	0.019178	0.0108409	0.00667147	0.00083368	0.00250154	
