
Parameters: 11 states AND 11 symbols

Matrix A :

0.090909	0.090909	0.090909	0.090909	0.090909	0.090909	0.090909	0.090909	0.090909	0.090909	0.090909	
0.000399	0.767943	0.127592	0.039872	0.026715	0.013557	0.004785	0.000399	0.009171	0.009171	0.000399	
0.000891	0.295009	0.412656	0.089127	0.118538	0.059715	0.020499	0.000891	0.000891	0.000891	0.000891	
0.001567	0.208464	0.277429	0.191223	0.139498	0.139498	0.018809	0.001567	0.001567	0.018809	0.001567	
0.001515	0.051515	0.134848	0.201515	0.284848	0.151515	0.084848	0.051515	0.018182	0.018182	0.001515	
0.001934	0.044487	0.023211	0.214700	0.172147	0.172147	0.235977	0.087041	0.023211	0.001934	0.023211	
0.002755	0.063361	0.002755	0.093664	0.154270	0.214876	0.214876	0.154270	0.002755	0.063361	0.033058	
0.003367	0.003367	0.114478	0.040404	0.151515	0.151515	0.151515	0.225589	0.077441	0.040404	0.040404	
0.006061	0.006061	0.006061	0.072727	0.006061	0.072727	0.006061	0.272727	0.272727	0.139394	0.139394	
0.005051	0.116162	0.005051	0.005051	0.005051	0.005051	0.060606	0.171717	0.227273	0.282828	0.116162	
0.005682	0.068182	0.068182	0.068182	0.005682	0.005682	0.005682	0.068182	0.005682	0.193182	0.505682	


Matrix B :

0.090909	0.090909	0.090909	0.090909	0.090909	0.090909	0.090909	0.090909	0.090909	0.090909	0.090909	
0.000382	0.210466	0.328113	0.239878	0.118029	0.038197	0.017189	0.029794	0.012987	0.004584	0.000382	
0.000842	0.056397	0.213805	0.232323	0.306397	0.130471	0.010101	0.037879	0.000842	0.000842	0.010101	
0.001541	0.018490	0.103236	0.187982	0.120185	0.255778	0.171032	0.103236	0.035439	0.001541	0.001541	
0.001443	0.001443	0.096681	0.255411	0.207792	0.128427	0.112554	0.064935	0.112554	0.017316	0.001443	
0.001818	0.001818	0.121818	0.121818	0.141818	0.301818	0.141818	0.061818	0.081818	0.001818	0.021818	
0.002674	0.002674	0.061497	0.090909	0.208556	0.149733	0.237968	0.090909	0.032086	0.090909	0.032086	
0.003135	0.003135	0.072100	0.106583	0.175549	0.244514	0.141066	0.106583	0.072100	0.072100	0.003135	
0.005682	0.005682	0.005682	0.005682	0.130682	0.130682	0.193182	0.068182	0.068182	0.193182	0.193182	
0.005051	0.005051	0.060606	0.116162	0.282828	0.282828	0.116162	0.060606	0.060606	0.005051	0.005051	
0.004785	0.004785	0.004785	0.162679	0.215311	0.215311	0.110048	0.215311	0.004785	0.057416	0.004785	


Vector Pi :

0.002933	0.325513	0.228739	0.035191	0.067449	0.099707	0.035191	0.067449	0.035191	0.002933	0.099707	


Vector Phi :

0.001660	0.374977	0.166181	0.096269	0.101371	0.078137	0.054942	0.045002	0.024933	0.029920	0.026607	
