
Parameters: 11 states AND 11 symbols

Matrix A :

0.090909	0.090909	0.090909	0.090909	0.090909	0.090909	0.090909	0.090909	0.090909	0.090909	0.090909	
0.000174	0.932996	0.055837	0.007852	0.000174	0.002094	0.000174	0.000174	0.000174	0.000174	0.000174	
0.001595	0.492823	0.370016	0.106858	0.019139	0.001595	0.001595	0.001595	0.001595	0.001595	0.001595	
0.003788	0.170455	0.170455	0.378788	0.170455	0.087121	0.003788	0.003788	0.003788	0.003788	0.003788	
0.009091	0.109091	0.109091	0.309091	0.209091	0.009091	0.109091	0.009091	0.009091	0.109091	0.009091	
0.018182	0.018182	0.218182	0.018182	0.018182	0.218182	0.218182	0.218182	0.018182	0.018182	0.018182	
0.015152	0.181818	0.015152	0.181818	0.348485	0.015152	0.181818	0.015152	0.015152	0.015152	0.015152	
0.045455	0.045455	0.045455	0.045455	0.045455	0.045455	0.045455	0.045455	0.045455	0.545455	0.045455	
0.090909	0.090909	0.090909	0.090909	0.090909	0.090909	0.090909	0.090909	0.090909	0.090909	0.090909	
0.018182	0.018182	0.018182	0.018182	0.018182	0.018182	0.218182	0.018182	0.018182	0.418182	0.218182	
0.045455	0.045455	0.045455	0.045455	0.045455	0.045455	0.545455	0.045455	0.045455	0.045455	0.045455	


Matrix B :

0.090909	0.090909	0.090909	0.090909	0.090909	0.090909	0.090909	0.090909	0.090909	0.090909	0.090909	
0.000167	0.427690	0.268057	0.137781	0.066222	0.042369	0.025855	0.009341	0.011176	0.003837	0.007506	
0.001595	0.036683	0.422648	0.159490	0.141946	0.106858	0.054226	0.036683	0.001595	0.019139	0.019139	
0.003636	0.043636	0.363636	0.163636	0.123636	0.123636	0.163636	0.003636	0.003636	0.003636	0.003636	
0.009091	0.009091	0.109091	0.009091	0.209091	0.009091	0.209091	0.309091	0.009091	0.109091	0.009091	
0.018182	0.018182	0.218182	0.418182	0.018182	0.218182	0.018182	0.018182	0.018182	0.018182	0.018182	
0.015152	0.015152	0.015152	0.181818	0.015152	0.515152	0.015152	0.181818	0.015152	0.015152	0.015152	
0.045455	0.045455	0.045455	0.545455	0.045455	0.045455	0.045455	0.045455	0.045455	0.045455	0.045455	
0.090909	0.090909	0.090909	0.090909	0.090909	0.090909	0.090909	0.090909	0.090909	0.090909	0.090909	
0.018182	0.018182	0.018182	0.018182	0.218182	0.418182	0.218182	0.018182	0.018182	0.018182	0.018182	
0.045455	0.045455	0.045455	0.045455	0.045455	0.545455	0.045455	0.045455	0.045455	0.045455	0.045455	


Vector Pi :

0.003497	0.926573	0.003497	0.041958	0.003497	0.003497	0.003497	0.003497	0.003497	0.003497	0.003497	


Vector Phi :

0.001577	0.821767	0.089905	0.037855	0.015773	0.007886	0.009464	0.003155	0.001577	0.007886	0.003155	
