
Parameters: 11 states AND 11 symbols

Matrix A :

0.0909091	0.0909091	0.0909091	0.0909091	0.0909091	0.0909091	0.0909091	0.0909091	0.0909091	0.0909091	0.0909091	
0.000107458	0.883086	0.104126	0.00838169	0.00247152	0.00128949	0.000107458	0.000107458	0.000107458	0.000107458	0.000107458	
0.000407664	0.386058	0.457807	0.125968	0.0228292	0.00489197	0.000407664	0.000407664	0.000407664	0.000407664	0.000407664	
0.00119617	0.132775	0.343301	0.303828	0.119617	0.0538278	0.027512	0.0143541	0.00119617	0.00119617	0.00119617	
0.00324675	0.0746753	0.181818	0.431818	0.038961	0.146104	0.00324675	0.11039	0.00324675	0.00324675	0.00324675	
0.00606061	0.00606061	0.0727273	0.139394	0.339394	0.206061	0.0727273	0.0727273	0.00606061	0.00606061	0.0727273	
0.0113636	0.0113636	0.0113636	0.386364	0.386364	0.0113636	0.136364	0.0113636	0.0113636	0.0113636	0.0113636	
0.012987	0.012987	0.012987	0.012987	0.298701	0.155844	0.298701	0.012987	0.012987	0.012987	0.155844	
0.0909091	0.0909091	0.0909091	0.0909091	0.0909091	0.0909091	0.0909091	0.0909091	0.0909091	0.0909091	0.0909091	
0.0909091	0.0909091	0.0909091	0.0909091	0.0909091	0.0909091	0.0909091	0.0909091	0.0909091	0.0909091	0.0909091	
0.030303	0.030303	0.030303	0.030303	0.030303	0.030303	0.363636	0.363636	0.030303	0.030303	0.030303	


Matrix B :

0.0909091	0.0909091	0.0909091	0.0909091	0.0909091	0.0909091	0.0909091	0.0909091	0.0909091	0.0909091	0.0909091	
0.000102491	0.37327	0.409347	0.141027	0.0440709	0.0192682	0.00573947	0.000102491	0.00573947	0.000102491	0.00122989	
0.000386847	0.00889749	0.302515	0.387621	0.208897	0.068472	0.0131528	0.00889749	0.000386847	0.000386847	0.000386847	
0.00110865	0.00110865	0.0620843	0.293792	0.293792	0.208426	0.0620843	0.0498891	0.0254989	0.00110865	0.00110865	
0.0031348	0.0031348	0.106583	0.0721003	0.31348	0.106583	0.175549	0.175549	0.0031348	0.0376176	0.0031348	
0.00606061	0.00606061	0.00606061	0.139394	0.206061	0.0727273	0.139394	0.139394	0.139394	0.0727273	0.0727273	
0.0113636	0.0113636	0.136364	0.136364	0.0113636	0.386364	0.136364	0.136364	0.0113636	0.0113636	0.0113636	
0.012987	0.012987	0.012987	0.155844	0.155844	0.155844	0.155844	0.012987	0.012987	0.155844	0.155844	
0.0909091	0.0909091	0.0909091	0.0909091	0.0909091	0.0909091	0.0909091	0.0909091	0.0909091	0.0909091	0.0909091	
0.0909091	0.0909091	0.0909091	0.0909091	0.0909091	0.0909091	0.0909091	0.0909091	0.0909091	0.0909091	0.0909091	
0.030303	0.030303	0.030303	0.030303	0.363636	0.030303	0.030303	0.363636	0.030303	0.030303	0.030303	


Vector Pi :

0.00149031	0.673621	0.198212	0.099851	0.0178838	0.00149031	0.00149031	0.00149031	0.00149031	0.00149031	0.00149031	


Vector Phi :

0.00082713	0.699752	0.18445	0.0628619	0.0231596	0.0124069	0.00661704	0.00578991	0.00082713	0.00082713	0.00248139	
