
Parameters: 11 states AND 11 symbols

Matrix A :

0.0909091	0.0909091	0.0909091	0.0909091	0.0909091	0.0909091	0.0909091	0.0909091	0.0909091	0.0909091	0.0909091	
0.000165893	0.801261	0.175348	0.0220637	0.000165893	0.000165893	0.000165893	0.000165893	0.000165893	0.000165893	0.000165893	
0.000272183	0.290691	0.557158	0.132009	0.0152422	0.00326619	0.000272183	0.000272183	0.000272183	0.000272183	0.000272183	
0.000575374	0.0448792	0.272727	0.481588	0.165132	0.0258918	0.00690449	0.000575374	0.000575374	0.000575374	0.000575374	
0.00105708	0.0359408	0.0940803	0.268499	0.43129	0.128964	0.0359408	0.00105708	0.00105708	0.00105708	0.00105708	
0.002331	0.002331	0.002331	0.0536131	0.361305	0.361305	0.181818	0.002331	0.027972	0.002331	0.002331	
0.004329	0.004329	0.004329	0.004329	0.147186	0.4329	0.147186	0.194805	0.0519481	0.004329	0.004329	
0.0151515	0.0151515	0.0151515	0.0151515	0.0151515	0.0151515	0.515152	0.181818	0.181818	0.0151515	0.0151515	
0.0151515	0.0151515	0.0151515	0.0151515	0.0151515	0.0151515	0.515152	0.0151515	0.0151515	0.181818	0.181818	
0.0454545	0.0454545	0.0454545	0.0454545	0.0454545	0.0454545	0.0454545	0.0454545	0.545455	0.0454545	0.0454545	
0.0227273	0.0227273	0.0227273	0.0227273	0.0227273	0.0227273	0.0227273	0.0227273	0.272727	0.0227273	0.522727	


Matrix B :

0.0909091	0.0909091	0.0909091	0.0909091	0.0909091	0.0909091	0.0909091	0.0909091	0.0909091	0.0909091	0.0909091	
0.000157555	0.371041	0.365842	0.168268	0.0556168	0.0261541	0.00708996	0.00189066	0.000157555	0.00189066	0.00189066	
0.000259	0.040145	0.564362	0.293706	0.0657861	0.023051	0.00595701	0.000259	0.000259	0.003108	0.003108	
0.000550964	0.000550964	0.158127	0.667218	0.0914601	0.061157	0.0187328	0.000550964	0.000550964	0.000550964	0.000550964	
0.00102145	0.00102145	0.00102145	0.39428	0.383044	0.135853	0.0572012	0.0122574	0.00102145	0.0122574	0.00102145	
0.0021645	0.0021645	0.0021645	0.0021645	0.430736	0.24026	0.121212	0.145022	0.0021645	0.025974	0.025974	
0.004329	0.004329	0.004329	0.004329	0.0995671	0.480519	0.194805	0.0995671	0.0519481	0.004329	0.0519481	
0.012987	0.012987	0.012987	0.012987	0.012987	0.441558	0.012987	0.298701	0.155844	0.012987	0.012987	
0.0151515	0.0151515	0.0151515	0.0151515	0.0151515	0.0151515	0.348485	0.515152	0.0151515	0.0151515	0.0151515	
0.0454545	0.0454545	0.0454545	0.0454545	0.0454545	0.0454545	0.0454545	0.0454545	0.545455	0.0454545	0.0454545	
0.0227273	0.0227273	0.0227273	0.0227273	0.0227273	0.0227273	0.0227273	0.272727	0.522727	0.0227273	0.0227273	


Vector Pi :

0.00149031	0.493294	0.280179	0.116244	0.0506706	0.0342772	0.00149031	0.0178838	0.00149031	0.00149031	0.00149031	


Vector Phi :

0.000855078	0.449493	0.275995	0.131851	0.0732645	0.0346754	0.0182873	0.00520604	0.00520532	0.00172263	0.00344526	
