
Parameters: 11 states AND 11 symbols

Matrix A :

0.0909091	0.0909091	0.0909091	0.0909091	0.0909091	0.0909091	0.0909091	0.0909091	0.0909091	0.0909091	0.0909091	
0.000152277	0.827623	0.160956	0.00685244	0.00350236	0.000152277	0.000152277	0.000152277	0.000152277	0.000152277	0.000152277	
0.000261233	0.256008	0.586468	0.143939	0.00600836	0.00600836	0.000261233	0.000261233	0.000261233	0.000261233	0.000261233	
0.000622665	0.0759651	0.301993	0.486924	0.117061	0.00747198	0.00747198	0.000622665	0.000622665	0.000622665	0.000622665	
0.00171527	0.00171527	0.058319	0.32247	0.435678	0.114923	0.058319	0.00171527	0.00171527	0.00171527	0.00171527	
0.00505051	0.0606061	0.0606061	0.0606061	0.338384	0.171717	0.171717	0.116162	0.00505051	0.00505051	0.00505051	
0.00606061	0.00606061	0.00606061	0.0727273	0.0727273	0.272727	0.272727	0.206061	0.00606061	0.0727273	0.00606061	
0.00909091	0.00909091	0.00909091	0.109091	0.109091	0.109091	0.209091	0.00909091	0.409091	0.00909091	0.00909091	
0.00826446	0.00826446	0.00826446	0.00826446	0.00826446	0.00826446	0.0991736	0.371901	0.371901	0.0991736	0.00826446	
0.030303	0.030303	0.030303	0.030303	0.030303	0.030303	0.030303	0.030303	0.363636	0.030303	0.363636	
0.030303	0.030303	0.030303	0.030303	0.030303	0.030303	0.030303	0.030303	0.363636	0.030303	0.363636	


Matrix B :

0.0909091	0.0909091	0.0909091	0.0909091	0.0909091	0.0909091	0.0909091	0.0909091	0.0909091	0.0909091	0.0909091	
0.000145921	0.252152	0.419087	0.181526	0.0916387	0.0338538	0.0113819	0.00496133	0.00335619	0.00175106	0.000145921	
0.000247036	0.0518775	0.413291	0.282856	0.133399	0.076334	0.0328557	0.00296443	0.00296443	0.000247036	0.00296443	
0.000582751	0.000582751	0.0967366	0.494172	0.269814	0.0582751	0.0582751	0.0198135	0.000582751	0.000582751	0.000582751	
0.00162338	0.00162338	0.00162338	0.162338	0.537338	0.233766	0.0373377	0.0194805	0.00162338	0.00162338	0.00162338	
0.00478469	0.00478469	0.00478469	0.110048	0.162679	0.267943	0.373206	0.0574163	0.00478469	0.00478469	0.00478469	
0.00606061	0.00606061	0.00606061	0.00606061	0.272727	0.406061	0.206061	0.00606061	0.0727273	0.00606061	0.00606061	
0.00909091	0.00909091	0.00909091	0.00909091	0.00909091	0.309091	0.509091	0.00909091	0.00909091	0.109091	0.00909091	
0.00826446	0.00826446	0.00826446	0.00826446	0.00826446	0.00826446	0.46281	0.280992	0.00826446	0.00826446	0.190083	
0.030303	0.030303	0.030303	0.030303	0.030303	0.030303	0.69697	0.030303	0.030303	0.030303	0.030303	
0.030303	0.030303	0.030303	0.030303	0.030303	0.030303	0.030303	0.69697	0.030303	0.030303	0.030303	


Vector Pi :

0.00149031	0.444113	0.312966	0.165425	0.0506706	0.0178838	0.00149031	0.00149031	0.00149031	0.00149031	0.00149031	


Vector Phi :

0.000832193	0.493103	0.290298	0.121668	0.0441355	0.0149929	0.0124914	0.00832641	0.00915764	0.00249747	0.00249702	
