
Parameters: 11 states AND 11 symbols

Matrix A :

0.0909091	0.0909091	0.0909091	0.0909091	0.0909091	0.0909091	0.0909091	0.0909091	0.0909091	0.0909091	0.0909091	
0.000102838	0.935623	0.0555327	0.00689017	0.000102838	0.00123406	0.000102838	0.000102838	0.000102838	0.000102838	0.000102838	
0.000450045	0.262826	0.658866	0.0648065	0.000450045	0.00540054	0.000450045	0.00540054	0.000450045	0.000450045	0.000450045	
0.00154083	0.0523883	0.306626	0.493066	0.0862866	0.0354391	0.01849	0.00154083	0.00154083	0.00154083	0.00154083	
0.00478469	0.00478469	0.0574163	0.373206	0.478469	0.0574163	0.00478469	0.00478469	0.00478469	0.00478469	0.00478469	
0.00757576	0.00757576	0.00757576	0.0909091	0.257576	0.257576	0.174242	0.0909091	0.00757576	0.00757576	0.0909091	
0.010101	0.010101	0.010101	0.010101	0.010101	0.343434	0.343434	0.232323	0.010101	0.010101	0.010101	
0.010101	0.121212	0.010101	0.121212	0.010101	0.010101	0.121212	0.343434	0.010101	0.010101	0.232323	
0.0454545	0.0454545	0.0454545	0.545455	0.0454545	0.0454545	0.0454545	0.0454545	0.0454545	0.0454545	0.0454545	
0.0909091	0.0909091	0.0909091	0.0909091	0.0909091	0.0909091	0.0909091	0.0909091	0.0909091	0.0909091	0.0909091	
0.012987	0.012987	0.012987	0.012987	0.012987	0.012987	0.155844	0.155844	0.155844	0.012987	0.441558	


Matrix B :

0.0909091	0.0909091	0.0909091	0.0909091	0.0909091	0.0909091	0.0909091	0.0909091	0.0909091	0.0909091	0.0909091	
0.00117555	0.153115	0.272727	0.232857	0.192986	0.0960031	0.0345807	0.0108738	0.00117555	0.00225313	0.00225313	
0.0004329	0.0004329	0.0766234	0.109957	0.214719	0.205195	0.229004	0.0813853	0.0337662	0.0385281	0.00995671	
0.001443	0.001443	0.049062	0.207792	0.0966811	0.0808081	0.128427	0.0966811	0.191919	0.112554	0.033189	
0.00478469	0.00478469	0.0574163	0.162679	0.110048	0.267943	0.162679	0.110048	0.110048	0.00478469	0.00478469	
0.00649351	0.00649351	0.00649351	0.00649351	0.292208	0.292208	0.149351	0.220779	0.00649351	0.00649351	0.00649351	
0.010101	0.010101	0.121212	0.232323	0.454545	0.121212	0.010101	0.010101	0.010101	0.010101	0.010101	
0.00826446	0.00826446	0.00826446	0.190083	0.371901	0.280992	0.0991736	0.00826446	0.00826446	0.00826446	0.00826446	
0.0454545	0.0454545	0.0454545	0.0454545	0.545455	0.0454545	0.0454545	0.0454545	0.0454545	0.0454545	0.0454545	
0.0909091	0.0909091	0.0909091	0.0909091	0.0909091	0.0909091	0.0909091	0.0909091	0.0909091	0.0909091	0.0909091	
0.012987	0.012987	0.012987	0.155844	0.012987	0.155844	0.012987	0.584416	0.012987	0.012987	0.012987	


Vector Pi :

0.00149031	0.706408	0.132638	0.0670641	0.0178838	0.0342772	0.00149031	0.0342772	0.00149031	0.00149031	0.00149031	


Vector Phi :

0.000797236	0.739867	0.166593	0.047132	0.0136453	0.00956108	0.0071881	0.00722383	0.00159706	0.000797236	0.00559876	
