
Parameters: 11 states AND 11 symbols

Matrix A :

0.0909091	0.0909091	0.0909091	0.0909091	0.0909091	0.0909091	0.0909091	0.0909091	0.0909091	0.0909091	0.0909091	
0.000122026	0.900793	0.0900549	0.00280659	0.00146431	0.00146431	0.000122026	0.000122026	0.000122026	0.00146431	0.00146431	
0.000325839	0.240469	0.623982	0.129358	0.000325839	0.00391007	0.000325839	0.000325839	0.000325839	0.000325839	0.000325839	
0.000865801	0.0484848	0.28658	0.524675	0.124675	0.0103896	0.000865801	0.000865801	0.000865801	0.000865801	0.000865801	
0.0026738	0.0320856	0.120321	0.26738	0.385027	0.149733	0.0320856	0.0026738	0.0026738	0.0026738	0.0026738	
0.00505051	0.00505051	0.0606061	0.116162	0.338384	0.227273	0.171717	0.0606061	0.00505051	0.00505051	0.00505051	
0.0113636	0.0113636	0.0113636	0.0113636	0.0113636	0.511364	0.386364	0.0113636	0.0113636	0.0113636	0.0113636	
0.0454545	0.0454545	0.0454545	0.0454545	0.0454545	0.545455	0.0454545	0.0454545	0.0454545	0.0454545	0.0454545	
0.0227273	0.272727	0.0227273	0.0227273	0.0227273	0.0227273	0.0227273	0.0227273	0.272727	0.272727	0.0227273	
0.0227273	0.0227273	0.272727	0.0227273	0.0227273	0.0227273	0.0227273	0.0227273	0.522727	0.0227273	0.0227273	
0.0181818	0.0181818	0.0181818	0.0181818	0.0181818	0.0181818	0.0181818	0.0181818	0.0181818	0.218182	0.618182	


Matrix B :

0.0909091	0.0909091	0.0909091	0.0909091	0.0909091	0.0909091	0.0909091	0.0909091	0.0909091	0.0909091	0.0909091	
0.000117	0.276822	0.345033	0.225342	0.104364	0.036153	0.00783901	0.000117	0.001404	0.002691	0.000117	
0.000308166	0.0172573	0.217257	0.261325	0.207088	0.186749	0.0748844	0.024037	0.00708783	0.003698	0.000308166	
0.000797448	0.00956938	0.123604	0.185008	0.228868	0.167464	0.141148	0.0709729	0.0358852	0.00956938	0.0271132	
0.0026738	0.0026738	0.0320856	0.296791	0.355615	0.149733	0.0614973	0.0320856	0.0026738	0.0026738	0.0614973	
0.00478469	0.0574163	0.0574163	0.110048	0.320574	0.267943	0.0574163	0.0574163	0.0574163	0.00478469	0.00478469	
0.0113636	0.0113636	0.0113636	0.136364	0.136364	0.136364	0.511364	0.0113636	0.0113636	0.0113636	0.0113636	
0.0454545	0.0454545	0.545455	0.0454545	0.0454545	0.0454545	0.0454545	0.0454545	0.0454545	0.0454545	0.0454545	
0.0227273	0.0227273	0.0227273	0.272727	0.272727	0.272727	0.0227273	0.0227273	0.0227273	0.0227273	0.0227273	
0.0181818	0.0181818	0.0181818	0.0181818	0.618182	0.0181818	0.218182	0.0181818	0.0181818	0.0181818	0.0181818	
0.0151515	0.0151515	0.0151515	0.0151515	0.0151515	0.0151515	0.0151515	0.181818	0.681818	0.0151515	0.0151515	


Vector Pi :

0.00149031	0.509687	0.280179	0.149031	0.00149031	0.0178838	0.00149031	0.00149031	0.00149031	0.0178838	0.0178838	


Vector Phi :

0.000827386	0.621245	0.229478	0.0864815	0.0280485	0.0148666	0.00660818	0.00165331	0.00331734	0.00332124	0.00415318	
