
Parameters: 11 states AND 11 symbols

Matrix A :

0.090909	0.090909	0.090909	0.090909	0.090909	0.090909	0.090909	0.090909	0.090909	0.090909	0.090909	
0.000404	0.689293	0.267071	0.035960	0.004848	0.000404	0.000404	0.000404	0.000404	0.000404	0.000404	
0.000435	0.301870	0.493258	0.177468	0.024358	0.000435	0.000435	0.000435	0.000435	0.000435	0.000435	
0.000812	0.045455	0.366883	0.456169	0.125812	0.000812	0.000812	0.000812	0.000812	0.000812	0.000812	
0.002020	0.024242	0.090909	0.290909	0.402020	0.090909	0.090909	0.002020	0.002020	0.002020	0.002020	
0.006993	0.006993	0.006993	0.160839	0.314685	0.314685	0.160839	0.006993	0.006993	0.006993	0.006993	
0.006061	0.006061	0.006061	0.006061	0.139394	0.272727	0.472727	0.006061	0.072727	0.006061	0.006061	
0.090909	0.090909	0.090909	0.090909	0.090909	0.090909	0.090909	0.090909	0.090909	0.090909	0.090909	
0.030303	0.030303	0.030303	0.030303	0.030303	0.030303	0.363636	0.030303	0.030303	0.363636	0.030303	
0.045455	0.045455	0.045455	0.045455	0.045455	0.045455	0.045455	0.045455	0.045455	0.045455	0.545455	
0.022727	0.022727	0.022727	0.022727	0.022727	0.022727	0.022727	0.022727	0.272727	0.022727	0.522727	


Matrix B :

0.090909	0.090909	0.090909	0.090909	0.090909	0.090909	0.090909	0.090909	0.090909	0.090909	0.090909	
0.000380	0.757703	0.238874	0.000380	0.000380	0.000380	0.000380	0.000380	0.000380	0.000380	0.000380	
0.000425	0.000425	0.748088	0.248088	0.000425	0.000425	0.000425	0.000425	0.000425	0.000425	0.000425	
0.000784	0.000784	0.000784	0.854232	0.138715	0.000784	0.000784	0.000784	0.000784	0.000784	0.000784	
0.001934	0.001934	0.001934	0.001934	0.682785	0.299807	0.001934	0.001934	0.001934	0.001934	0.001934	
0.006993	0.006993	0.006993	0.006993	0.006993	0.545455	0.391608	0.006993	0.006993	0.006993	0.006993	
0.006061	0.006061	0.006061	0.006061	0.006061	0.006061	0.606061	0.339394	0.006061	0.006061	0.006061	
0.090909	0.090909	0.090909	0.090909	0.090909	0.090909	0.090909	0.090909	0.090909	0.090909	0.090909	
0.030303	0.030303	0.030303	0.030303	0.030303	0.030303	0.030303	0.030303	0.696970	0.030303	0.030303	
0.045455	0.045455	0.045455	0.045455	0.045455	0.045455	0.045455	0.045455	0.045455	0.045455	0.545455	
0.022727	0.022727	0.022727	0.022727	0.022727	0.022727	0.022727	0.022727	0.022727	0.022727	0.772727	


Vector Pi :

0.003497	0.541958	0.195804	0.157343	0.080420	0.003497	0.003497	0.003497	0.003497	0.003497	0.003497	


Vector Phi :

0.001587	0.357143	0.331746	0.177778	0.071429	0.020635	0.023810	0.001587	0.004762	0.003175	0.006349	
