
Parameters: 11 states AND 11 symbols

Matrix A :

0.090909	0.090909	0.090909	0.090909	0.090909	0.090909	0.090909	0.090909	0.090909	0.090909	0.090909	
0.000413	0.550413	0.336777	0.082231	0.023140	0.000413	0.004959	0.000413	0.000413	0.000413	0.000413	
0.000602	0.497291	0.305238	0.146297	0.020470	0.027092	0.000602	0.000602	0.000602	0.000602	0.000602	
0.001299	0.287013	0.287013	0.244156	0.129870	0.015584	0.015584	0.015584	0.001299	0.001299	0.001299	
0.002597	0.088312	0.259740	0.288312	0.316883	0.031169	0.002597	0.002597	0.002597	0.002597	0.002597	
0.006494	0.006494	0.077922	0.149351	0.363636	0.149351	0.077922	0.149351	0.006494	0.006494	0.006494	
0.018182	0.018182	0.018182	0.018182	0.018182	0.618182	0.018182	0.218182	0.018182	0.018182	0.018182	
0.015152	0.015152	0.015152	0.015152	0.181818	0.348485	0.181818	0.015152	0.181818	0.015152	0.015152	
0.030303	0.030303	0.030303	0.030303	0.030303	0.030303	0.030303	0.030303	0.363636	0.363636	0.030303	
0.045455	0.045455	0.045455	0.045455	0.045455	0.045455	0.045455	0.045455	0.045455	0.045455	0.545455	
0.045455	0.045455	0.045455	0.045455	0.045455	0.045455	0.045455	0.545455	0.045455	0.045455	0.045455	


Matrix B :

0.090909	0.090909	0.090909	0.090909	0.090909	0.090909	0.090909	0.090909	0.090909	0.090909	0.090909	
0.000399	0.408293	0.346890	0.162679	0.053030	0.013557	0.004785	0.009171	0.000399	0.000399	0.000399	
0.000590	0.344746	0.383707	0.104486	0.123967	0.026564	0.013577	0.000590	0.000590	0.000590	0.000590	
0.001166	0.116550	0.642191	0.142191	0.078089	0.013986	0.001166	0.001166	0.001166	0.001166	0.001166	
0.002525	0.002525	0.530303	0.252525	0.113636	0.058081	0.030303	0.002525	0.002525	0.002525	0.002525	
0.006494	0.006494	0.149351	0.649351	0.006494	0.077922	0.077922	0.006494	0.006494	0.006494	0.006494	
0.018182	0.018182	0.018182	0.618182	0.018182	0.018182	0.218182	0.018182	0.018182	0.018182	0.018182	
0.015152	0.015152	0.015152	0.348485	0.181818	0.015152	0.015152	0.015152	0.181818	0.015152	0.181818	
0.030303	0.030303	0.030303	0.030303	0.696970	0.030303	0.030303	0.030303	0.030303	0.030303	0.030303	
0.045455	0.045455	0.045455	0.045455	0.545455	0.045455	0.045455	0.045455	0.045455	0.045455	0.045455	
0.045455	0.045455	0.045455	0.045455	0.045455	0.545455	0.045455	0.045455	0.045455	0.045455	0.045455	


Vector Pi :

0.004329	0.385281	0.147186	0.385281	0.051948	0.004329	0.004329	0.004329	0.004329	0.004329	0.004329	


Vector Phi :

0.001965	0.432220	0.296660	0.137525	0.068762	0.027505	0.009823	0.011788	0.005894	0.003929	0.003929	
