
Parameters: 11 states AND 11 symbols

Matrix A :

0.045455	0.045455	0.045455	0.045455	0.045455	0.045455	0.045455	0.045455	0.045455	0.545455	0.045455	
0.000532	0.731526	0.234450	0.029771	0.000532	0.000532	0.000532	0.000532	0.000532	0.000532	0.000532	
0.000636	0.273363	0.483153	0.189447	0.042594	0.007629	0.000636	0.000636	0.000636	0.000636	0.000636	
0.000891	0.059715	0.295009	0.451872	0.138146	0.040107	0.010695	0.000891	0.000891	0.000891	0.000891	
0.001684	0.001684	0.057239	0.297980	0.390572	0.168350	0.075758	0.001684	0.001684	0.001684	0.001684	
0.002597	0.002597	0.002597	0.145455	0.288312	0.345455	0.174026	0.031169	0.002597	0.002597	0.002597	
0.003636	0.003636	0.003636	0.083636	0.083636	0.243636	0.323636	0.163636	0.083636	0.003636	0.003636	
0.007576	0.007576	0.007576	0.007576	0.007576	0.174242	0.340909	0.340909	0.090909	0.007576	0.007576	
0.015152	0.015152	0.015152	0.015152	0.015152	0.015152	0.015152	0.348485	0.181818	0.181818	0.181818	
0.030303	0.030303	0.030303	0.030303	0.030303	0.030303	0.363636	0.030303	0.363636	0.030303	0.030303	
0.545455	0.045455	0.045455	0.045455	0.045455	0.045455	0.045455	0.045455	0.045455	0.045455	0.045455	


Matrix B :

0.045455	0.045455	0.045455	0.045455	0.045455	0.045455	0.045455	0.045455	0.045455	0.545455	0.045455	
0.000514	0.407293	0.322548	0.119158	0.073960	0.040062	0.011813	0.006163	0.017463	0.000514	0.000514	
0.000610	0.047590	0.396583	0.349603	0.128127	0.040879	0.034167	0.000610	0.000610	0.000610	0.000610	
0.000866	0.000866	0.124675	0.419913	0.258009	0.096104	0.067532	0.029437	0.000866	0.000866	0.000866	
0.001595	0.001595	0.001595	0.106858	0.405104	0.299841	0.177033	0.001595	0.001595	0.001595	0.001595	
0.002525	0.002525	0.002525	0.030303	0.141414	0.363636	0.252525	0.058081	0.113636	0.030303	0.002525	
0.040404	0.003367	0.003367	0.077441	0.003367	0.262626	0.188552	0.262626	0.077441	0.040404	0.040404	
0.006993	0.006993	0.006993	0.006993	0.237762	0.006993	0.237762	0.314685	0.160839	0.006993	0.006993	
0.015152	0.015152	0.015152	0.015152	0.015152	0.015152	0.015152	0.181818	0.515152	0.181818	0.015152	
0.030303	0.030303	0.030303	0.030303	0.030303	0.030303	0.030303	0.030303	0.030303	0.696970	0.030303	
0.045455	0.045455	0.045455	0.045455	0.045455	0.045455	0.045455	0.045455	0.545455	0.045455	0.045455	


Vector Pi :

0.003953	0.264822	0.264822	0.134387	0.134387	0.047431	0.090909	0.047431	0.003953	0.003953	0.003953	


Vector Phi :

0.003604	0.308108	0.257658	0.183784	0.097297	0.063063	0.045045	0.021622	0.010811	0.005405	0.003604	
