
Parameters: 11 states AND 11 symbols

Matrix A :

0.0909091	0.0909091	0.0909091	0.0909091	0.0909091	0.0909091	0.0909091	0.0909091	0.0909091	0.0909091	0.0909091	
0.000175162	0.639867	0.273778	0.0695393	0.0117359	0.00402873	0.000175162	0.000175162	0.000175162	0.000175162	0.000175162	
0.000282326	0.416431	0.345003	0.167984	0.0530774	0.0095991	0.00338792	0.00338792	0.000282326	0.000282326	0.000282326	
0.0004914	0.232924	0.265356	0.297789	0.11941	0.0437346	0.0275184	0.0113022	0.0004914	0.0004914	0.0004914	
0.000988142	0.0988142	0.153162	0.305336	0.229249	0.142292	0.0335968	0.0335968	0.000988142	0.000988142	0.000988142	
0.00206612	0.0247934	0.0702479	0.161157	0.38843	0.229339	0.0929752	0.00206612	0.0247934	0.00206612	0.00206612	
0.00505051	0.00505051	0.0606061	0.0606061	0.282828	0.227273	0.0606061	0.0606061	0.0606061	0.0606061	0.116162	
0.00649351	0.00649351	0.0779221	0.00649351	0.0779221	0.220779	0.149351	0.292208	0.0779221	0.0779221	0.00649351	
0.012987	0.012987	0.012987	0.298701	0.155844	0.012987	0.155844	0.155844	0.155844	0.012987	0.012987	
0.0227273	0.0227273	0.0227273	0.0227273	0.272727	0.0227273	0.0227273	0.272727	0.272727	0.0227273	0.0227273	
0.030303	0.030303	0.030303	0.030303	0.030303	0.030303	0.030303	0.030303	0.363636	0.363636	0.030303	


Matrix B :

0.0909091	0.0909091	0.0909091	0.0909091	0.0909091	0.0909091	0.0909091	0.0909091	0.0909091	0.0909091	0.0909091	
0.000165893	0.403451	0.334107	0.133378	0.0822827	0.0311878	0.00746516	0.00199071	0.00381553	0.000165893	0.00199071	
0.000273	0.024297	0.555829	0.246519	0.0993721	0.033306	0.015288	0.018291	0.003276	0.003276	0.000273	
0.000473485	0.000473485	0.13589	0.547348	0.19839	0.0681818	0.0421402	0.00568182	0.000473485	0.000473485	0.000473485	
0.000918274	0.000918274	0.0110193	0.263545	0.465565	0.152433	0.0514233	0.0312213	0.0110193	0.0110193	0.000918274	
0.00193424	0.00193424	0.00193424	0.0232108	0.427466	0.235977	0.15087	0.129594	0.0232108	0.00193424	0.00193424	
0.00454545	0.00454545	0.00454545	0.00454545	0.154545	0.354545	0.304545	0.104545	0.0545455	0.00454545	0.00454545	
0.00606061	0.00606061	0.00606061	0.00606061	0.0727273	0.339394	0.406061	0.0727273	0.0727273	0.00606061	0.00606061	
0.012987	0.012987	0.012987	0.012987	0.012987	0.012987	0.441558	0.155844	0.012987	0.155844	0.155844	
0.0227273	0.0227273	0.0227273	0.0227273	0.0227273	0.0227273	0.272727	0.272727	0.272727	0.0227273	0.0227273	
0.030303	0.030303	0.030303	0.030303	0.030303	0.030303	0.030303	0.030303	0.030303	0.363636	0.363636	


Vector Pi :

0.00149031	0.460507	0.181818	0.132638	0.116244	0.0506706	0.0342772	0.0178838	0.00149031	0.00149031	0.00149031	


Vector Phi :

0.000824562	0.430877	0.266448	0.151866	0.0758405	0.036256	0.0148205	0.0115332	0.00576725	0.00329548	0.00247128	
