
Parameters: 11 states AND 11 symbols

Matrix A :

0.0909091	0.0909091	0.0909091	0.0909091	0.0909091	0.0909091	0.0909091	0.0909091	0.0909091	0.0909091	0.0909091	
0.000175162	0.878788	0.108075	0.0117359	0.000175162	0.000175162	0.000175162	0.000175162	0.000175162	0.000175162	0.000175162	
0.000305064	0.19158	0.681513	0.12111	0.00366077	0.000305064	0.000305064	0.000305064	0.000305064	0.000305064	0.000305064	
0.000575374	0.0258918	0.234753	0.551208	0.165132	0.0195627	0.000575374	0.000575374	0.000575374	0.000575374	0.000575374	
0.00094697	0.0113636	0.0113636	0.27178	0.52178	0.157197	0.0217803	0.00094697	0.00094697	0.00094697	0.00094697	
0.00162338	0.00162338	0.00162338	0.0373377	0.251623	0.519481	0.144481	0.0373377	0.00162338	0.00162338	0.00162338	
0.00324675	0.00324675	0.00324675	0.00324675	0.146104	0.288961	0.324675	0.217532	0.00324675	0.00324675	0.00324675	
0.00413223	0.00413223	0.00413223	0.00413223	0.00413223	0.00413223	0.367769	0.367769	0.231405	0.00413223	0.00413223	
0.00606061	0.00606061	0.00606061	0.00606061	0.00606061	0.00606061	0.00606061	0.339394	0.539394	0.00606061	0.0727273	
0.0454545	0.0454545	0.0454545	0.0454545	0.0454545	0.0454545	0.0454545	0.0454545	0.545455	0.0454545	0.0454545	
0.0181818	0.0181818	0.0181818	0.0181818	0.0181818	0.0181818	0.0181818	0.0181818	0.0181818	0.218182	0.618182	


Matrix B :

0.0909091	0.0909091	0.0909091	0.0909091	0.0909091	0.0909091	0.0909091	0.0909091	0.0909091	0.0909091	0.0909091	
0.000166806	0.211176	0.308424	0.225855	0.130442	0.0882402	0.0295246	0.00567139	0.000166806	0.000166806	0.000166806	
0.000293255	0.0131965	0.203519	0.390616	0.193842	0.116422	0.0583578	0.00997067	0.0131965	0.000293255	0.000293255	
0.000547645	0.000547645	0.133078	0.133078	0.307777	0.229463	0.139102	0.0487404	0.000547645	0.00657174	0.000547645	
0.000909091	0.000909091	0.0509091	0.0809091	0.140909	0.220909	0.250909	0.100909	0.120909	0.0309091	0.000909091	
0.00146628	0.00146628	0.00146628	0.0337243	0.0821114	0.27566	0.11437	0.227273	0.146628	0.0821114	0.0337243	
0.0031348	0.0031348	0.0031348	0.0376176	0.0721003	0.175549	0.244514	0.106583	0.0376176	0.106583	0.210031	
0.00395257	0.00395257	0.00395257	0.00395257	0.00395257	0.00395257	0.221344	0.438735	0.134387	0.134387	0.0474308	
0.00568182	0.00568182	0.00568182	0.00568182	0.00568182	0.00568182	0.00568182	0.193182	0.380682	0.318182	0.0681818	
0.0454545	0.0454545	0.0454545	0.0454545	0.0454545	0.0454545	0.0454545	0.0454545	0.0454545	0.0454545	0.545455	
0.0151515	0.0151515	0.0151515	0.0151515	0.0151515	0.0151515	0.0151515	0.0151515	0.0151515	0.515152	0.348485	


Vector Pi :

0.00149031	0.42772	0.198212	0.132638	0.0670641	0.099851	0.0178838	0.0178838	0.0178838	0.00149031	0.0178838	


Vector Phi :

0.000833989	0.432369	0.248296	0.131685	0.0800396	0.0467022	0.0233585	0.018357	0.0125178	0.00166853	0.00417224	
