
Parameters: 11 states AND 11 symbols

Matrix A :

0.0909091	0.0909091	0.0909091	0.0909091	0.0909091	0.0909091	0.0909091	0.0909091	0.0909091	0.0909091	0.0909091	
9.0009e-05	0.935734	0.0575158	0.0060306	9.0009e-05	9.0009e-05	9.0009e-05	9.0009e-05	9.0009e-05	9.0009e-05	9.0009e-05	
0.000644745	0.426177	0.411992	0.107028	0.0219213	0.00773694	0.00773694	0.000644745	0.00773694	0.00773694	0.000644745	
0.0030303	0.069697	0.50303	0.136364	0.20303	0.0363636	0.0030303	0.0030303	0.0363636	0.0030303	0.0030303	
0.00757576	0.0909091	0.424242	0.257576	0.0909091	0.00757576	0.00757576	0.00757576	0.00757576	0.00757576	0.0909091	
0.0227273	0.272727	0.272727	0.0227273	0.272727	0.0227273	0.0227273	0.0227273	0.0227273	0.0227273	0.0227273	
0.030303	0.030303	0.363636	0.030303	0.030303	0.030303	0.363636	0.030303	0.030303	0.030303	0.030303	
0.0909091	0.0909091	0.0909091	0.0909091	0.0909091	0.0909091	0.0909091	0.0909091	0.0909091	0.0909091	0.0909091	
0.030303	0.030303	0.363636	0.030303	0.030303	0.363636	0.030303	0.030303	0.030303	0.030303	0.030303	
0.0454545	0.0454545	0.545455	0.0454545	0.0454545	0.0454545	0.0454545	0.0454545	0.0454545	0.0454545	0.0454545	
0.0454545	0.0454545	0.0454545	0.545455	0.0454545	0.0454545	0.0454545	0.0454545	0.0454545	0.0454545	0.0454545	


Matrix B :

0.0909091	0.0909091	0.0909091	0.0909091	0.0909091	0.0909091	0.0909091	0.0909091	0.0909091	0.0909091	0.0909091	
8.56018e-05	0.250556	0.355076	0.238315	0.0801233	0.0368088	0.0292758	0.0047937	0.0047937	8.56018e-05	8.56018e-05	
0.000622665	0.0280199	0.165006	0.260897	0.301993	0.12391	0.0622665	0.0211706	0.0143213	0.00747198	0.0143213	
0.00284091	0.0653409	0.127841	0.377841	0.190341	0.127841	0.0653409	0.00284091	0.00284091	0.00284091	0.0340909	
0.00757576	0.00757576	0.0909091	0.257576	0.257576	0.174242	0.00757576	0.174242	0.00757576	0.00757576	0.00757576	
0.0227273	0.0227273	0.0227273	0.272727	0.522727	0.0227273	0.0227273	0.0227273	0.0227273	0.0227273	0.0227273	
0.0227273	0.0227273	0.0227273	0.272727	0.522727	0.0227273	0.0227273	0.0227273	0.0227273	0.0227273	0.0227273	
0.0909091	0.0909091	0.0909091	0.0909091	0.0909091	0.0909091	0.0909091	0.0909091	0.0909091	0.0909091	0.0909091	
0.030303	0.030303	0.030303	0.69697	0.030303	0.030303	0.030303	0.030303	0.030303	0.030303	0.030303	
0.0454545	0.0454545	0.0454545	0.0454545	0.545455	0.0454545	0.0454545	0.0454545	0.0454545	0.0454545	0.0454545	
0.0454545	0.0454545	0.0454545	0.0454545	0.545455	0.0454545	0.0454545	0.0454545	0.0454545	0.0454545	0.0454545	


Vector Pi :

0.00149031	0.853949	0.0834575	0.0342772	0.00149031	0.00149031	0.0178838	0.00149031	0.00149031	0.00149031	0.00149031	


Vector Phi :

0.00082713	0.835401	0.116625	0.0248139	0.00992556	0.00330852	0.00248139	0.00082713	0.00248139	0.00165426	0.00165426	
