
Parameters: 11 states AND 11 symbols

Matrix A :

0.0909091	0.0909091	0.0909091	0.0909091	0.0909091	0.0909091	0.0909091	0.0909091	0.0909091	0.0909091	0.0909091	
0.000101802	0.88364	0.103125	0.0113	0.00122162	0.000101802	0.000101802	0.000101802	0.000101802	0.000101802	0.000101802	
0.000422833	0.423679	0.423679	0.1074	0.0236786	0.0143763	0.000422833	0.005074	0.000422833	0.000422833	0.000422833	
0.00162338	0.144481	0.394481	0.233766	0.108766	0.0373377	0.0373377	0.0194805	0.00162338	0.00162338	0.0194805	
0.00478469	0.0574163	0.373206	0.267943	0.215311	0.0574163	0.00478469	0.00478469	0.00478469	0.00478469	0.00478469	
0.010101	0.343434	0.121212	0.232323	0.010101	0.010101	0.010101	0.121212	0.010101	0.121212	0.010101	
0.0181818	0.218182	0.218182	0.0181818	0.218182	0.218182	0.0181818	0.0181818	0.0181818	0.0181818	0.0181818	
0.0227273	0.0227273	0.0227273	0.272727	0.0227273	0.272727	0.0227273	0.0227273	0.272727	0.0227273	0.0227273	
0.0454545	0.0454545	0.0454545	0.545455	0.0454545	0.0454545	0.0454545	0.0454545	0.0454545	0.0454545	0.0454545	
0.030303	0.030303	0.030303	0.030303	0.363636	0.030303	0.363636	0.030303	0.030303	0.030303	0.030303	
0.0454545	0.0454545	0.0454545	0.0454545	0.0454545	0.0454545	0.545455	0.0454545	0.0454545	0.0454545	0.0454545	


Matrix B :

0.0909091	0.0909091	0.0909091	0.0909091	0.0909091	0.0909091	0.0909091	0.0909091	0.0909091	0.0909091	0.0909091	
9.70214e-05	0.385369	0.385369	0.144174	0.058795	0.0139711	0.00970214	0.00116426	9.70214e-05	0.00116426	9.70214e-05	
0.000400481	0.00480577	0.37485	0.335202	0.163396	0.0664798	0.0356428	0.00921105	0.000400481	0.00921105	0.000400481	
0.00151515	0.0181818	0.268182	0.334848	0.168182	0.0515152	0.0848485	0.0515152	0.0181818	0.00151515	0.00151515	
0.00478469	0.00478469	0.00478469	0.267943	0.215311	0.267943	0.110048	0.110048	0.00478469	0.00478469	0.00478469	
0.010101	0.010101	0.121212	0.343434	0.121212	0.121212	0.121212	0.010101	0.121212	0.010101	0.010101	
0.0181818	0.0181818	0.0181818	0.218182	0.418182	0.0181818	0.0181818	0.0181818	0.0181818	0.0181818	0.218182	
0.0227273	0.0227273	0.0227273	0.272727	0.522727	0.0227273	0.0227273	0.0227273	0.0227273	0.0227273	0.0227273	
0.0454545	0.0454545	0.0454545	0.0454545	0.0454545	0.545455	0.0454545	0.0454545	0.0454545	0.0454545	0.0454545	
0.030303	0.030303	0.030303	0.030303	0.030303	0.030303	0.030303	0.030303	0.363636	0.030303	0.363636	
0.0454545	0.0454545	0.0454545	0.0454545	0.0454545	0.0454545	0.0454545	0.545455	0.0454545	0.0454545	0.0454545	


Vector Pi :

0.00149031	0.706408	0.198212	0.0670641	0.00149031	0.00149031	0.00149031	0.00149031	0.00149031	0.0178838	0.00149031	


Vector Phi :

0.000774045	0.741824	0.177454	0.0458975	0.0151018	0.00723719	0.00373612	0.00322315	0.00157983	0.00157818	0.00159364	
