
Parameters: 11 states AND 11 symbols

Matrix A :

0.0909091	0.0909091	0.0909091	0.0909091	0.0909091	0.0909091	0.0909091	0.0909091	0.0909091	0.0909091	0.0909091	
0.000188608	0.815541	0.174462	0.00848736	0.000188608	0.000188608	0.000188608	0.000188608	0.000188608	0.000188608	0.000188608	
0.000265041	0.253909	0.595017	0.134376	0.0148423	0.000265041	0.000265041	0.000265041	0.000265041	0.000265041	0.000265041	
0.000483559	0.0111219	0.266441	0.548356	0.154739	0.016441	0.000483559	0.000483559	0.000483559	0.000483559	0.000483559	
0.00105708	0.00105708	0.0475687	0.361522	0.408034	0.15222	0.0243129	0.00105708	0.00105708	0.00105708	0.00105708	
0.0021645	0.0021645	0.0021645	0.0735931	0.335498	0.359307	0.192641	0.025974	0.0021645	0.0021645	0.0021645	
0.00284091	0.00284091	0.00284091	0.00284091	0.0340909	0.315341	0.440341	0.190341	0.00284091	0.00284091	0.00284091	
0.00568182	0.00568182	0.00568182	0.00568182	0.00568182	0.00568182	0.443182	0.380682	0.0681818	0.0681818	0.00568182	
0.030303	0.030303	0.030303	0.030303	0.030303	0.030303	0.030303	0.363636	0.363636	0.030303	0.030303	
0.030303	0.030303	0.030303	0.030303	0.030303	0.030303	0.030303	0.363636	0.030303	0.030303	0.363636	
0.0227273	0.0227273	0.0227273	0.0227273	0.0227273	0.0227273	0.0227273	0.0227273	0.0227273	0.272727	0.522727	


Matrix B :

0.0909091	0.0909091	0.0909091	0.0909091	0.0909091	0.0909091	0.0909091	0.0909091	0.0909091	0.0909091	0.0909091	
0.000178955	0.254116	0.258053	0.171439	0.141911	0.0808876	0.0513601	0.0257695	0.01199	0.00411596	0.000178955	
0.000256082	0.0143406	0.310115	0.256594	0.225608	0.0903969	0.0340589	0.0199744	0.0284251	0.0199744	0.000256082	
0.00045683	0.00045683	0.0708086	0.306989	0.261763	0.176336	0.085884	0.0657835	0.0155322	0.0105071	0.00548196	
0.000977517	0.000977517	0.000977517	0.216031	0.398827	0.173021	0.086999	0.0439883	0.0332356	0.0117302	0.0332356	
0.00211416	0.00211416	0.00211416	0.02537	0.327696	0.257928	0.0951374	0.141649	0.118393	0.00211416	0.02537	
0.00275482	0.00275482	0.00275482	0.00275482	0.0936639	0.275482	0.366391	0.0330579	0.15427	0.0330579	0.0330579	
0.00568182	0.00568182	0.00568182	0.00568182	0.00568182	0.193182	0.130682	0.380682	0.193182	0.0681818	0.00568182	
0.0227273	0.0227273	0.0227273	0.0227273	0.0227273	0.0227273	0.0227273	0.0227273	0.772727	0.0227273	0.0227273	
0.030303	0.030303	0.030303	0.030303	0.030303	0.030303	0.030303	0.363636	0.363636	0.030303	0.030303	
0.0181818	0.0181818	0.0181818	0.0181818	0.0181818	0.0181818	0.0181818	0.218182	0.218182	0.418182	0.0181818	


Vector Pi :

0.00149031	0.411326	0.198212	0.181818	0.132638	0.0178838	0.0178838	0.00149031	0.0178838	0.00149031	0.0178838	


Vector Phi :

0.000819286	0.407244	0.286741	0.154881	0.0691968	0.0340021	0.0259441	0.0130017	0.00244786	0.00244988	0.00327187	
