
Parameters: 11 states AND 11 symbols

Matrix A :

0.0909091	0.0909091	0.0909091	0.0909091	0.0909091	0.0909091	0.0909091	0.0909091	0.0909091	0.0909091	0.0909091	
0.000177904	0.608788	0.305462	0.0686711	0.0158335	0.000177904	0.000177904	0.000177904	0.000177904	0.000177904	0.000177904	
0.000251826	0.363133	0.371443	0.216318	0.039033	0.00856208	0.000251826	0.000251826	0.000251826	0.000251826	0.000251826	
0.000461467	0.264421	0.294878	0.254269	0.152746	0.0258422	0.000461467	0.00553761	0.000461467	0.000461467	0.000461467	
0.00102145	0.147089	0.124617	0.270684	0.28192	0.135853	0.0122574	0.00102145	0.0234934	0.00102145	0.00102145	
0.003367	0.040404	0.0774411	0.3367	0.299663	0.0774411	0.0774411	0.040404	0.040404	0.003367	0.003367	
0.0113636	0.261364	0.0113636	0.0113636	0.136364	0.136364	0.261364	0.0113636	0.136364	0.0113636	0.0113636	
0.030303	0.030303	0.030303	0.030303	0.030303	0.363636	0.363636	0.030303	0.030303	0.030303	0.030303	
0.0181818	0.0181818	0.0181818	0.0181818	0.0181818	0.218182	0.0181818	0.0181818	0.0181818	0.218182	0.418182	
0.030303	0.030303	0.030303	0.030303	0.363636	0.363636	0.030303	0.030303	0.030303	0.030303	0.030303	
0.0227273	0.0227273	0.0227273	0.0227273	0.0227273	0.0227273	0.272727	0.0227273	0.0227273	0.272727	0.272727	


Matrix B :

0.0909091	0.0909091	0.0909091	0.0909091	0.0909091	0.0909091	0.0909091	0.0909091	0.0909091	0.0909091	0.0909091	
0.000170882	0.385509	0.370472	0.156186	0.0584416	0.0189679	0.00768968	0.000170882	0.00205058	0.000170882	0.000170882	
0.000239234	0.00550239	0.523923	0.294976	0.108134	0.0607656	0.00550239	0.000239234	0.000239234	0.000239234	0.000239234	
0.000434972	0.000434972	0.0434972	0.584167	0.239669	0.0865594	0.0339278	0.0100043	0.000434972	0.000434972	0.000434972	
0.000988142	0.000988142	0.000988142	0.0879447	0.685771	0.174901	0.0444664	0.000988142	0.000988142	0.000988142	0.000988142	
0.0031348	0.0031348	0.0031348	0.0031348	0.175549	0.554859	0.141066	0.106583	0.0031348	0.0031348	0.0031348	
0.0113636	0.0113636	0.0113636	0.0113636	0.0113636	0.0113636	0.386364	0.511364	0.0113636	0.0113636	0.0113636	
0.030303	0.030303	0.030303	0.030303	0.030303	0.030303	0.030303	0.363636	0.363636	0.030303	0.030303	
0.0151515	0.0151515	0.0151515	0.0151515	0.0151515	0.0151515	0.0151515	0.0151515	0.348485	0.515152	0.0151515	
0.0227273	0.0227273	0.0227273	0.0227273	0.0227273	0.0227273	0.0227273	0.0227273	0.0227273	0.522727	0.272727	
0.0181818	0.0181818	0.0181818	0.0181818	0.0181818	0.0181818	0.0181818	0.0181818	0.0181818	0.418182	0.418182	


Vector Pi :

0.00149031	0.345753	0.296572	0.198212	0.0670641	0.0342772	0.00149031	0.00149031	0.0178838	0.0178838	0.0178838	


Vector Phi :

0.000821494	0.423184	0.299825	0.162808	0.0723972	0.0221237	0.00655326	0.00246733	0.00408695	0.00245764	0.00327503	
