
Parameters: 11 states AND 11 symbols

Matrix A :

0.0909091	0.0909091	0.0909091	0.0909091	0.0909091	0.0909091	0.0909091	0.0909091	0.0909091	0.0909091	0.0909091	
0.000239866	0.783881	0.182298	0.0239866	0.00551691	0.00287839	0.000239866	0.000239866	0.000239866	0.000239866	0.000239866	
0.000278862	0.215003	0.616843	0.135248	0.0217513	0.00641383	0.000278862	0.000278862	0.00334635	0.000278862	0.000278862	
0.000522466	0.0464995	0.253396	0.489028	0.155695	0.0350052	0.0120167	0.000522466	0.00626959	0.000522466	0.000522466	
0.000849618	0.0195412	0.0849618	0.262532	0.374681	0.17842	0.0662702	0.0101954	0.000849618	0.000849618	0.000849618	
0.00109529	0.0131435	0.00109529	0.0733844	0.290252	0.422782	0.121577	0.0613363	0.0131435	0.00109529	0.00109529	
0.00206612	0.00206612	0.0247934	0.0247934	0.0929752	0.320248	0.342975	0.115702	0.0247934	0.0475207	0.00206612	
0.003367	0.003367	0.003367	0.003367	0.040404	0.0774411	0.225589	0.410774	0.114478	0.0774411	0.040404	
0.00454545	0.00454545	0.0545455	0.00454545	0.0545455	0.104545	0.0545455	0.204545	0.254545	0.204545	0.0545455	
0.00363636	0.00363636	0.00363636	0.00363636	0.00363636	0.00363636	0.0836364	0.00363636	0.243636	0.523636	0.123636	
0.00649351	0.00649351	0.00649351	0.00649351	0.00649351	0.0779221	0.00649351	0.00649351	0.0779221	0.220779	0.577922	


Matrix B :

0.0909091	0.0909091	0.0909091	0.0909091	0.0909091	0.0909091	0.0909091	0.0909091	0.0909091	0.0909091	0.0909091	
0.000227273	0.275227	0.457727	0.180227	0.0602273	0.00772727	0.0177273	0.000227273	0.000227273	0.000227273	0.000227273	
0.000265816	0.0295056	0.351143	0.441786	0.117225	0.0353535	0.0207337	0.00318979	0.000265816	0.000265816	0.000265816	
0.000494071	0.000494071	0.076581	0.35919	0.266798	0.158103	0.103755	0.027668	0.00592885	0.000494071	0.000494071	
0.000826446	0.000826446	0.0735537	0.164463	0.446281	0.13719	0.109917	0.0371901	0.0280992	0.000826446	0.000826446	
0.00105708	0.00105708	0.012685	0.0940803	0.233615	0.233615	0.245243	0.0591966	0.0708245	0.0475687	0.00105708	
0.00197628	0.00197628	0.00197628	0.0889328	0.349802	0.175889	0.132411	0.0889328	0.132411	0.0237154	0.00197628	
0.00324675	0.00324675	0.00324675	0.11039	0.181818	0.217532	0.0746753	0.217532	0.11039	0.00324675	0.0746753	
0.004329	0.004329	0.0519481	0.0519481	0.004329	0.194805	0.194805	0.147186	0.194805	0.0519481	0.0995671	
0.003367	0.003367	0.003367	0.040404	0.262626	0.0774411	0.188552	0.225589	0.114478	0.040404	0.040404	
0.00606061	0.00606061	0.00606061	0.0727273	0.272727	0.139394	0.139394	0.00606061	0.206061	0.0727273	0.0727273	


Vector Pi :

0.00149031	0.345753	0.263785	0.165425	0.0506706	0.0506706	0.0342772	0.0178838	0.0178838	0.0342772	0.0178838	


Vector Phi :

0.000833343	0.315831	0.271666	0.145	0.0891671	0.0691673	0.0366671	0.0225004	0.016667	0.0208339	0.011667	
