
Parameters: 11 states AND 11 symbols

Matrix A :

0.0909091	0.0909091	0.0909091	0.0909091	0.0909091	0.0909091	0.0909091	0.0909091	0.0909091	0.0909091	0.0909091	
7.91891e-05	0.980915	0.0166297	0.000950269	7.91891e-05	7.91891e-05	7.91891e-05	7.91891e-05	7.91891e-05	7.91891e-05	0.000950269	
0.00239234	0.397129	0.397129	0.0550239	0.0813397	0.0287081	0.00239234	0.00239234	0.00239234	0.0287081	0.00239234	
0.012987	0.298701	0.441558	0.012987	0.155844	0.012987	0.012987	0.012987	0.012987	0.012987	0.012987	
0.0151515	0.515152	0.0151515	0.348485	0.0151515	0.0151515	0.0151515	0.0151515	0.0151515	0.0151515	0.0151515	
0.0454545	0.0454545	0.0454545	0.545455	0.0454545	0.0454545	0.0454545	0.0454545	0.0454545	0.0454545	0.0454545	
0.0909091	0.0909091	0.0909091	0.0909091	0.0909091	0.0909091	0.0909091	0.0909091	0.0909091	0.0909091	0.0909091	
0.0909091	0.0909091	0.0909091	0.0909091	0.0909091	0.0909091	0.0909091	0.0909091	0.0909091	0.0909091	0.0909091	
0.0909091	0.0909091	0.0909091	0.0909091	0.0909091	0.0909091	0.0909091	0.0909091	0.0909091	0.0909091	0.0909091	
0.0454545	0.0454545	0.0454545	0.0454545	0.545455	0.0454545	0.0454545	0.0454545	0.0454545	0.0454545	0.0454545	
0.0454545	0.545455	0.0454545	0.0454545	0.0454545	0.0454545	0.0454545	0.0454545	0.0454545	0.0454545	0.0454545	


Matrix B :

0.0909091	0.0909091	0.0909091	0.0909091	0.0909091	0.0909091	0.0909091	0.0909091	0.0909091	0.0909091	0.0909091	
7.54432e-05	0.313768	0.354432	0.177669	0.0855526	0.0415692	0.0175028	0.00671445	7.54432e-05	0.00173519	0.000905319	
0.00221729	0.00221729	0.075388	0.24612	0.2949	0.197339	0.172949	0.00221729	0.00221729	0.00221729	0.00221729	
0.012987	0.012987	0.012987	0.155844	0.155844	0.441558	0.155844	0.012987	0.012987	0.012987	0.012987	
0.0151515	0.0151515	0.0151515	0.181818	0.515152	0.0151515	0.0151515	0.181818	0.0151515	0.0151515	0.0151515	
0.0454545	0.0454545	0.0454545	0.0454545	0.0454545	0.0454545	0.545455	0.0454545	0.0454545	0.0454545	0.0454545	
0.0909091	0.0909091	0.0909091	0.0909091	0.0909091	0.0909091	0.0909091	0.0909091	0.0909091	0.0909091	0.0909091	
0.0909091	0.0909091	0.0909091	0.0909091	0.0909091	0.0909091	0.0909091	0.0909091	0.0909091	0.0909091	0.0909091	
0.0909091	0.0909091	0.0909091	0.0909091	0.0909091	0.0909091	0.0909091	0.0909091	0.0909091	0.0909091	0.0909091	
0.0454545	0.0454545	0.0454545	0.545455	0.0454545	0.0454545	0.0454545	0.0454545	0.0454545	0.0454545	0.0454545	
0.0454545	0.0454545	0.0454545	0.0454545	0.545455	0.0454545	0.0454545	0.0454545	0.0454545	0.0454545	0.0454545	


Vector Pi :

0.00149031	0.935917	0.0506706	0.00149031	0.00149031	0.00149031	0.00149031	0.00149031	0.00149031	0.00149031	0.00149031	


Vector Phi :

0.00082713	0.949545	0.0314309	0.00578991	0.00496278	0.00165426	0.00082713	0.00082713	0.00082713	0.00165426	0.00165426	
