
Parameters: 11 states AND 11 symbols

Matrix A :

0.0909091	0.0909091	0.0909091	0.0909091	0.0909091	0.0909091	0.0909091	0.0909091	0.0909091	0.0909091	0.0909091	
0.00023015	0.673648	0.271116	0.0432681	0.0103567	0.00023015	0.00023015	0.00023015	0.00023015	0.00023015	0.00023015	
0.000276319	0.319425	0.437966	0.203924	0.0245924	0.00939486	0.00331583	0.000276319	0.000276319	0.000276319	0.000276319	
0.000405844	0.0986201	0.290584	0.397727	0.165584	0.0405844	0.00487013	0.000405844	0.000405844	0.000405844	0.000405844	
0.000763942	0.000763942	0.0847976	0.353705	0.370512	0.143621	0.025974	0.0175707	0.000763942	0.000763942	0.000763942	
0.00149031	0.00149031	0.0342772	0.099851	0.312966	0.362146	0.132638	0.0506706	0.00149031	0.00149031	0.00149031	
0.0030303	0.0030303	0.0030303	0.069697	0.169697	0.20303	0.30303	0.136364	0.10303	0.0030303	0.0030303	
0.004329	0.004329	0.004329	0.004329	0.0995671	0.0995671	0.242424	0.242424	0.242424	0.0519481	0.004329	
0.00534759	0.00534759	0.00534759	0.00534759	0.00534759	0.0641711	0.122995	0.299465	0.417112	0.0641711	0.00534759	
0.0181818	0.0181818	0.0181818	0.0181818	0.0181818	0.0181818	0.0181818	0.218182	0.218182	0.218182	0.218182	
0.030303	0.030303	0.030303	0.030303	0.030303	0.030303	0.030303	0.030303	0.030303	0.363636	0.363636	


Matrix B :

0.0909091	0.0909091	0.0909091	0.0909091	0.0909091	0.0909091	0.0909091	0.0909091	0.0909091	0.0909091	0.0909091	
0.000219058	0.421906	0.421906	0.103834	0.0291347	0.0146769	0.000219058	0.00503834	0.000219058	0.000219058	0.0026287	
0.000261233	0.0175026	0.465778	0.373824	0.100836	0.014629	0.0175026	0.0031348	0.0031348	0.000261233	0.0031348	
0.0003885	0.0003885	0.0516706	0.376457	0.359363	0.141414	0.0431235	0.004662	0.0174825	0.0003885	0.004662	
0.000727273	0.000727273	0.000727273	0.168727	0.328727	0.384727	0.0967273	0.0167273	0.000727273	0.000727273	0.000727273	
0.00149031	0.00149031	0.00149031	0.00149031	0.0670641	0.312966	0.4769	0.116244	0.0178838	0.00149031	0.00149031	
0.00275482	0.00275482	0.00275482	0.00275482	0.00275482	0.123967	0.336088	0.366391	0.123967	0.0330579	0.00275482	
0.004329	0.004329	0.004329	0.004329	0.004329	0.0519481	0.194805	0.194805	0.147186	0.147186	0.242424	
0.00505051	0.00505051	0.00505051	0.00505051	0.00505051	0.00505051	0.116162	0.0606061	0.338384	0.116162	0.338384	
0.0151515	0.0151515	0.0151515	0.0151515	0.0151515	0.0151515	0.0151515	0.181818	0.181818	0.0151515	0.515152	
0.030303	0.030303	0.030303	0.030303	0.030303	0.030303	0.030303	0.030303	0.363636	0.363636	0.030303	


Vector Pi :

0.00149031	0.345753	0.312966	0.165425	0.0834575	0.00149031	0.0506706	0.00149031	0.0178838	0.0178838	0.00149031	


Vector Phi :

0.000836049	0.324728	0.272243	0.186618	0.100588	0.0512096	0.0251788	0.0176341	0.0142638	0.00418977	0.00251101	
