
Parameters: 11 states AND 11 symbols

Matrix A :

0.0909091	0.0909091	0.0909091	0.0909091	0.0909091	0.0909091	0.0909091	0.0909091	0.0909091	0.0909091	0.0909091	
0.000234302	0.770853	0.211575	0.0156982	0.000234302	0.000234302	0.000234302	0.000234302	0.000234302	0.000234302	0.000234302	
0.000280584	0.256453	0.549663	0.179293	0.00953984	0.003367	0.000280584	0.000280584	0.000280584	0.000280584	0.000280584	
0.0004095	0.0274365	0.266175	0.504914	0.194103	0.004914	0.0004095	0.0004095	0.0004095	0.0004095	0.0004095	
0.000561167	0.000561167	0.0252525	0.253648	0.586981	0.124018	0.00673401	0.000561167	0.000561167	0.000561167	0.000561167	
0.00137741	0.00137741	0.00137741	0.0619835	0.289256	0.561983	0.0619835	0.00137741	0.0165289	0.00137741	0.00137741	
0.00649351	0.00649351	0.00649351	0.00649351	0.00649351	0.363636	0.292208	0.292208	0.00649351	0.00649351	0.00649351	
0.00909091	0.00909091	0.00909091	0.00909091	0.00909091	0.109091	0.409091	0.309091	0.109091	0.00909091	0.00909091	
0.0227273	0.0227273	0.0227273	0.0227273	0.0227273	0.0227273	0.0227273	0.522727	0.0227273	0.272727	0.0227273	
0.030303	0.030303	0.030303	0.030303	0.030303	0.030303	0.030303	0.030303	0.030303	0.363636	0.363636	
0.0151515	0.0151515	0.0151515	0.0151515	0.0151515	0.0151515	0.0151515	0.0151515	0.181818	0.0151515	0.681818	


Matrix B :

0.0909091	0.0909091	0.0909091	0.0909091	0.0909091	0.0909091	0.0909091	0.0909091	0.0909091	0.0909091	0.0909091	
0.00022119	0.316523	0.350586	0.170537	0.112143	0.0367175	0.00508737	0.00752046	0.00022119	0.00022119	0.00022119	
0.000268962	0.0268962	0.399677	0.245831	0.210328	0.0742335	0.020979	0.0121033	0.0091447	0.000268962	0.000268962	
0.0003885	0.0003885	0.0559441	0.308081	0.286713	0.167055	0.0986791	0.047397	0.021756	0.013209	0.0003885	
0.000534759	0.000534759	0.000534759	0.200535	0.241711	0.265241	0.129947	0.112299	0.0358289	0.0122995	0.000534759	
0.0013369	0.0013369	0.0013369	0.0601604	0.251337	0.207219	0.163102	0.177807	0.13369	0.0013369	0.0013369	
0.00606061	0.00606061	0.00606061	0.00606061	0.406061	0.206061	0.206061	0.0727273	0.0727273	0.00606061	0.00606061	
0.00909091	0.00909091	0.00909091	0.00909091	0.209091	0.409091	0.209091	0.109091	0.00909091	0.00909091	0.00909091	
0.0227273	0.0227273	0.0227273	0.0227273	0.0227273	0.272727	0.272727	0.0227273	0.272727	0.0227273	0.0227273	
0.030303	0.030303	0.030303	0.030303	0.030303	0.030303	0.030303	0.363636	0.363636	0.030303	0.030303	
0.0151515	0.0151515	0.0151515	0.0151515	0.0151515	0.0151515	0.0151515	0.0151515	0.0151515	0.0151515	0.848485	


Vector Pi :

0.00149031	0.362146	0.230999	0.198212	0.149031	0.0342772	0.0178838	0.00149031	0.00149031	0.00149031	0.00149031	


Vector Phi :

0.000824136	0.328341	0.271399	0.183744	0.13157	0.0537986	0.0114431	0.00819209	0.00328169	0.00246684	0.00493927	
