
Parameters: 11 states AND 11 symbols

Matrix A :

0.0909091	0.0909091	0.0909091	0.0909091	0.0909091	0.0909091	0.0909091	0.0909091	0.0909091	0.0909091	0.0909091	
0.000128766	0.862735	0.129024	0.00296163	0.00296163	0.000128766	0.000128766	0.000128766	0.0015452	0.000128766	0.000128766	
0.000277162	0.280765	0.603936	0.0978381	0.0094235	0.00332594	0.00332594	0.000277162	0.000277162	0.000277162	0.000277162	
0.00115075	0.0517837	0.380898	0.406214	0.140391	0.00115075	0.00115075	0.013809	0.00115075	0.00115075	0.00115075	
0.0030303	0.0363636	0.136364	0.269697	0.236364	0.169697	0.0363636	0.0030303	0.0363636	0.0363636	0.0363636	
0.00699301	0.00699301	0.0839161	0.00699301	0.237762	0.314685	0.237762	0.0839161	0.00699301	0.00699301	0.00699301	
0.00649351	0.00649351	0.149351	0.0779221	0.149351	0.149351	0.220779	0.149351	0.00649351	0.00649351	0.0779221	
0.00757576	0.00757576	0.00757576	0.174242	0.00757576	0.00757576	0.340909	0.340909	0.0909091	0.00757576	0.00757576	
0.012987	0.012987	0.012987	0.155844	0.155844	0.012987	0.155844	0.155844	0.012987	0.298701	0.012987	
0.0181818	0.0181818	0.0181818	0.0181818	0.0181818	0.0181818	0.0181818	0.218182	0.218182	0.218182	0.218182	
0.00909091	0.00909091	0.00909091	0.00909091	0.00909091	0.00909091	0.00909091	0.109091	0.209091	0.00909091	0.609091	


Matrix B :

0.0909091	0.0909091	0.0909091	0.0909091	0.0909091	0.0909091	0.0909091	0.0909091	0.0909091	0.0909091	0.0909091	
0.000122519	0.618721	0.365352	0.0135996	0.000122519	0.00147023	0.000122519	0.000122519	0.000122519	0.000122519	0.000122519	
0.000265816	0.0236576	0.669856	0.28974	0.0148857	0.000265816	0.000265816	0.000265816	0.000265816	0.000265816	0.000265816	
0.00108225	0.00108225	0.155844	0.608225	0.215368	0.00108225	0.00108225	0.00108225	0.012987	0.00108225	0.00108225	
0.00275482	0.0330579	0.0330579	0.336088	0.396694	0.0633609	0.0936639	0.0330579	0.00275482	0.00275482	0.00275482	
0.00649351	0.00649351	0.292208	0.00649351	0.220779	0.0779221	0.292208	0.0779221	0.00649351	0.00649351	0.00649351	
0.00606061	0.00606061	0.139394	0.0727273	0.00606061	0.0727273	0.139394	0.139394	0.339394	0.0727273	0.00606061	
0.00757576	0.00757576	0.0909091	0.340909	0.00757576	0.174242	0.00757576	0.0909091	0.00757576	0.0909091	0.174242	
0.012987	0.012987	0.012987	0.012987	0.012987	0.441558	0.012987	0.012987	0.155844	0.298701	0.012987	
0.0181818	0.0181818	0.0181818	0.0181818	0.0181818	0.0181818	0.418182	0.0181818	0.0181818	0.0181818	0.418182	
0.00909091	0.00909091	0.00909091	0.00909091	0.00909091	0.00909091	0.309091	0.109091	0.409091	0.109091	0.00909091	


Vector Pi :

0.00149031	0.575261	0.247392	0.0834575	0.0506706	0.0178838	0.0178838	0.00149031	0.00149031	0.00149031	0.00149031	


Vector Phi :

0.000827154	0.588247	0.270477	0.0652191	0.0247938	0.0107426	0.0115719	0.00992128	0.00579465	0.00413654	0.00826872	
