
Parameters: 11 states AND 11 symbols

Matrix A :

0.090909	0.090909	0.090909	0.090909	0.090909	0.090909	0.090909	0.090909	0.090909	0.090909	0.090909	
0.000321	0.519756	0.201735	0.102795	0.042724	0.025056	0.028590	0.035657	0.021523	0.014456	0.007388	
0.000710	0.469460	0.274148	0.086648	0.071023	0.016335	0.024148	0.016335	0.024148	0.008523	0.008523	
0.001337	0.354278	0.177807	0.207219	0.118984	0.045455	0.016043	0.030749	0.016043	0.030749	0.001337	
0.002392	0.449761	0.239234	0.107656	0.107656	0.055024	0.002392	0.028708	0.002392	0.002392	0.002392	
0.005682	0.318182	0.255682	0.130682	0.130682	0.068182	0.005682	0.005682	0.068182	0.005682	0.005682	
0.005051	0.338384	0.116162	0.171717	0.060606	0.005051	0.060606	0.116162	0.116162	0.005051	0.005051	
0.004329	0.290043	0.147186	0.099567	0.004329	0.004329	0.099567	0.147186	0.099567	0.004329	0.099567	
0.004785	0.531100	0.110048	0.110048	0.057416	0.004785	0.110048	0.004785	0.057416	0.004785	0.004785	
0.009091	0.309091	0.209091	0.009091	0.009091	0.009091	0.009091	0.009091	0.209091	0.209091	0.009091	
0.012987	0.584416	0.155844	0.012987	0.012987	0.012987	0.012987	0.012987	0.012987	0.012987	0.155844	


Matrix B :

0.090909	0.090909	0.090909	0.090909	0.090909	0.090909	0.090909	0.090909	0.090909	0.090909	0.090909	
0.000304	0.227729	0.291274	0.211006	0.134083	0.080572	0.050471	0.003649	0.000304	0.000304	0.000304	
0.000694	0.023595	0.160999	0.252602	0.252602	0.153366	0.122831	0.023595	0.008328	0.000694	0.000694	
0.001245	0.001245	0.097136	0.247821	0.316314	0.193026	0.097136	0.042341	0.001245	0.001245	0.001245	
0.002331	0.027972	0.053613	0.207459	0.258741	0.207459	0.181818	0.027972	0.002331	0.027972	0.002331	
0.005682	0.005682	0.005682	0.130682	0.255682	0.318182	0.130682	0.130682	0.005682	0.005682	0.005682	
0.005051	0.005051	0.060606	0.282828	0.171717	0.227273	0.171717	0.060606	0.005051	0.005051	0.005051	
0.004132	0.004132	0.095041	0.140496	0.367769	0.231405	0.095041	0.004132	0.049587	0.004132	0.004132	
0.004329	0.004329	0.004329	0.242424	0.290043	0.290043	0.051948	0.004329	0.004329	0.004329	0.099567	
0.007576	0.007576	0.257576	0.090909	0.257576	0.174242	0.090909	0.090909	0.007576	0.007576	0.007576	
0.012987	0.012987	0.012987	0.012987	0.298701	0.012987	0.441558	0.155844	0.012987	0.012987	0.012987	


Vector Pi :

0.002933	0.519062	0.099707	0.164223	0.035191	0.002933	0.002933	0.035191	0.067449	0.067449	0.002933	


Vector Phi :

0.001642	0.464696	0.210181	0.111658	0.062397	0.026273	0.029557	0.034483	0.031199	0.016420	0.011494	
