
Parameters: 11 states AND 11 symbols

Matrix A :

0.0909091	0.0909091	0.0909091	0.0909091	0.0909091	0.0909091	0.0909091	0.0909091	0.0909091	0.0909091	0.0909091	
0.00017449	0.850462	0.136451	0.0116908	0.00017449	0.00017449	0.00017449	0.00017449	0.00017449	0.00017449	0.00017449	
0.000284091	0.215909	0.653409	0.122159	0.00653409	0.000284091	0.000284091	0.000284091	0.000284091	0.000284091	0.000284091	
0.000644745	0.0502901	0.255964	0.490006	0.163765	0.0290135	0.00773694	0.000644745	0.000644745	0.000644745	0.000644745	
0.00121212	0.0145455	0.0145455	0.321212	0.427879	0.201212	0.0145455	0.00121212	0.00121212	0.00121212	0.00121212	
0.001443	0.001443	0.017316	0.033189	0.255411	0.493506	0.176046	0.017316	0.001443	0.001443	0.001443	
0.00193424	0.00193424	0.00193424	0.00193424	0.0444874	0.257253	0.597679	0.0444874	0.0444874	0.00193424	0.00193424	
0.0113636	0.0113636	0.0113636	0.0113636	0.0113636	0.0113636	0.511364	0.136364	0.261364	0.0113636	0.0113636	
0.00826446	0.00826446	0.00826446	0.00826446	0.00826446	0.00826446	0.0991736	0.190083	0.46281	0.190083	0.00826446	
0.012987	0.012987	0.012987	0.012987	0.012987	0.012987	0.012987	0.155844	0.155844	0.441558	0.155844	
0.0151515	0.0151515	0.0151515	0.0151515	0.0151515	0.0151515	0.0151515	0.0151515	0.0151515	0.181818	0.681818	


Matrix B :

0.0909091	0.0909091	0.0909091	0.0909091	0.0909091	0.0909091	0.0909091	0.0909091	0.0909091	0.0909091	0.0909091	
0.000166196	0.340203	0.444408	0.157387	0.033073	0.0147914	0.00930696	0.000166196	0.000166196	0.000166196	0.000166196	
0.000272183	0.0332063	0.344584	0.3865	0.176919	0.0362003	0.0212303	0.000272183	0.000272183	0.000272183	0.000272183	
0.000614251	0.000614251	0.0681818	0.378993	0.203317	0.142506	0.142506	0.0411548	0.0208845	0.000614251	0.000614251	
0.00115075	0.00115075	0.0264672	0.0771001	0.393556	0.304948	0.102417	0.0517837	0.0391254	0.00115075	0.00115075	
0.0013369	0.0013369	0.0307487	0.0013369	0.13369	0.38369	0.207219	0.221925	0.0160428	0.0013369	0.0013369	
0.00189394	0.00189394	0.00189394	0.00189394	0.0435606	0.189394	0.418561	0.293561	0.0435606	0.00189394	0.00189394	
0.00909091	0.00909091	0.00909091	0.00909091	0.00909091	0.00909091	0.409091	0.509091	0.00909091	0.00909091	0.00909091	
0.00757576	0.00757576	0.00757576	0.00757576	0.00757576	0.00757576	0.00757576	0.757576	0.0909091	0.0909091	0.00757576	
0.012987	0.012987	0.012987	0.012987	0.012987	0.012987	0.012987	0.012987	0.155844	0.298701	0.441558	
0.0151515	0.0151515	0.0151515	0.0151515	0.0151515	0.0151515	0.0151515	0.0151515	0.0151515	0.181818	0.681818	


Vector Pi :

0.00149031	0.42772	0.247392	0.116244	0.0506706	0.0834575	0.0178838	0.0342772	0.0178838	0.00149031	0.00149031	


Vector Phi :

0.000848258	0.43041	0.263657	0.118399	0.0650063	0.0541241	0.0402675	0.00683476	0.00939154	0.00596105	0.00510057	
