
Parameters: 11 states AND 11 symbols

Matrix A :

0.0909091	0.0909091	0.0909091	0.0909091	0.0909091	0.0909091	0.0909091	0.0909091	0.0909091	0.0909091	0.0909091	
0.000181455	0.852477	0.143894	0.00217746	0.000181455	0.000181455	0.000181455	0.000181455	0.000181455	0.000181455	0.000181455	
0.000280584	0.219416	0.651515	0.123737	0.003367	0.000280584	0.000280584	0.000280584	0.000280584	0.000280584	0.000280584	
0.000531632	0.00637959	0.23445	0.608719	0.140883	0.00637959	0.000531632	0.000531632	0.000531632	0.000531632	0.000531632	
0.000956938	0.0114833	0.0114833	0.243062	0.548325	0.158852	0.0220096	0.000956938	0.000956938	0.000956938	0.000956938	
0.00162338	0.00162338	0.00162338	0.0373377	0.287338	0.555195	0.108766	0.00162338	0.00162338	0.00162338	0.00162338	
0.00454545	0.00454545	0.00454545	0.00454545	0.0545455	0.304545	0.354545	0.204545	0.0545455	0.00454545	0.00454545	
0.00534759	0.00534759	0.00534759	0.00534759	0.00534759	0.0641711	0.240642	0.534759	0.122995	0.00534759	0.00534759	
0.012987	0.012987	0.012987	0.012987	0.012987	0.012987	0.012987	0.298701	0.441558	0.155844	0.012987	
0.030303	0.030303	0.030303	0.030303	0.030303	0.030303	0.030303	0.363636	0.030303	0.030303	0.363636	
0.0181818	0.0181818	0.0181818	0.0181818	0.0181818	0.0181818	0.0181818	0.0181818	0.0181818	0.218182	0.618182	


Matrix B :

0.0909091	0.0909091	0.0909091	0.0909091	0.0909091	0.0909091	0.0909091	0.0909091	0.0909091	0.0909091	0.0909091	
0.000173822	0.33287	0.33287	0.200939	0.0862159	0.0231184	0.0192943	0.00208587	0.00208587	0.000173822	0.000173822	
0.000268962	0.0594406	0.473642	0.213287	0.162991	0.0535234	0.0121033	0.00618612	0.00618612	0.00618612	0.00618612	
0.00050226	0.00050226	0.260171	0.359618	0.188348	0.133099	0.0281266	0.00602712	0.00050226	0.00602712	0.0170768	
0.00090009	0.00090009	0.0306031	0.446445	0.347435	0.109811	0.050405	0.0108011	0.00090009	0.00090009	0.00090009	
0.00151515	0.00151515	0.00151515	0.101515	0.484848	0.301515	0.0681818	0.0348485	0.00151515	0.00151515	0.00151515	
0.00395257	0.00395257	0.00395257	0.00395257	0.221344	0.56917	0.134387	0.0474308	0.00395257	0.00395257	0.00395257	
0.00534759	0.00534759	0.00534759	0.00534759	0.00534759	0.358289	0.240642	0.0641711	0.240642	0.0641711	0.00534759	
0.0113636	0.0113636	0.0113636	0.0113636	0.0113636	0.0113636	0.886364	0.0113636	0.0113636	0.0113636	0.0113636	
0.030303	0.030303	0.030303	0.030303	0.030303	0.030303	0.69697	0.030303	0.030303	0.030303	0.030303	
0.0181818	0.0181818	0.0181818	0.0181818	0.0181818	0.0181818	0.0181818	0.618182	0.218182	0.0181818	0.0181818	


Vector Pi :

0.00149031	0.362146	0.214605	0.165425	0.099851	0.0834575	0.0506706	0.00149031	0.0178838	0.00149031	0.00149031	


Vector Phi :

0.000806911	0.42287	0.273918	0.141722	0.0765036	0.0430435	0.015689	0.0134625	0.00555723	0.0024054	0.00402236	
