
Parameters: 11 states AND 11 symbols

Matrix A :

0.0909091	0.0909091	0.0909091	0.0909091	0.0909091	0.0909091	0.0909091	0.0909091	0.0909091	0.0909091	0.0909091	
0.000307125	0.709767	0.250307	0.0273342	0.00706388	0.0036855	0.000307125	0.000307125	0.000307125	0.000307125	0.000307125	
0.000335458	0.288158	0.46159	0.210668	0.0298558	0.00402549	0.00402549	0.000335458	0.000335458	0.000335458	0.000335458	
0.00041511	0.0232462	0.28352	0.470735	0.201328	0.01868	0.00041511	0.00041511	0.00041511	0.00041511	0.00041511	
0.000575374	0.0132336	0.0575374	0.266398	0.424626	0.203107	0.0258918	0.00690449	0.000575374	0.000575374	0.000575374	
0.000826446	0.000826446	0.000826446	0.0644628	0.282645	0.43719	0.155372	0.0553719	0.000826446	0.000826446	0.000826446	
0.0015949	0.0015949	0.0015949	0.0191388	0.0717703	0.334928	0.38756	0.15949	0.0015949	0.0191388	0.0015949	
0.002331	0.002331	0.002331	0.002331	0.027972	0.104895	0.207459	0.361305	0.2331	0.0536131	0.002331	
0.003367	0.003367	0.003367	0.003367	0.003367	0.003367	0.151515	0.262626	0.484848	0.040404	0.040404	
0.00649351	0.00649351	0.00649351	0.00649351	0.00649351	0.00649351	0.00649351	0.0779221	0.149351	0.577922	0.149351	
0.0113636	0.0113636	0.0113636	0.0113636	0.0113636	0.0113636	0.0113636	0.0113636	0.261364	0.136364	0.511364	


Matrix B :

0.0909091	0.0909091	0.0909091	0.0909091	0.0909091	0.0909091	0.0909091	0.0909091	0.0909091	0.0909091	0.0909091	
0.0002886	0.251082	0.254257	0.190765	0.120924	0.0764791	0.0637807	0.0320346	0.00981241	0.0002886	0.0002886	
0.000321234	0.102795	0.417282	0.152265	0.113395	0.092194	0.0462576	0.0250562	0.0179891	0.0215226	0.0109219	
0.000395257	0.000395257	0.343874	0.252569	0.135178	0.0916996	0.0873518	0.0395257	0.0264822	0.0177866	0.00474308	
0.000557724	0.000557724	0.110987	0.387061	0.245956	0.166202	0.0373675	0.0189626	0.0312326	0.000557724	0.000557724	
0.000790514	0.000790514	0.000790514	0.339921	0.313834	0.200791	0.0790514	0.0442688	0.0181818	0.000790514	0.000790514	
0.00149031	0.00149031	0.00149031	0.132638	0.394933	0.198212	0.099851	0.0670641	0.0670641	0.0342772	0.00149031	
0.00227273	0.00227273	0.00227273	0.00227273	0.302273	0.227273	0.152273	0.127273	0.0772727	0.102273	0.00227273	
0.0031348	0.0031348	0.0031348	0.0031348	0.141066	0.210031	0.175549	0.210031	0.244514	0.0031348	0.0031348	
0.00606061	0.00606061	0.00606061	0.00606061	0.00606061	0.272727	0.139394	0.406061	0.139394	0.00606061	0.00606061	
0.0113636	0.0113636	0.0113636	0.0113636	0.0113636	0.0113636	0.0113636	0.261364	0.261364	0.386364	0.0113636	


Vector Pi :

0.00149031	0.312966	0.198212	0.181818	0.0834575	0.0834575	0.0670641	0.0178838	0.0342772	0.0178838	0.00149031	


Vector Phi :

0.000833356	0.246662	0.225831	0.182499	0.131667	0.0916684	0.0475015	0.0325014	0.0225013	0.0116673	0.00666708	
