
Parameters: 11 states AND 11 symbols

Matrix A :

0.090909	0.090909	0.090909	0.090909	0.090909	0.090909	0.090909	0.090909	0.090909	0.090909	0.090909	
0.000321	0.858978	0.088660	0.017989	0.007388	0.010922	0.000321	0.000321	0.003855	0.000321	0.010922	
0.000967	0.277563	0.469052	0.117988	0.043520	0.011605	0.054159	0.011605	0.000967	0.011605	0.000967	
0.002066	0.206612	0.252066	0.206612	0.161157	0.115702	0.024793	0.002066	0.024793	0.002066	0.002066	
0.003953	0.003953	0.134387	0.308300	0.047431	0.221344	0.177866	0.047431	0.047431	0.003953	0.003953	
0.003030	0.003030	0.103030	0.203030	0.203030	0.136364	0.103030	0.069697	0.036364	0.069697	0.069697	
0.003788	0.003788	0.128788	0.128788	0.003788	0.170455	0.045455	0.170455	0.253788	0.003788	0.087121	
0.004132	0.004132	0.095041	0.049587	0.095041	0.185950	0.185950	0.231405	0.049587	0.049587	0.049587	
0.003135	0.072100	0.003135	0.003135	0.003135	0.037618	0.106583	0.244514	0.416928	0.072100	0.037618	
0.005348	0.064171	0.064171	0.005348	0.005348	0.064171	0.005348	0.064171	0.299465	0.122995	0.299465	
0.002392	0.028708	0.028708	0.028708	0.002392	0.028708	0.055024	0.002392	0.002392	0.212919	0.607656	


Matrix B :

0.090909	0.090909	0.090909	0.090909	0.090909	0.090909	0.090909	0.090909	0.090909	0.090909	0.090909	
0.000298	0.216692	0.282265	0.164232	0.124888	0.072429	0.065872	0.026528	0.029806	0.010134	0.006855	
0.000947	0.073864	0.303030	0.261364	0.105114	0.084280	0.032197	0.032197	0.021780	0.063447	0.021780	
0.001976	0.154150	0.175889	0.262846	0.132411	0.088933	0.067194	0.067194	0.001976	0.023715	0.023715	
0.003953	0.134387	0.090909	0.221344	0.264822	0.047431	0.090909	0.047431	0.090909	0.003953	0.003953	
0.003030	0.036364	0.203030	0.169697	0.136364	0.269697	0.136364	0.003030	0.036364	0.003030	0.003030	
0.003636	0.003636	0.203636	0.283636	0.163636	0.123636	0.163636	0.003636	0.003636	0.003636	0.043636	
0.004132	0.049587	0.095041	0.322314	0.095041	0.140496	0.004132	0.140496	0.095041	0.049587	0.004132	
0.002933	0.002933	0.002933	0.260997	0.035191	0.196481	0.131965	0.099707	0.131965	0.035191	0.099707	
0.005348	0.005348	0.122995	0.064171	0.181818	0.122995	0.122995	0.240642	0.064171	0.005348	0.064171	
0.002331	0.027972	0.130536	0.104895	0.258741	0.156177	0.053613	0.053613	0.104895	0.053613	0.053613	


Vector Pi :

0.002933	0.712610	0.067449	0.067449	0.002933	0.002933	0.035191	0.002933	0.067449	0.002933	0.035191	


Vector Phi :

0.001653	0.467769	0.155372	0.072727	0.038017	0.049587	0.039669	0.036364	0.047934	0.028099	0.062810	
