
Parameters: 11 states AND 11 symbols

Matrix A :

0.0909091	0.0909091	0.0909091	0.0909091	0.0909091	0.0909091	0.0909091	0.0909091	0.0909091	0.0909091	0.0909091	
0.00010784	0.93961	0.0558611	0.00366656	0.00010784	0.00010784	0.00010784	0.00010784	0.00010784	0.00010784	0.00010784	
0.000407664	0.21117	0.677538	0.0811252	0.0228292	0.00489197	0.000407664	0.000407664	0.000407664	0.000407664	0.000407664	
0.0015674	0.0360502	0.311912	0.449843	0.191223	0.0015674	0.0015674	0.0015674	0.0015674	0.0015674	0.0015674	
0.0025974	0.0025974	0.0883117	0.231169	0.402597	0.145455	0.0883117	0.0025974	0.0025974	0.0311688	0.0025974	
0.00568182	0.00568182	0.0681818	0.130682	0.255682	0.318182	0.0681818	0.130682	0.00568182	0.00568182	0.00568182	
0.00699301	0.00699301	0.160839	0.00699301	0.00699301	0.314685	0.468531	0.00699301	0.00699301	0.00699301	0.00699301	
0.0151515	0.0151515	0.0151515	0.0151515	0.181818	0.0151515	0.181818	0.348485	0.0151515	0.181818	0.0151515	
0.0454545	0.0454545	0.0454545	0.0454545	0.0454545	0.0454545	0.0454545	0.545455	0.0454545	0.0454545	0.0454545	
0.0227273	0.0227273	0.0227273	0.0227273	0.0227273	0.0227273	0.0227273	0.0227273	0.272727	0.272727	0.272727	
0.0227273	0.0227273	0.0227273	0.0227273	0.0227273	0.0227273	0.272727	0.0227273	0.0227273	0.0227273	0.522727	


Matrix B :

0.0909091	0.0909091	0.0909091	0.0909091	0.0909091	0.0909091	0.0909091	0.0909091	0.0909091	0.0909091	0.0909091	
0.000102375	0.250102	0.346949	0.196048	0.113841	0.0541564	0.0169943	0.0158681	0.00573301	0.000102375	0.000102375	
0.000393546	0.00472255	0.151909	0.242818	0.225502	0.242818	0.0783156	0.0263676	0.0177096	0.00905155	0.000393546	
0.00154083	0.00154083	0.103236	0.187982	0.171032	0.187982	0.187982	0.120185	0.01849	0.01849	0.00154083	
0.002331	0.002331	0.027972	0.0792541	0.2331	0.156177	0.207459	0.181818	0.104895	0.002331	0.002331	
0.00568182	0.00568182	0.00568182	0.130682	0.0681818	0.0681818	0.255682	0.318182	0.0681818	0.00568182	0.0681818	
0.00606061	0.00606061	0.206061	0.0727273	0.0727273	0.00606061	0.272727	0.00606061	0.0727273	0.0727273	0.206061	
0.0151515	0.0151515	0.0151515	0.0151515	0.0151515	0.0151515	0.0151515	0.515152	0.348485	0.0151515	0.0151515	
0.0454545	0.0454545	0.0454545	0.0454545	0.0454545	0.0454545	0.0454545	0.0454545	0.545455	0.0454545	0.0454545	
0.0227273	0.0227273	0.0227273	0.0227273	0.0227273	0.0227273	0.272727	0.0227273	0.0227273	0.522727	0.0227273	
0.0227273	0.0227273	0.0227273	0.0227273	0.0227273	0.0227273	0.0227273	0.272727	0.272727	0.272727	0.0227273	


Vector Pi :

0.00149031	0.755589	0.132638	0.0178838	0.0506706	0.00149031	0.0342772	0.00149031	0.00149031	0.00149031	0.00149031	


Vector Phi :

0.0008696	0.691974	0.186396	0.0495493	0.0314484	0.0141741	0.0115263	0.00527612	0.0017521	0.00352998	0.0035042	
