
Parameters: 11 states AND 11 symbols

Matrix A :

0.090909	0.090909	0.090909	0.090909	0.090909	0.090909	0.090909	0.090909	0.090909	0.090909	0.090909	
0.000784	0.793887	0.130094	0.018025	0.009404	0.009404	0.009404	0.018025	0.009404	0.000784	0.000784	
0.001443	0.287157	0.398268	0.191919	0.080808	0.017316	0.001443	0.001443	0.017316	0.001443	0.001443	
0.001783	0.040998	0.276292	0.374332	0.158645	0.060606	0.040998	0.021390	0.001783	0.021390	0.001783	
0.001894	0.022727	0.064394	0.231061	0.356061	0.210227	0.064394	0.001894	0.022727	0.022727	0.001894	
0.001934	0.001934	0.023211	0.065764	0.150870	0.363636	0.193424	0.108317	0.023211	0.044487	0.023211	
0.001934	0.023211	0.001934	0.023211	0.065764	0.172147	0.384913	0.214700	0.065764	0.023211	0.023211	
0.002933	0.002933	0.035191	0.035191	0.035191	0.035191	0.228739	0.099707	0.325513	0.131965	0.067449	
0.001443	0.001443	0.017316	0.017316	0.017316	0.017316	0.096681	0.112554	0.398268	0.207792	0.112554	
0.001280	0.015365	0.001280	0.001280	0.015365	0.029449	0.001280	0.001280	0.240717	0.536492	0.156210	
0.001466	0.001466	0.017595	0.001466	0.049853	0.033724	0.001466	0.033724	0.049853	0.162757	0.646628	


Matrix B :

0.090909	0.090909	0.090909	0.090909	0.090909	0.090909	0.090909	0.090909	0.090909	0.090909	0.090909	
0.000751	0.273479	0.232156	0.240421	0.091660	0.075131	0.050338	0.025545	0.009016	0.000751	0.000751	
0.001377	0.107438	0.198347	0.349862	0.168044	0.077135	0.061983	0.001377	0.031680	0.001377	0.001377	
0.001748	0.078671	0.251748	0.194056	0.136364	0.194056	0.097902	0.040210	0.001748	0.001748	0.001748	
0.001748	0.078671	0.174825	0.347902	0.097902	0.117133	0.059441	0.040210	0.040210	0.040210	0.001748	
0.001894	0.085227	0.251894	0.251894	0.022727	0.064394	0.189394	0.106061	0.022727	0.001894	0.001894	
0.001818	0.001818	0.281818	0.101818	0.281818	0.201818	0.041818	0.081818	0.001818	0.001818	0.001818	
0.002674	0.032086	0.120321	0.443850	0.120321	0.149733	0.120321	0.002674	0.002674	0.002674	0.002674	
0.001399	0.047552	0.093706	0.262937	0.216783	0.201399	0.078322	0.047552	0.032168	0.016783	0.001399	
0.001212	0.001212	0.107879	0.201212	0.121212	0.174545	0.161212	0.174545	0.027879	0.001212	0.027879	
0.001377	0.046832	0.152893	0.168044	0.198347	0.107438	0.107438	0.122590	0.046832	0.046832	0.001377	


Vector Pi :

0.002933	0.164223	0.131965	0.035191	0.131965	0.035191	0.099707	0.099707	0.067449	0.131965	0.099707	


Vector Phi :

0.001671	0.186885	0.100370	0.083412	0.079694	0.078531	0.078627	0.052086	0.106905	0.121634	0.110186	
