
Parameters: 11 states AND 11 symbols

Matrix A :

0.090909	0.090909	0.090909	0.090909	0.090909	0.090909	0.090909	0.090909	0.090909	0.090909	0.090909	
0.000805	0.708769	0.248592	0.018504	0.009654	0.009654	0.000805	0.000805	0.000805	0.000805	0.000805	
0.001033	0.239669	0.410124	0.273760	0.035124	0.012397	0.001033	0.023760	0.001033	0.001033	0.001033	
0.000999	0.088911	0.187812	0.440559	0.209790	0.044955	0.011988	0.011988	0.000999	0.000999	0.000999	
0.001818	0.001818	0.061818	0.241818	0.241818	0.301818	0.081818	0.041818	0.001818	0.021818	0.001818	
0.001818	0.021818	0.061818	0.121818	0.201818	0.301818	0.141818	0.061818	0.041818	0.041818	0.001818	
0.002392	0.055024	0.002392	0.028708	0.055024	0.186603	0.370813	0.186603	0.055024	0.028708	0.028708	
0.001855	0.001855	0.022263	0.042672	0.022263	0.042672	0.165121	0.430427	0.185529	0.022263	0.063080	
0.002273	0.002273	0.002273	0.052273	0.027273	0.077273	0.027273	0.227273	0.402273	0.127273	0.052273	
0.003135	0.003135	0.003135	0.003135	0.003135	0.037618	0.072100	0.106583	0.141066	0.416928	0.210031	
0.001783	0.001783	0.001783	0.021390	0.001783	0.001783	0.001783	0.001783	0.119430	0.119430	0.727273	


Matrix B :

0.090909	0.090909	0.090909	0.090909	0.090909	0.090909	0.090909	0.090909	0.090909	0.090909	0.090909	
0.000777	0.222999	0.470862	0.188811	0.103341	0.009324	0.000777	0.000777	0.000777	0.000777	0.000777	
0.000967	0.117988	0.479691	0.149903	0.192456	0.054159	0.000967	0.000967	0.000967	0.000967	0.000967	
0.000947	0.021780	0.365530	0.303030	0.157197	0.146780	0.000947	0.000947	0.000947	0.000947	0.000947	
0.001748	0.020979	0.117133	0.444056	0.290210	0.097902	0.020979	0.001748	0.001748	0.001748	0.001748	
0.001818	0.001818	0.061818	0.361818	0.301818	0.181818	0.081818	0.001818	0.001818	0.001818	0.001818	
0.002273	0.002273	0.152273	0.252273	0.252273	0.252273	0.052273	0.027273	0.002273	0.002273	0.002273	
0.001818	0.001818	0.201818	0.201818	0.181818	0.161818	0.201818	0.021818	0.021818	0.001818	0.001818	
0.002020	0.002020	0.002020	0.268687	0.246465	0.113131	0.179798	0.113131	0.068687	0.002020	0.002020	
0.002841	0.002841	0.002841	0.190341	0.190341	0.065341	0.096591	0.096591	0.190341	0.096591	0.065341	
0.001715	0.020583	0.039451	0.039451	0.265866	0.228130	0.228130	0.039451	0.039451	0.039451	0.058319	


Vector Pi :

0.002933	0.131965	0.164223	0.164223	0.067449	0.002933	0.067449	0.035191	0.164223	0.099707	0.099707	


Vector Phi :

0.001647	0.194126	0.152873	0.154595	0.084319	0.083439	0.062771	0.080296	0.063879	0.045899	0.076156	
