
Parameters: 11 states AND 11 symbols

Matrix A :

0.090909	0.090909	0.090909	0.090909	0.090909	0.090909	0.090909	0.090909	0.090909	0.090909	0.090909	
0.000254	0.924835	0.070086	0.000254	0.003047	0.000254	0.000254	0.000254	0.000254	0.000254	0.000254	
0.001151	0.241657	0.558113	0.115075	0.051784	0.013809	0.013809	0.001151	0.001151	0.001151	0.001151	
0.003497	0.080420	0.234266	0.465035	0.041958	0.041958	0.003497	0.041958	0.041958	0.003497	0.041958	
0.006061	0.072727	0.206061	0.206061	0.206061	0.072727	0.006061	0.072727	0.072727	0.072727	0.006061	
0.006061	0.072727	0.006061	0.072727	0.139394	0.406061	0.139394	0.139394	0.006061	0.006061	0.006061	
0.009091	0.109091	0.009091	0.009091	0.109091	0.309091	0.209091	0.109091	0.009091	0.109091	0.009091	
0.009091	0.009091	0.009091	0.009091	0.009091	0.109091	0.309091	0.209091	0.009091	0.309091	0.009091	
0.007576	0.007576	0.007576	0.007576	0.090909	0.090909	0.090909	0.174242	0.340909	0.174242	0.007576	
0.002841	0.034091	0.002841	0.002841	0.034091	0.002841	0.002841	0.002841	0.096591	0.471591	0.346591	
0.002165	0.002165	0.002165	0.002165	0.002165	0.002165	0.002165	0.002165	0.073593	0.216450	0.692641	


Matrix B :

0.090909	0.090909	0.090909	0.090909	0.090909	0.090909	0.090909	0.090909	0.090909	0.090909	0.090909	
0.000242	0.189072	0.380561	0.151838	0.090667	0.064072	0.072050	0.024178	0.005561	0.005561	0.016199	
0.001082	0.215368	0.262987	0.179654	0.167749	0.084416	0.012987	0.060606	0.012987	0.001082	0.001082	
0.003247	0.110390	0.288961	0.253247	0.181818	0.146104	0.003247	0.003247	0.003247	0.003247	0.003247	
0.006061	0.406061	0.139394	0.206061	0.139394	0.006061	0.006061	0.006061	0.006061	0.072727	0.006061	
0.005348	0.122995	0.064171	0.122995	0.534759	0.122995	0.005348	0.005348	0.005348	0.005348	0.005348	
0.009091	0.009091	0.509091	0.109091	0.009091	0.109091	0.009091	0.109091	0.009091	0.009091	0.109091	
0.009091	0.009091	0.509091	0.109091	0.209091	0.009091	0.109091	0.009091	0.009091	0.009091	0.009091	
0.006993	0.006993	0.160839	0.237762	0.160839	0.083916	0.006993	0.006993	0.006993	0.083916	0.237762	
0.002841	0.034091	0.190341	0.221591	0.127841	0.096591	0.096591	0.065341	0.065341	0.065341	0.034091	
0.002066	0.002066	0.183884	0.115702	0.138430	0.297521	0.024793	0.115702	0.070248	0.024793	0.024793	


Vector Pi :

0.002933	0.615836	0.164223	0.067449	0.002933	0.067449	0.002933	0.002933	0.002933	0.002933	0.067449	


Vector Phi :

0.001781	0.575627	0.129294	0.043696	0.026117	0.026919	0.018168	0.018330	0.024327	0.059000	0.076741	
