
Parameters: 11 states AND 11 symbols

Matrix A :

0.0909091	0.0909091	0.0909091	0.0909091	0.0909091	0.0909091	0.0909091	0.0909091	0.0909091	0.0909091	0.0909091	
0.000108873	0.933043	0.0635819	0.00130648	0.00130648	0.000108873	0.000108873	0.000108873	0.000108873	0.000108873	0.000108873	
0.000396983	0.236205	0.672886	0.070266	0.0178642	0.000396983	0.000396983	0.000396983	0.000396983	0.000396983	0.000396983	
0.0015674	0.0360502	0.329154	0.432602	0.191223	0.0015674	0.0015674	0.0015674	0.0015674	0.0015674	0.0015674	
0.002331	0.002331	0.027972	0.310023	0.386946	0.207459	0.002331	0.0536131	0.002331	0.002331	0.002331	
0.004329	0.004329	0.004329	0.0995671	0.290043	0.480519	0.0519481	0.004329	0.004329	0.0519481	0.004329	
0.030303	0.030303	0.030303	0.030303	0.030303	0.363636	0.363636	0.030303	0.030303	0.030303	0.030303	
0.0181818	0.0181818	0.0181818	0.218182	0.218182	0.0181818	0.0181818	0.0181818	0.218182	0.0181818	0.218182	
0.0181818	0.0181818	0.0181818	0.0181818	0.0181818	0.218182	0.0181818	0.218182	0.418182	0.0181818	0.0181818	
0.030303	0.030303	0.030303	0.030303	0.030303	0.030303	0.030303	0.363636	0.030303	0.030303	0.363636	
0.0151515	0.0151515	0.0151515	0.0151515	0.0151515	0.0151515	0.0151515	0.0151515	0.181818	0.181818	0.515152	


Matrix B :

0.0909091	0.0909091	0.0909091	0.0909091	0.0909091	0.0909091	0.0909091	0.0909091	0.0909091	0.0909091	0.0909091	
0.000103778	0.308323	0.4533	0.181611	0.0423412	0.0103778	0.00238688	0.00124533	0.000103778	0.000103778	0.000103778	
0.000372578	0.00447094	0.135618	0.402012	0.274963	0.152012	0.0208644	0.00447094	0.000372578	0.00447094	0.000372578	
0.0015674	0.0015674	0.0188088	0.105016	0.260188	0.311912	0.173981	0.105016	0.0188088	0.0015674	0.0015674	
0.00221729	0.00221729	0.0509978	0.075388	0.221729	0.197339	0.2949	0.0997783	0.0266075	0.0266075	0.00221729	
0.00413223	0.00413223	0.00413223	0.0495868	0.18595	0.231405	0.0950413	0.140496	0.0495868	0.0495868	0.18595	
0.030303	0.030303	0.030303	0.030303	0.030303	0.030303	0.030303	0.69697	0.030303	0.030303	0.030303	
0.0151515	0.0151515	0.0151515	0.0151515	0.515152	0.181818	0.0151515	0.0151515	0.0151515	0.181818	0.0151515	
0.0181818	0.0181818	0.0181818	0.0181818	0.0181818	0.218182	0.418182	0.0181818	0.218182	0.0181818	0.0181818	
0.030303	0.030303	0.030303	0.030303	0.69697	0.030303	0.030303	0.030303	0.030303	0.030303	0.030303	
0.0151515	0.0151515	0.0151515	0.0151515	0.348485	0.0151515	0.0151515	0.0151515	0.181818	0.181818	0.181818	


Vector Pi :

0.00149031	0.657228	0.263785	0.00149031	0.0342772	0.0178838	0.00149031	0.0178838	0.00149031	0.00149031	0.00149031	


Vector Phi :

0.00082316	0.696507	0.187641	0.0476212	0.032047	0.0172628	0.00246781	0.00411206	0.00411392	0.00246796	0.00493652	
