
Parameters: 11 states AND 11 symbols

Matrix A :

0.090909	0.090909	0.090909	0.090909	0.090909	0.090909	0.090909	0.090909	0.090909	0.090909	0.090909	
0.000469	0.825211	0.124180	0.021087	0.005623	0.000469	0.000469	0.000469	0.010778	0.005623	0.005623	
0.000858	0.236707	0.548027	0.198971	0.010292	0.000858	0.000858	0.000858	0.000858	0.000858	0.000858	
0.001095	0.097481	0.205915	0.531216	0.133625	0.013143	0.001095	0.001095	0.013143	0.001095	0.001095	
0.002597	0.031169	0.088312	0.202597	0.288312	0.288312	0.088312	0.002597	0.002597	0.002597	0.002597	
0.002392	0.002392	0.002392	0.133971	0.186603	0.370813	0.212919	0.028708	0.055024	0.002392	0.002392	
0.003247	0.003247	0.003247	0.003247	0.110390	0.253247	0.360390	0.181818	0.038961	0.003247	0.038961	
0.003636	0.003636	0.003636	0.003636	0.043636	0.203636	0.203636	0.363636	0.123636	0.043636	0.003636	
0.004329	0.004329	0.004329	0.004329	0.004329	0.004329	0.051948	0.290043	0.242424	0.290043	0.099567	
0.002933	0.002933	0.035191	0.002933	0.002933	0.002933	0.002933	0.067449	0.164223	0.422287	0.293255	
0.002392	0.002392	0.055024	0.002392	0.002392	0.002392	0.002392	0.028708	0.028708	0.239234	0.633971	


Matrix B :

0.090909	0.090909	0.090909	0.090909	0.090909	0.090909	0.090909	0.090909	0.090909	0.090909	0.090909	
0.000441	0.238305	0.335393	0.199470	0.112092	0.082966	0.010150	0.015004	0.005296	0.000441	0.000441	
0.000826	0.064463	0.337190	0.246281	0.246281	0.073554	0.019008	0.009917	0.000826	0.000826	0.000826	
0.001070	0.012834	0.118717	0.354011	0.118717	0.201070	0.165775	0.001070	0.024599	0.001070	0.001070	
0.002525	0.030303	0.141414	0.252525	0.252525	0.113636	0.030303	0.085859	0.058081	0.030303	0.002525	
0.002114	0.002114	0.118393	0.188161	0.164905	0.188161	0.188161	0.071882	0.071882	0.002114	0.002114	
0.003247	0.003247	0.074675	0.074675	0.396104	0.288961	0.074675	0.003247	0.038961	0.038961	0.003247	
0.003497	0.003497	0.157343	0.311189	0.118881	0.118881	0.080420	0.041958	0.080420	0.003497	0.080420	
0.004329	0.004329	0.051948	0.147186	0.147186	0.194805	0.099567	0.147186	0.099567	0.051948	0.051948	
0.002674	0.002674	0.061497	0.090909	0.179144	0.179144	0.090909	0.120321	0.179144	0.032086	0.061497	
0.002273	0.002273	0.102273	0.102273	0.252273	0.152273	0.077273	0.077273	0.027273	0.127273	0.077273	


Vector Pi :

0.002933	0.357771	0.131965	0.099707	0.035191	0.164223	0.002933	0.035191	0.002933	0.099707	0.067449	


Vector Phi :

0.001657	0.330252	0.176534	0.134353	0.057326	0.062507	0.046161	0.041418	0.034886	0.051619	0.063287	
