
Parameters: 11 states AND 11 symbols

Matrix A :

0.090909	0.090909	0.090909	0.090909	0.090909	0.090909	0.090909	0.090909	0.090909	0.090909	0.090909	
0.000335	0.760483	0.188527	0.048306	0.000335	0.000335	0.000335	0.000335	0.000335	0.000335	0.000335	
0.000689	0.387052	0.417355	0.144628	0.030992	0.008264	0.008264	0.000689	0.000689	0.000689	0.000689	
0.001653	0.183471	0.383471	0.183471	0.147107	0.056198	0.019835	0.001653	0.019835	0.001653	0.001653	
0.003788	0.128788	0.128788	0.295455	0.295455	0.045455	0.045455	0.045455	0.003788	0.003788	0.003788	
0.011364	0.011364	0.011364	0.136364	0.386364	0.136364	0.136364	0.011364	0.011364	0.136364	0.011364	
0.012987	0.012987	0.155844	0.441558	0.155844	0.155844	0.012987	0.012987	0.012987	0.012987	0.012987	
0.030303	0.030303	0.030303	0.030303	0.030303	0.030303	0.363636	0.030303	0.363636	0.030303	0.030303	
0.030303	0.030303	0.030303	0.030303	0.030303	0.030303	0.030303	0.363636	0.030303	0.030303	0.363636	
0.030303	0.030303	0.030303	0.030303	0.363636	0.030303	0.030303	0.030303	0.030303	0.363636	0.030303	
0.045455	0.045455	0.045455	0.045455	0.045455	0.045455	0.545455	0.045455	0.045455	0.045455	0.045455	


Matrix B :

0.090909	0.090909	0.090909	0.090909	0.090909	0.090909	0.090909	0.090909	0.090909	0.090909	0.090909	
0.000321	0.166399	0.396081	0.265339	0.099261	0.039190	0.025056	0.000321	0.003855	0.003855	0.000321	
0.000664	0.000664	0.102853	0.482415	0.256138	0.132050	0.022561	0.000664	0.000664	0.000664	0.000664	
0.001595	0.001595	0.019139	0.036683	0.282297	0.422648	0.212121	0.019139	0.001595	0.001595	0.001595	
0.003636	0.003636	0.003636	0.043636	0.123636	0.163636	0.243636	0.283636	0.083636	0.043636	0.003636	
0.011364	0.011364	0.011364	0.011364	0.011364	0.136364	0.261364	0.011364	0.386364	0.011364	0.136364	
0.012987	0.012987	0.012987	0.012987	0.012987	0.155844	0.298701	0.298701	0.012987	0.155844	0.012987	
0.030303	0.030303	0.030303	0.030303	0.030303	0.030303	0.030303	0.363636	0.363636	0.030303	0.030303	
0.030303	0.030303	0.030303	0.030303	0.030303	0.030303	0.030303	0.030303	0.363636	0.363636	0.030303	
0.030303	0.030303	0.030303	0.030303	0.030303	0.030303	0.696970	0.030303	0.030303	0.030303	0.030303	
0.045455	0.045455	0.045455	0.045455	0.045455	0.045455	0.045455	0.045455	0.045455	0.045455	0.545455	


Vector Pi :

0.004329	0.575758	0.242424	0.147186	0.004329	0.004329	0.004329	0.004329	0.004329	0.004329	0.004329	


Vector Phi :

0.001983	0.531586	0.258671	0.106513	0.049694	0.015784	0.013914	0.006031	0.005930	0.005935	0.003960	
