
Parameters: 11 states AND 11 symbols

Matrix A :

0.090909	0.090909	0.090909	0.090909	0.090909	0.090909	0.090909	0.090909	0.090909	0.090909	0.090909	
0.000337	0.870707	0.107744	0.015152	0.000337	0.004040	0.000337	0.000337	0.000337	0.000337	0.000337	
0.000733	0.218475	0.549120	0.178152	0.032991	0.008798	0.000733	0.000733	0.000733	0.008798	0.000733	
0.001357	0.090909	0.255088	0.419267	0.180461	0.031208	0.001357	0.001357	0.016282	0.001357	0.001357	
0.002392	0.028708	0.133971	0.318182	0.291866	0.186603	0.028708	0.002392	0.002392	0.002392	0.002392	
0.003135	0.003135	0.037618	0.037618	0.210031	0.485893	0.072100	0.106583	0.037618	0.003135	0.003135	
0.006494	0.006494	0.149351	0.006494	0.220779	0.220779	0.220779	0.149351	0.006494	0.006494	0.006494	
0.006993	0.006993	0.006993	0.006993	0.083916	0.006993	0.237762	0.160839	0.468531	0.006993	0.006993	
0.005051	0.005051	0.005051	0.005051	0.005051	0.005051	0.171717	0.282828	0.171717	0.227273	0.116162	
0.007576	0.007576	0.007576	0.007576	0.007576	0.007576	0.090909	0.007576	0.340909	0.257576	0.257576	
0.006494	0.006494	0.006494	0.006494	0.006494	0.006494	0.006494	0.006494	0.149351	0.220779	0.577922	


Matrix B :

0.090909	0.090909	0.090909	0.090909	0.090909	0.090909	0.090909	0.090909	0.090909	0.090909	0.090909	
0.000321	0.339544	0.272406	0.251205	0.113395	0.017989	0.003855	0.000321	0.000321	0.000321	0.000321	
0.000689	0.114325	0.409780	0.227961	0.144628	0.061295	0.023416	0.008264	0.008264	0.000689	0.000689	
0.001280	0.001280	0.226633	0.297055	0.254802	0.071703	0.057618	0.043534	0.043534	0.001280	0.001280	
0.002331	0.002331	0.053613	0.258741	0.284382	0.258741	0.079254	0.053613	0.002331	0.002331	0.002331	
0.003030	0.003030	0.136364	0.269697	0.103030	0.203030	0.103030	0.069697	0.103030	0.003030	0.003030	
0.006061	0.006061	0.072727	0.006061	0.072727	0.139394	0.339394	0.272727	0.072727	0.006061	0.006061	
0.006494	0.006494	0.006494	0.006494	0.363636	0.220779	0.077922	0.149351	0.006494	0.006494	0.149351	
0.004785	0.004785	0.057416	0.162679	0.320574	0.162679	0.162679	0.057416	0.004785	0.004785	0.057416	
0.007576	0.007576	0.174242	0.174242	0.090909	0.340909	0.090909	0.090909	0.007576	0.007576	0.007576	
0.006494	0.006494	0.077922	0.149351	0.292208	0.220779	0.077922	0.149351	0.006494	0.006494	0.006494	


Vector Pi :

0.002933	0.422287	0.293255	0.099707	0.035191	0.035191	0.035191	0.035191	0.035191	0.002933	0.002933	


Vector Phi :

0.001677	0.447848	0.204215	0.114180	0.064083	0.048793	0.023528	0.021848	0.030244	0.020102	0.023481	
