
Parameters: 11 states AND 11 symbols

Matrix A :

0.090909	0.090909	0.090909	0.090909	0.090909	0.090909	0.090909	0.090909	0.090909	0.090909	0.090909	
0.000203	0.928615	0.067317	0.000203	0.000203	0.000203	0.002441	0.000203	0.000203	0.000203	0.000203	
0.000673	0.208081	0.719192	0.059933	0.008081	0.000673	0.000673	0.000673	0.000673	0.000673	0.000673	
0.003788	0.087121	0.295455	0.587121	0.003788	0.003788	0.003788	0.003788	0.003788	0.003788	0.003788	
0.030303	0.030303	0.030303	0.363636	0.030303	0.363636	0.030303	0.030303	0.030303	0.030303	0.030303	
0.045455	0.045455	0.045455	0.045455	0.045455	0.045455	0.545455	0.045455	0.045455	0.045455	0.045455	
0.018182	0.218182	0.018182	0.018182	0.018182	0.018182	0.218182	0.218182	0.218182	0.018182	0.018182	
0.030303	0.030303	0.030303	0.030303	0.363636	0.030303	0.030303	0.030303	0.363636	0.030303	0.030303	
0.018182	0.018182	0.018182	0.018182	0.018182	0.018182	0.018182	0.218182	0.418182	0.018182	0.218182	
0.045455	0.045455	0.045455	0.045455	0.045455	0.045455	0.545455	0.045455	0.045455	0.045455	0.045455	
0.030303	0.030303	0.030303	0.030303	0.030303	0.030303	0.030303	0.030303	0.030303	0.363636	0.363636	


Matrix B :

0.090909	0.090909	0.090909	0.090909	0.090909	0.090909	0.090909	0.090909	0.090909	0.090909	0.090909	
0.000195	0.362079	0.364220	0.147946	0.055869	0.038739	0.017325	0.013043	0.000195	0.000195	0.000195	
0.000654	0.000654	0.345978	0.417920	0.137345	0.072596	0.015043	0.007848	0.000654	0.000654	0.000654	
0.003788	0.003788	0.003788	0.170455	0.462121	0.253788	0.087121	0.003788	0.003788	0.003788	0.003788	
0.022727	0.022727	0.022727	0.022727	0.022727	0.022727	0.022727	0.522727	0.272727	0.022727	0.022727	
0.045455	0.045455	0.045455	0.045455	0.045455	0.045455	0.045455	0.045455	0.545455	0.045455	0.045455	
0.018182	0.018182	0.018182	0.018182	0.018182	0.018182	0.218182	0.018182	0.418182	0.218182	0.018182	
0.030303	0.030303	0.030303	0.030303	0.030303	0.030303	0.363636	0.030303	0.030303	0.363636	0.030303	
0.018182	0.018182	0.018182	0.018182	0.018182	0.018182	0.218182	0.018182	0.018182	0.018182	0.618182	
0.045455	0.045455	0.045455	0.045455	0.045455	0.045455	0.045455	0.045455	0.545455	0.045455	0.045455	
0.030303	0.030303	0.030303	0.030303	0.030303	0.030303	0.030303	0.030303	0.696970	0.030303	0.030303	


Vector Pi :

0.003497	0.772727	0.157343	0.003497	0.041958	0.003497	0.003497	0.003497	0.003497	0.003497	0.003497	


Vector Phi :

0.001587	0.709524	0.214286	0.038095	0.004762	0.003175	0.007937	0.004762	0.007937	0.003175	0.004762	
