
Parameters: 11 states AND 11 symbols

Matrix A :

0.0454545	0.0454545	0.0454545	0.0454545	0.0454545	0.0454545	0.0454545	0.0454545	0.0454545	0.0454545	0.545455	
0.000205212	0.867022	0.131131	0.000205212	0.000205212	0.000205212	0.000205212	0.000205212	0.000205212	0.000205212	0.000205212	
0.000315657	0.198232	0.673927	0.114899	0.0107323	0.000315657	0.000315657	0.000315657	0.000315657	0.000315657	0.000315657	
0.000531632	0.00637959	0.187666	0.678894	0.123339	0.000531632	0.000531632	0.000531632	0.000531632	0.000531632	0.000531632	
0.00109529	0.00109529	0.0372399	0.254107	0.507119	0.181818	0.0131435	0.00109529	0.00109529	0.00109529	0.00109529	
0.0011655	0.0011655	0.0011655	0.013986	0.206294	0.61655	0.155012	0.0011655	0.0011655	0.0011655	0.0011655	
0.00197628	0.00197628	0.00197628	0.00197628	0.00197628	0.284585	0.480237	0.197628	0.0237154	0.00197628	0.00197628	
0.002457	0.002457	0.002457	0.002457	0.002457	0.029484	0.272727	0.515971	0.164619	0.002457	0.002457	
0.00378788	0.00378788	0.00378788	0.00378788	0.00378788	0.00378788	0.00378788	0.337121	0.462121	0.170455	0.00378788	
0.00606061	0.00606061	0.00606061	0.00606061	0.00606061	0.00606061	0.00606061	0.00606061	0.272727	0.472727	0.206061	
0.0839161	0.00699301	0.00699301	0.00699301	0.00699301	0.00699301	0.00699301	0.00699301	0.00699301	0.237762	0.622378	


Matrix B :

0.030303	0.030303	0.030303	0.030303	0.030303	0.030303	0.030303	0.030303	0.030303	0.69697	0.030303	
0.000194666	0.4927	0.458439	0.0280319	0.015184	0.00447732	0.000194666	0.000194666	0.000194666	0.000194666	0.000194666	
0.000304044	0.0237154	0.749468	0.200973	0.0237154	0.000304044	0.000304044	0.000304044	0.000304044	0.000304044	0.000304044	
0.000513611	0.000513611	0.0231125	0.67848	0.2717	0.0231125	0.000513611	0.000513611	0.000513611	0.000513611	0.000513611	
0.00103306	0.00103306	0.00103306	0.14876	0.603306	0.216942	0.0237603	0.00103306	0.00103306	0.00103306	0.00103306	
0.00109529	0.00109529	0.00109529	0.00109529	0.109529	0.543264	0.266156	0.0733844	0.00109529	0.00109529	0.00109529	
0.00185529	0.00185529	0.00185529	0.00185529	0.0222635	0.0834879	0.512059	0.205937	0.165121	0.00185529	0.00185529	
0.00239234	0.00239234	0.00239234	0.00239234	0.0287081	0.00239234	0.370813	0.291866	0.107656	0.186603	0.00239234	
0.003367	0.003367	0.003367	0.003367	0.003367	0.0774411	0.040404	0.299663	0.3367	0.225589	0.003367	
0.00568182	0.00568182	0.00568182	0.00568182	0.00568182	0.00568182	0.00568182	0.00568182	0.380682	0.443182	0.130682	
0.00699301	0.00699301	0.00699301	0.00699301	0.00699301	0.00699301	0.00699301	0.00699301	0.237762	0.237762	0.468531	


Vector Pi :

0.0178838	0.394933	0.181818	0.0834575	0.0834575	0.0834575	0.0506706	0.0178838	0.0670641	0.0178838	0.00149031	


Vector Phi :

0.00154815	0.373303	0.243709	0.146599	0.0696464	0.0635912	0.0363464	0.0277663	0.0166885	0.0109817	0.00982055	
