
Parameters: 11 states AND 11 symbols

Matrix A :

0.0909091	0.0909091	0.0909091	0.0909091	0.0909091	0.0909091	0.0909091	0.0909091	0.0909091	0.0909091	0.0909091	
0.000136091	0.747142	0.226184	0.0255852	0.000136091	0.000136091	0.000136091	0.000136091	0.000136091	0.000136091	0.000136091	
0.000280584	0.432379	0.395342	0.126824	0.0342312	0.00645342	0.003367	0.000280584	0.000280584	0.000280584	0.000280584	
0.000811688	0.19724	0.286526	0.286526	0.170455	0.0275974	0.00974026	0.0186688	0.000811688	0.000811688	0.000811688	
0.00174825	0.0979021	0.174825	0.309441	0.155594	0.155594	0.0786713	0.020979	0.00174825	0.00174825	0.00174825	
0.004329	0.004329	0.147186	0.147186	0.290043	0.0519481	0.147186	0.0995671	0.0995671	0.004329	0.004329	
0.00534759	0.0641711	0.00534759	0.122995	0.299465	0.181818	0.181818	0.00534759	0.122995	0.00534759	0.00534759	
0.0151515	0.0151515	0.181818	0.0151515	0.0151515	0.348485	0.181818	0.0151515	0.0151515	0.0151515	0.181818	
0.0181818	0.0181818	0.0181818	0.0181818	0.218182	0.0181818	0.618182	0.0181818	0.0181818	0.0181818	0.0181818	
0.0909091	0.0909091	0.0909091	0.0909091	0.0909091	0.0909091	0.0909091	0.0909091	0.0909091	0.0909091	0.0909091	
0.0454545	0.0454545	0.0454545	0.0454545	0.545455	0.0454545	0.0454545	0.0454545	0.0454545	0.0454545	0.0454545	


Matrix B :

0.0909091	0.0909091	0.0909091	0.0909091	0.0909091	0.0909091	0.0909091	0.0909091	0.0909091	0.0909091	0.0909091	
0.000130617	0.442659	0.45559	0.0777168	0.017372	0.00587774	0.000130617	0.000130617	0.000130617	0.000130617	0.000130617	
0.000265041	0.00609594	0.329711	0.446329	0.166446	0.0439968	0.00609594	0.000265041	0.000265041	0.000265041	0.000265041	
0.000757576	0.000757576	0.0674242	0.300758	0.442424	0.100758	0.0674242	0.0174242	0.000757576	0.000757576	0.000757576	
0.00171527	0.00171527	0.00171527	0.114923	0.341338	0.22813	0.114923	0.152659	0.00171527	0.00171527	0.0394511	
0.00378788	0.00378788	0.00378788	0.253788	0.212121	0.295455	0.0454545	0.0871212	0.0454545	0.00378788	0.0454545	
0.00505051	0.00505051	0.00505051	0.00505051	0.171717	0.171717	0.171717	0.171717	0.227273	0.0606061	0.00505051	
0.0151515	0.0151515	0.0151515	0.0151515	0.515152	0.348485	0.0151515	0.0151515	0.0151515	0.0151515	0.0151515	
0.0181818	0.0181818	0.0181818	0.0181818	0.0181818	0.0181818	0.218182	0.218182	0.0181818	0.0181818	0.418182	
0.0909091	0.0909091	0.0909091	0.0909091	0.0909091	0.0909091	0.0909091	0.0909091	0.0909091	0.0909091	0.0909091	
0.0454545	0.0454545	0.0454545	0.0454545	0.0454545	0.545455	0.0454545	0.0454545	0.0454545	0.0454545	0.0454545	


Vector Pi :

0.00149031	0.460507	0.296572	0.132638	0.0178838	0.0670641	0.0178838	0.00149031	0.00149031	0.00149031	0.00149031	


Vector Phi :

0.000808582	0.554097	0.26929	0.0923355	0.0423865	0.0162513	0.0136311	0.0048203	0.00395998	0.000808582	0.00161196	
