
Parameters: 11 states AND 11 symbols

Matrix A :

0.0909091	0.0909091	0.0909091	0.0909091	0.0909091	0.0909091	0.0909091	0.0909091	0.0909091	0.0909091	0.0909091	
0.000182916	0.611853	0.287909	0.0786537	0.0162795	0.00420706	0.000182916	0.000182916	0.000182916	0.000182916	0.000182916	
0.000249066	0.411208	0.350934	0.197509	0.0276463	0.011208	0.000249066	0.000249066	0.000249066	0.000249066	0.000249066	
0.000443459	0.185809	0.337029	0.293126	0.132151	0.0443459	0.00532151	0.000443459	0.000443459	0.000443459	0.000443459	
0.0012285	0.0282555	0.244472	0.298526	0.217445	0.176904	0.0282555	0.0012285	0.0012285	0.0012285	0.0012285	
0.00206612	0.0247934	0.0929752	0.229339	0.229339	0.252066	0.115702	0.0475207	0.00206612	0.00206612	0.00206612	
0.00826446	0.00826446	0.190083	0.0991736	0.190083	0.190083	0.0991736	0.00826446	0.0991736	0.00826446	0.0991736	
0.030303	0.030303	0.030303	0.030303	0.030303	0.363636	0.030303	0.030303	0.363636	0.030303	0.030303	
0.030303	0.030303	0.030303	0.030303	0.030303	0.363636	0.030303	0.030303	0.030303	0.030303	0.363636	
0.0454545	0.0454545	0.0454545	0.0454545	0.0454545	0.0454545	0.545455	0.0454545	0.0454545	0.0454545	0.0454545	
0.0227273	0.0227273	0.0227273	0.272727	0.0227273	0.0227273	0.0227273	0.0227273	0.0227273	0.272727	0.272727	


Matrix B :

0.0909091	0.0909091	0.0909091	0.0909091	0.0909091	0.0909091	0.0909091	0.0909091	0.0909091	0.0909091	0.0909091	
0.000172831	0.386104	0.306256	0.16177	0.0952299	0.0229865	0.0248877	0.000172831	0.00207397	0.000172831	0.000172831	
0.000239234	0.163397	0.450239	0.223923	0.0949761	0.0476077	0.00813397	0.0107656	0.000239234	0.000239234	0.000239234	
0.000422833	0.005074	0.367865	0.339958	0.14926	0.0515856	0.0422833	0.0190275	0.00972516	0.005074	0.00972516	
0.0011655	0.0011655	0.11655	0.398601	0.334499	0.0909091	0.039627	0.013986	0.0011655	0.0011655	0.0011655	
0.0020202	0.0020202	0.0242424	0.157576	0.357576	0.135354	0.135354	0.0686869	0.0909091	0.0020202	0.0242424	
0.00757576	0.00757576	0.00757576	0.0909091	0.257576	0.174242	0.257576	0.0909091	0.00757576	0.00757576	0.0909091	
0.030303	0.030303	0.030303	0.030303	0.363636	0.030303	0.363636	0.030303	0.030303	0.030303	0.030303	
0.030303	0.030303	0.030303	0.030303	0.030303	0.363636	0.030303	0.363636	0.030303	0.030303	0.030303	
0.0454545	0.0454545	0.0454545	0.0454545	0.0454545	0.0454545	0.0454545	0.545455	0.0454545	0.0454545	0.0454545	
0.0227273	0.0227273	0.0227273	0.0227273	0.0227273	0.0227273	0.522727	0.272727	0.0227273	0.0227273	0.0227273	


Vector Pi :

0.00149031	0.493294	0.247392	0.149031	0.0670641	0.0178838	0.0178838	0.00149031	0.00149031	0.00149031	0.00149031	


Vector Phi :

0.000829238	0.409537	0.301914	0.1707	0.061414	0.0365182	0.00913111	0.00248915	0.00248906	0.00165891	0.0033187	
