
Parameters: 11 states AND 11 symbols

Matrix A :

0.0909091	0.0909091	0.0909091	0.0909091	0.0909091	0.0909091	0.0909091	0.0909091	0.0909091	0.0909091	0.0909091	
0.000144071	0.748163	0.215675	0.0286702	0.00489843	0.00172886	0.000144071	0.000144071	0.000144071	0.000144071	0.000144071	
0.00027972	0.384895	0.431049	0.12951	0.0464336	0.00335664	0.00027972	0.00335664	0.00027972	0.00027972	0.00027972	
0.000790514	0.252964	0.270356	0.270356	0.157312	0.0268775	0.0181818	0.000790514	0.000790514	0.000790514	0.000790514	
0.00121212	0.0412121	0.134545	0.214545	0.347879	0.161212	0.0678788	0.0145455	0.0145455	0.00121212	0.00121212	
0.003367	0.0774411	0.114478	0.0774411	0.299663	0.188552	0.0774411	0.0774411	0.040404	0.040404	0.003367	
0.00699301	0.00699301	0.0839161	0.237762	0.160839	0.237762	0.0839161	0.160839	0.00699301	0.00699301	0.00699301	
0.00757576	0.00757576	0.174242	0.0909091	0.174242	0.0909091	0.174242	0.174242	0.00757576	0.00757576	0.0909091	
0.0227273	0.0227273	0.0227273	0.272727	0.0227273	0.0227273	0.0227273	0.0227273	0.272727	0.272727	0.0227273	
0.030303	0.030303	0.030303	0.030303	0.030303	0.030303	0.030303	0.69697	0.030303	0.030303	0.030303	
0.030303	0.030303	0.030303	0.030303	0.030303	0.030303	0.030303	0.363636	0.030303	0.030303	0.363636	


Matrix B :

0.0909091	0.0909091	0.0909091	0.0909091	0.0909091	0.0909091	0.0909091	0.0909091	0.0909091	0.0909091	0.0909091	
0.000136705	0.299385	0.312919	0.174573	0.120437	0.0632946	0.0151743	0.00464798	0.0076555	0.00164046	0.000136705	
0.000268168	0.00911773	0.392599	0.265755	0.174309	0.0622151	0.0622151	0.0179673	0.00911773	0.00616787	0.000268168	
0.000751315	0.000751315	0.0586026	0.33133	0.265214	0.124718	0.0833959	0.0420736	0.0420736	0.0503381	0.000751315	
0.00115075	0.00115075	0.00115075	0.153049	0.279632	0.266974	0.140391	0.127733	0.013809	0.013809	0.00115075	
0.00324675	0.00324675	0.00324675	0.00324675	0.324675	0.253247	0.288961	0.11039	0.00324675	0.00324675	0.00324675	
0.00649351	0.00649351	0.00649351	0.00649351	0.00649351	0.435065	0.363636	0.0779221	0.00649351	0.0779221	0.00649351	
0.00757576	0.00757576	0.00757576	0.00757576	0.00757576	0.00757576	0.424242	0.174242	0.174242	0.174242	0.00757576	
0.0227273	0.0227273	0.0227273	0.0227273	0.0227273	0.0227273	0.272727	0.272727	0.0227273	0.0227273	0.272727	
0.030303	0.030303	0.030303	0.030303	0.030303	0.030303	0.030303	0.030303	0.030303	0.69697	0.030303	
0.030303	0.030303	0.030303	0.030303	0.030303	0.030303	0.030303	0.030303	0.030303	0.69697	0.030303	


Vector Pi :

0.00149031	0.542474	0.247392	0.099851	0.0670641	0.0178838	0.0178838	0.00149031	0.00149031	0.00149031	0.00149031	


Vector Phi :

0.000825681	0.52339	0.26778	0.0949342	0.0618941	0.0222874	0.0107299	0.00990374	0.00330186	0.00247661	0.00247649	
