
Parameters: 11 states AND 11 symbols

Matrix A :

0.090909	0.090909	0.090909	0.090909	0.090909	0.090909	0.090909	0.090909	0.090909	0.090909	0.090909	
0.000385	0.873267	0.097843	0.008860	0.004622	0.004622	0.000385	0.004622	0.000385	0.004622	0.000385	
0.000883	0.263019	0.593116	0.117387	0.010591	0.010591	0.000883	0.000883	0.000883	0.000883	0.000883	
0.002066	0.047521	0.252066	0.365702	0.229339	0.070248	0.024793	0.002066	0.002066	0.002066	0.002066	
0.002114	0.002114	0.048626	0.211416	0.420719	0.234672	0.048626	0.025370	0.002114	0.002114	0.002114	
0.001490	0.017884	0.034277	0.067064	0.116244	0.394933	0.247392	0.083458	0.017884	0.017884	0.001490	
0.002165	0.002165	0.025974	0.002165	0.097403	0.406926	0.287879	0.145022	0.025974	0.002165	0.002165	
0.003636	0.003636	0.003636	0.003636	0.043636	0.083636	0.363636	0.243636	0.203636	0.043636	0.003636	
0.004545	0.004545	0.004545	0.004545	0.004545	0.054545	0.054545	0.204545	0.304545	0.254545	0.104545	
0.005682	0.005682	0.005682	0.005682	0.005682	0.068182	0.068182	0.068182	0.380682	0.255682	0.130682	
0.010101	0.010101	0.121212	0.010101	0.010101	0.010101	0.010101	0.010101	0.010101	0.343434	0.454545	


Matrix B :

0.090909	0.090909	0.090909	0.090909	0.090909	0.090909	0.090909	0.090909	0.090909	0.090909	0.090909	
0.000367	0.258431	0.290689	0.161657	0.145528	0.081012	0.036657	0.020528	0.004399	0.000367	0.000367	
0.000842	0.065657	0.130471	0.473064	0.102694	0.102694	0.019360	0.019360	0.019360	0.028620	0.037879	
0.001934	0.001934	0.108317	0.193424	0.257253	0.257253	0.065764	0.044487	0.023211	0.001934	0.044487	
0.001976	0.001976	0.197628	0.132411	0.132411	0.262846	0.154150	0.067194	0.045455	0.001976	0.001976	
0.001443	0.017316	0.049062	0.112554	0.287157	0.176046	0.128427	0.096681	0.080808	0.049062	0.001443	
0.002020	0.002020	0.068687	0.113131	0.202020	0.113131	0.268687	0.113131	0.068687	0.002020	0.046465	
0.003636	0.003636	0.003636	0.083636	0.283636	0.243636	0.203636	0.043636	0.123636	0.003636	0.003636	
0.004132	0.004132	0.095041	0.095041	0.185950	0.413223	0.049587	0.095041	0.004132	0.049587	0.004132	
0.005682	0.005682	0.005682	0.193182	0.130682	0.255682	0.130682	0.193182	0.068182	0.005682	0.005682	
0.010101	0.010101	0.121212	0.121212	0.232323	0.121212	0.121212	0.232323	0.010101	0.010101	0.010101	


Vector Pi :

0.002933	0.357771	0.196481	0.099707	0.099707	0.067449	0.099707	0.002933	0.067449	0.002933	0.002933	


Vector Phi :

0.001659	0.399206	0.168359	0.072569	0.071161	0.101092	0.069646	0.041513	0.033225	0.026614	0.014955	
