
Parameters: 11 states AND 11 symbols

Matrix A :

0.0909091	0.0909091	0.0909091	0.0909091	0.0909091	0.0909091	0.0909091	0.0909091	0.0909091	0.0909091	0.0909091	
8.57633e-05	0.949142	0.0463122	0.00197256	0.00102916	8.57633e-05	8.57633e-05	8.57633e-05	0.00102916	8.57633e-05	8.57633e-05	
0.000927644	0.409091	0.419295	0.0723562	0.0213358	0.041744	0.0111317	0.000927644	0.0111317	0.000927644	0.0111317	
0.00478469	0.373206	0.267943	0.110048	0.215311	0.00478469	0.00478469	0.00478469	0.00478469	0.00478469	0.00478469	
0.00757576	0.0909091	0.257576	0.340909	0.174242	0.00757576	0.0909091	0.00757576	0.00757576	0.00757576	0.00757576	
0.012987	0.298701	0.012987	0.298701	0.298701	0.012987	0.012987	0.012987	0.012987	0.012987	0.012987	
0.030303	0.030303	0.030303	0.363636	0.030303	0.030303	0.030303	0.030303	0.030303	0.363636	0.030303	
0.0454545	0.545455	0.0454545	0.0454545	0.0454545	0.0454545	0.0454545	0.0454545	0.0454545	0.0454545	0.0454545	
0.030303	0.030303	0.030303	0.030303	0.030303	0.363636	0.030303	0.363636	0.030303	0.030303	0.030303	
0.0454545	0.545455	0.0454545	0.0454545	0.0454545	0.0454545	0.0454545	0.0454545	0.0454545	0.0454545	0.0454545	
0.0454545	0.0454545	0.0454545	0.0454545	0.0454545	0.545455	0.0454545	0.0454545	0.0454545	0.0454545	0.0454545	


Matrix B :

0.0909091	0.0909091	0.0909091	0.0909091	0.0909091	0.0909091	0.0909091	0.0909091	0.0909091	0.0909091	0.0909091	
8.15328e-05	0.137301	0.33192	0.268243	0.148064	0.068243	0.0287811	0.0117407	0.00366898	0.000978394	0.000978394	
0.000891266	0.000891266	0.138146	0.206774	0.19697	0.0793226	0.236185	0.0793226	0.040107	0.0204991	0.000891266	
0.00478469	0.00478469	0.0574163	0.110048	0.162679	0.373206	0.0574163	0.110048	0.0574163	0.0574163	0.00478469	
0.00699301	0.00699301	0.00699301	0.00699301	0.0839161	0.391608	0.0839161	0.237762	0.0839161	0.00699301	0.0839161	
0.012987	0.012987	0.012987	0.155844	0.298701	0.155844	0.155844	0.155844	0.012987	0.012987	0.012987	
0.030303	0.030303	0.030303	0.030303	0.030303	0.363636	0.030303	0.030303	0.030303	0.363636	0.030303	
0.0454545	0.0454545	0.0454545	0.0454545	0.0454545	0.545455	0.0454545	0.0454545	0.0454545	0.0454545	0.0454545	
0.030303	0.030303	0.030303	0.030303	0.363636	0.363636	0.030303	0.030303	0.030303	0.030303	0.030303	
0.0454545	0.0454545	0.0454545	0.0454545	0.0454545	0.0454545	0.545455	0.0454545	0.0454545	0.0454545	0.0454545	
0.0454545	0.0454545	0.0454545	0.0454545	0.0454545	0.0454545	0.0454545	0.0454545	0.0454545	0.545455	0.0454545	


Vector Pi :

0.00149031	0.919523	0.0506706	0.00149031	0.0178838	0.00149031	0.00149031	0.00149031	0.00149031	0.00149031	0.00149031	


Vector Phi :

0.000836891	0.874772	0.0824894	0.015925	0.0100531	0.00587774	0.00251638	0.00167152	0.00250388	0.00167568	0.00167862	
