
Parameters: 11 states AND 11 symbols

Matrix A :

0.0909091	0.0909091	0.0909091	0.0909091	0.0909091	0.0909091	0.0909091	0.0909091	0.0909091	0.0909091	0.0909091	
0.000208986	0.473772	0.273772	0.13814	0.0599791	0.0277952	0.0140021	0.00710554	0.00480669	0.000208986	0.000208986	
0.000280584	0.413861	0.305836	0.170034	0.0496633	0.040404	0.0157127	0.003367	0.000280584	0.000280584	0.000280584	
0.000441306	0.296558	0.306267	0.218888	0.0829656	0.0538394	0.0198588	0.01015	0.00529568	0.00529568	0.000441306	
0.000909091	0.150909	0.230909	0.280909	0.150909	0.0509091	0.0909091	0.0309091	0.000909091	0.000909091	0.0109091	
0.00137741	0.22865	0.137741	0.168044	0.183196	0.152893	0.077135	0.0316804	0.00137741	0.00137741	0.0165289	
0.00227273	0.0522727	0.127273	0.0772727	0.152273	0.227273	0.177273	0.0522727	0.0522727	0.0522727	0.0272727	
0.00478469	0.110048	0.162679	0.0574163	0.215311	0.110048	0.162679	0.162679	0.00478469	0.00478469	0.00478469	
0.012987	0.012987	0.012987	0.155844	0.155844	0.298701	0.012987	0.155844	0.012987	0.155844	0.012987	
0.0151515	0.0151515	0.181818	0.0151515	0.0151515	0.181818	0.0151515	0.0151515	0.181818	0.181818	0.181818	
0.0181818	0.0181818	0.218182	0.0181818	0.418182	0.0181818	0.0181818	0.218182	0.0181818	0.0181818	0.0181818	


Matrix B :

0.0909091	0.0909091	0.0909091	0.0909091	0.0909091	0.0909091	0.0909091	0.0909091	0.0909091	0.0909091	0.0909091	
0.00020024	0.222667	0.365839	0.211654	0.114738	0.0420505	0.0222267	0.0156187	0.00240288	0.00240288	0.00020024	
0.000265816	0.000265816	0.280968	0.386231	0.178628	0.0909091	0.0499734	0.00903775	0.00318979	0.000265816	0.000265816	
0.0004095	0.0004095	0.00941851	0.329238	0.320229	0.162572	0.113022	0.0274365	0.0184275	0.013923	0.004914	
0.000882613	0.000882613	0.000882613	0.0397176	0.389232	0.263019	0.136805	0.107679	0.0397176	0.0203001	0.000882613	
0.00131752	0.00131752	0.00131752	0.00131752	0.0592885	0.291173	0.392622	0.189723	0.0447958	0.0158103	0.00131752	
0.00221729	0.00221729	0.00221729	0.00221729	0.00221729	0.075388	0.31929	0.343681	0.221729	0.0266075	0.00221729	
0.00478469	0.00478469	0.00478469	0.00478469	0.00478469	0.00478469	0.110048	0.373206	0.373206	0.0574163	0.0574163	
0.012987	0.012987	0.012987	0.012987	0.012987	0.012987	0.155844	0.298701	0.155844	0.155844	0.155844	
0.0151515	0.0151515	0.0151515	0.0151515	0.0151515	0.0151515	0.0151515	0.181818	0.181818	0.515152	0.0151515	
0.0181818	0.0181818	0.0181818	0.0181818	0.0181818	0.0181818	0.0181818	0.0181818	0.0181818	0.218182	0.618182	


Vector Pi :

0.00149031	0.296572	0.296572	0.280179	0.0506706	0.0506706	0.0178838	0.00149031	0.00149031	0.00149031	0.00149031	


Vector Phi :

0.000826563	0.360822	0.26797	0.169485	0.0826823	0.0545571	0.0330722	0.0157085	0.00578782	0.0049557	0.00413276	
