
Parameters: 11 states AND 11 symbols

Matrix A :

0.0454545	0.0454545	0.0454545	0.0454545	0.0454545	0.0454545	0.0454545	0.0454545	0.545455	0.0454545	0.0454545	
9.10001e-05	0.972063	0.024115	0.003094	9.10001e-05	9.10001e-05	9.10001e-05	9.10001e-05	9.10001e-05	9.10001e-05	9.10001e-05	
0.000640205	0.190781	0.768246	0.0358515	0.000640205	0.000640205	0.000640205	0.000640205	0.000640205	0.000640205	0.000640205	
0.0026738	0.0320856	0.208556	0.590909	0.120321	0.0026738	0.0026738	0.0320856	0.0026738	0.0026738	0.0026738	
0.00568182	0.00568182	0.00568182	0.255682	0.630682	0.0681818	0.00568182	0.00568182	0.00568182	0.00568182	0.00568182	
0.030303	0.030303	0.030303	0.030303	0.363636	0.363636	0.030303	0.030303	0.030303	0.030303	0.030303	
0.0909091	0.0909091	0.0909091	0.0909091	0.0909091	0.0909091	0.0909091	0.0909091	0.0909091	0.0909091	0.0909091	
0.0454545	0.0454545	0.0454545	0.0454545	0.0454545	0.0454545	0.0454545	0.0454545	0.0454545	0.545455	0.0454545	
0.0454545	0.0454545	0.0454545	0.545455	0.0454545	0.0454545	0.0454545	0.0454545	0.0454545	0.0454545	0.0454545	
0.0454545	0.0454545	0.0454545	0.0454545	0.0454545	0.0454545	0.0454545	0.0454545	0.0454545	0.0454545	0.545455	
0.545455	0.0454545	0.0454545	0.0454545	0.0454545	0.0454545	0.0454545	0.0454545	0.0454545	0.0454545	0.0454545	


Matrix B :

0.0454545	0.0454545	0.0454545	0.0454545	0.0454545	0.0454545	0.545455	0.0454545	0.0454545	0.0454545	0.0454545	
8.65801e-05	0.954372	0.0391342	0.00103896	8.65801e-05	0.00199134	8.65801e-05	8.65801e-05	0.00199134	8.65801e-05	0.00103896	
0.000618429	0.769326	0.225108	0.000618429	0.000618429	0.000618429	0.000618429	0.000618429	0.000618429	0.000618429	0.000618429	
0.002457	0.029484	0.867322	0.002457	0.002457	0.002457	0.002457	0.029484	0.002457	0.029484	0.029484	
0.00534759	0.00534759	0.828877	0.0641711	0.00534759	0.0641711	0.00534759	0.00534759	0.00534759	0.00534759	0.00534759	
0.030303	0.030303	0.363636	0.363636	0.030303	0.030303	0.030303	0.030303	0.030303	0.030303	0.030303	
0.0909091	0.0909091	0.0909091	0.0909091	0.0909091	0.0909091	0.0909091	0.0909091	0.0909091	0.0909091	0.0909091	
0.0454545	0.0454545	0.0454545	0.0454545	0.0454545	0.0454545	0.0454545	0.0454545	0.0454545	0.545455	0.0454545	
0.0454545	0.0454545	0.0454545	0.0454545	0.0454545	0.0454545	0.0454545	0.0454545	0.545455	0.0454545	0.0454545	
0.0454545	0.0454545	0.0454545	0.0454545	0.0454545	0.545455	0.0454545	0.0454545	0.0454545	0.0454545	0.0454545	
0.0454545	0.0454545	0.545455	0.0454545	0.0454545	0.0454545	0.0454545	0.0454545	0.0454545	0.0454545	0.0454545	


Vector Pi :

0.00149031	0.821162	0.099851	0.0506706	0.0178838	0.00149031	0.00149031	0.00149031	0.00149031	0.00149031	0.00149031	


Vector Phi :

0.00163511	0.833465	0.114269	0.0277555	0.0130675	0.00245155	0.000817626	0.00163397	0.00163519	0.00163462	0.00163495	
