
Parameters: 11 states AND 11 symbols

Matrix A :

0.0909091	0.0909091	0.0909091	0.0909091	0.0909091	0.0909091	0.0909091	0.0909091	0.0909091	0.0909091	0.0909091	
0.000142491	0.904531	0.092619	0.00170989	0.000142491	0.000142491	0.000142491	0.000142491	0.000142491	0.000142491	0.000142491	
0.000306091	0.192225	0.690542	0.111417	0.00367309	0.000306091	0.000306091	0.000306091	0.000306091	0.000306091	0.000306091	
0.000658762	0.0223979	0.225296	0.631094	0.0948617	0.0223979	0.000658762	0.000658762	0.000658762	0.000658762	0.000658762	
0.00178253	0.00178253	0.0213904	0.256684	0.550802	0.158645	0.00178253	0.00178253	0.00178253	0.00178253	0.00178253	
0.0025974	0.0025974	0.0025974	0.0883117	0.231169	0.516883	0.0883117	0.0597403	0.0025974	0.0025974	0.0025974	
0.00454545	0.00454545	0.00454545	0.00454545	0.00454545	0.254545	0.604545	0.104545	0.00454545	0.00454545	0.00454545	
0.0113636	0.0113636	0.0113636	0.0113636	0.0113636	0.0113636	0.386364	0.136364	0.261364	0.136364	0.0113636	
0.0181818	0.0181818	0.0181818	0.0181818	0.0181818	0.0181818	0.218182	0.418182	0.218182	0.0181818	0.0181818	
0.030303	0.030303	0.030303	0.030303	0.030303	0.030303	0.030303	0.030303	0.363636	0.030303	0.363636	
0.0227273	0.0227273	0.0227273	0.0227273	0.0227273	0.0227273	0.0227273	0.0227273	0.0227273	0.272727	0.522727	


Matrix B :

0.0909091	0.0909091	0.0909091	0.0909091	0.0909091	0.0909091	0.0909091	0.0909091	0.0909091	0.0909091	0.0909091	
0.000136295	0.347962	0.353959	0.139567	0.0676026	0.0331198	0.016628	0.0196266	0.0121303	0.0031348	0.0061333	
0.0002886	0.1114	0.479654	0.162193	0.0923521	0.0637807	0.0383838	0.0256854	0.00981241	0.00981241	0.00663781	
0.000626959	0.000626959	0.297179	0.324765	0.117868	0.076489	0.0695925	0.0489028	0.0282132	0.0282132	0.00752351	
0.00174825	0.00174825	0.0786713	0.463287	0.232517	0.0979021	0.0402098	0.020979	0.0594406	0.00174825	0.00174825	
0.002457	0.002457	0.002457	0.434889	0.191646	0.2457	0.029484	0.0565111	0.029484	0.002457	0.002457	
0.00413223	0.00413223	0.00413223	0.140496	0.322314	0.458678	0.00413223	0.0495868	0.00413223	0.00413223	0.00413223	
0.0113636	0.0113636	0.0113636	0.0113636	0.136364	0.511364	0.136364	0.136364	0.0113636	0.0113636	0.0113636	
0.0181818	0.0181818	0.0181818	0.0181818	0.0181818	0.418182	0.218182	0.218182	0.0181818	0.0181818	0.0181818	
0.030303	0.030303	0.030303	0.030303	0.030303	0.030303	0.363636	0.363636	0.030303	0.030303	0.030303	
0.0181818	0.0181818	0.0181818	0.0181818	0.0181818	0.0181818	0.0181818	0.418182	0.418182	0.0181818	0.0181818	


Vector Pi :

0.00149031	0.4769	0.296572	0.116244	0.0178838	0.0342772	0.0342772	0.00149031	0.00149031	0.00149031	0.0178838	


Vector Phi :

0.000833904	0.531576	0.24749	0.115023	0.042521	0.0291888	0.0166849	0.00667335	0.00417082	0.00250234	0.00333647	
