
Parameters: 11 states AND 11 symbols

Matrix A :

0.0909091	0.0909091	0.0909091	0.0909091	0.0909091	0.0909091	0.0909091	0.0909091	0.0909091	0.0909091	0.0909091	
0.000135888	0.873081	0.113738	0.00760973	0.00312542	0.000135888	0.00163066	0.000135888	0.000135888	0.000135888	0.000135888	
0.000299043	0.260167	0.61872	0.105562	0.00687799	0.00358852	0.000299043	0.000299043	0.00358852	0.000299043	0.000299043	
0.000834028	0.0191827	0.312761	0.487073	0.129274	0.0191827	0.000834028	0.0100083	0.0100083	0.000834028	0.0100083	
0.00174825	0.020979	0.0594406	0.29021	0.405594	0.194056	0.00174825	0.020979	0.00174825	0.00174825	0.00174825	
0.00284091	0.0340909	0.0340909	0.0653409	0.284091	0.409091	0.127841	0.00284091	0.0340909	0.00284091	0.00284091	
0.00826446	0.0991736	0.00826446	0.00826446	0.0991736	0.371901	0.0991736	0.190083	0.0991736	0.00826446	0.00826446	
0.0113636	0.0113636	0.136364	0.0113636	0.261364	0.136364	0.136364	0.0113636	0.136364	0.0113636	0.136364	
0.010101	0.010101	0.010101	0.010101	0.010101	0.010101	0.232323	0.343434	0.121212	0.232323	0.010101	
0.0181818	0.0181818	0.0181818	0.0181818	0.0181818	0.0181818	0.218182	0.0181818	0.218182	0.418182	0.0181818	
0.0181818	0.0181818	0.0181818	0.218182	0.0181818	0.0181818	0.0181818	0.0181818	0.218182	0.0181818	0.418182	


Matrix B :

0.0909091	0.0909091	0.0909091	0.0909091	0.0909091	0.0909091	0.0909091	0.0909091	0.0909091	0.0909091	0.0909091	
0.000128949	0.241264	0.398711	0.188781	0.0894907	0.045519	0.0157318	0.0128949	0.00438427	0.00296583	0.000128949	
0.000284091	0.0284091	0.215909	0.315909	0.222159	0.122159	0.0534091	0.0346591	0.00340909	0.00340909	0.000284091	
0.000804505	0.000804505	0.0981496	0.29284	0.319389	0.160097	0.0539019	0.0185036	0.0362027	0.0185036	0.000804505	
0.0016835	0.0016835	0.020202	0.131313	0.205387	0.335017	0.16835	0.0757576	0.0387205	0.020202	0.0016835	
0.00275482	0.00275482	0.0330579	0.0936639	0.336088	0.123967	0.245179	0.0330579	0.00275482	0.0330579	0.0936639	
0.00826446	0.00826446	0.0991736	0.0991736	0.00826446	0.46281	0.0991736	0.00826446	0.0991736	0.00826446	0.0991736	
0.010101	0.010101	0.121212	0.010101	0.232323	0.121212	0.343434	0.010101	0.010101	0.121212	0.010101	
0.010101	0.010101	0.121212	0.010101	0.010101	0.121212	0.232323	0.232323	0.121212	0.121212	0.010101	
0.0181818	0.0181818	0.0181818	0.0181818	0.0181818	0.0181818	0.218182	0.618182	0.0181818	0.0181818	0.0181818	
0.0181818	0.0181818	0.418182	0.0181818	0.0181818	0.418182	0.0181818	0.0181818	0.0181818	0.0181818	0.0181818	


Vector Pi :

0.00149031	0.591654	0.263785	0.0670641	0.0342772	0.0178838	0.00149031	0.0178838	0.00149031	0.00149031	0.00149031	


Vector Phi :

0.000829876	0.555187	0.252282	0.0904564	0.0431535	0.026556	0.00912863	0.00663901	0.00746888	0.00414938	0.00414938	
