
Parameters: 11 states AND 11 symbols

Matrix A :

0.0454545	0.0454545	0.0454545	0.0454545	0.0454545	0.0454545	0.0454545	0.545455	0.0454545	0.0454545	0.0454545	
0.000115221	0.842954	0.134462	0.0216615	0.000115221	0.000115221	0.000115221	0.000115221	0.000115221	0.000115221	0.000115221	
0.000331785	0.409091	0.471135	0.087923	0.01858	0.00763106	0.000331785	0.00398142	0.000331785	0.000331785	0.000331785	
0.00108225	0.0844156	0.334416	0.393939	0.132035	0.0367965	0.012987	0.00108225	0.00108225	0.00108225	0.00108225	
0.00324675	0.0746753	0.253247	0.288961	0.217532	0.0746753	0.0746753	0.00324675	0.00324675	0.00324675	0.00324675	
0.00757576	0.0909091	0.0909091	0.0909091	0.257576	0.0909091	0.174242	0.00757576	0.0909091	0.00757576	0.0909091	
0.181818	0.0151515	0.0151515	0.181818	0.181818	0.0151515	0.0151515	0.0151515	0.0151515	0.181818	0.181818	
0.0151515	0.0151515	0.348485	0.0151515	0.181818	0.0151515	0.0151515	0.348485	0.0151515	0.0151515	0.0151515	
0.0454545	0.0454545	0.0454545	0.0454545	0.0454545	0.545455	0.0454545	0.0454545	0.0454545	0.0454545	0.0454545	
0.030303	0.030303	0.030303	0.030303	0.030303	0.69697	0.030303	0.030303	0.030303	0.030303	0.030303	
0.030303	0.030303	0.030303	0.030303	0.030303	0.030303	0.030303	0.363636	0.030303	0.363636	0.030303	


Matrix B :

0.0454545	0.0454545	0.0454545	0.0454545	0.0454545	0.0454545	0.0454545	0.0454545	0.0454545	0.0454545	0.545455	
0.000109397	0.320206	0.412865	0.201072	0.0398206	0.0169566	0.00371951	0.00371951	0.00131277	0.000109397	0.000109397	
0.000321234	0.0179891	0.233537	0.346611	0.254738	0.102795	0.0285898	0.00738837	0.000321234	0.00738837	0.000321234	
0.000988142	0.000988142	0.000988142	0.240119	0.272727	0.283597	0.120553	0.0662055	0.0118577	0.000988142	0.000988142	
0.0031348	0.0031348	0.0376176	0.0376176	0.244514	0.278997	0.106583	0.106583	0.141066	0.0031348	0.0376176	
0.00757576	0.00757576	0.0909091	0.0909091	0.0909091	0.0909091	0.00757576	0.257576	0.257576	0.0909091	0.00757576	
0.0151515	0.0151515	0.0151515	0.181818	0.181818	0.0151515	0.348485	0.0151515	0.0151515	0.181818	0.0151515	
0.0151515	0.0151515	0.0151515	0.348485	0.181818	0.0151515	0.0151515	0.0151515	0.348485	0.0151515	0.0151515	
0.0454545	0.0454545	0.0454545	0.0454545	0.545455	0.0454545	0.0454545	0.0454545	0.0454545	0.0454545	0.0454545	
0.030303	0.030303	0.030303	0.030303	0.030303	0.030303	0.363636	0.363636	0.030303	0.030303	0.030303	
0.030303	0.030303	0.030303	0.030303	0.030303	0.69697	0.030303	0.030303	0.030303	0.030303	0.030303	


Vector Pi :

0.00149031	0.706408	0.149031	0.116244	0.0178838	0.00149031	0.00149031	0.00149031	0.00149031	0.00149031	0.00149031	


Vector Phi :

0.00167687	0.649797	0.227145	0.0710393	0.0235157	0.0100653	0.00503984	0.00501431	0.00167567	0.00251542	0.00251564	
