
Parameters: 11 states AND 11 symbols

Matrix A :

0.0909091	0.0909091	0.0909091	0.0909091	0.0909091	0.0909091	0.0909091	0.0909091	0.0909091	0.0909091	0.0909091	
8.67453e-05	0.927568	0.0659264	0.00390354	0.00104094	8.67453e-05	0.00104094	8.67453e-05	8.67453e-05	8.67453e-05	8.67453e-05	
0.000804505	0.576026	0.29284	0.0981496	0.0185036	0.00965406	0.000804505	0.000804505	0.000804505	0.000804505	0.000804505	
0.004329	0.337662	0.337662	0.0995671	0.004329	0.0995671	0.0519481	0.004329	0.0519481	0.004329	0.004329	
0.0151515	0.0151515	0.181818	0.181818	0.348485	0.0151515	0.0151515	0.181818	0.0151515	0.0151515	0.0151515	
0.012987	0.298701	0.155844	0.155844	0.012987	0.155844	0.012987	0.012987	0.012987	0.155844	0.012987	
0.030303	0.030303	0.030303	0.030303	0.030303	0.69697	0.030303	0.030303	0.030303	0.030303	0.030303	
0.030303	0.363636	0.030303	0.363636	0.030303	0.030303	0.030303	0.030303	0.030303	0.030303	0.030303	
0.0454545	0.0454545	0.0454545	0.0454545	0.0454545	0.0454545	0.0454545	0.545455	0.0454545	0.0454545	0.0454545	
0.030303	0.030303	0.363636	0.030303	0.030303	0.030303	0.030303	0.030303	0.030303	0.030303	0.363636	
0.0454545	0.0454545	0.0454545	0.0454545	0.0454545	0.0454545	0.0454545	0.0454545	0.0454545	0.545455	0.0454545	


Matrix B :

0.0909091	0.0909091	0.0909091	0.0909091	0.0909091	0.0909091	0.0909091	0.0909091	0.0909091	0.0909091	0.0909091	
8.24946e-05	0.239647	0.389375	0.208794	0.104438	0.038195	0.0109718	0.0046197	0.00280482	0.000989936	8.24946e-05	
0.000777001	0.000777001	0.197358	0.402486	0.274281	0.0947941	0.026418	0.000777001	0.000777001	0.000777001	0.000777001	
0.00413223	0.00413223	0.231405	0.18595	0.231405	0.0950413	0.18595	0.0495868	0.00413223	0.00413223	0.00413223	
0.012987	0.012987	0.012987	0.012987	0.298701	0.155844	0.298701	0.012987	0.155844	0.012987	0.012987	
0.012987	0.012987	0.012987	0.584416	0.155844	0.012987	0.012987	0.012987	0.012987	0.012987	0.155844	
0.030303	0.030303	0.030303	0.030303	0.363636	0.363636	0.030303	0.030303	0.030303	0.030303	0.030303	
0.030303	0.030303	0.030303	0.030303	0.030303	0.363636	0.030303	0.030303	0.363636	0.030303	0.030303	
0.0454545	0.0454545	0.0454545	0.545455	0.0454545	0.0454545	0.0454545	0.0454545	0.0454545	0.0454545	0.0454545	
0.030303	0.030303	0.030303	0.030303	0.030303	0.030303	0.363636	0.030303	0.030303	0.030303	0.363636	
0.0454545	0.0454545	0.0454545	0.0454545	0.0454545	0.0454545	0.0454545	0.0454545	0.545455	0.0454545	0.0454545	


Vector Pi :

0.00149031	0.886736	0.0670641	0.0178838	0.0178838	0.00149031	0.00149031	0.00149031	0.00149031	0.00149031	0.00149031	


Vector Phi :

0.00082713	0.866832	0.0934657	0.0173697	0.00496278	0.00578991	0.00248139	0.00248139	0.00165426	0.00248139	0.00165426	
