
Parameters: 11 states AND 11 symbols

Matrix A :

0.090909	0.090909	0.090909	0.090909	0.090909	0.090909	0.090909	0.090909	0.090909	0.090909	0.090909	
0.000640	0.740077	0.211908	0.042894	0.000640	0.000640	0.000640	0.000640	0.000640	0.000640	0.000640	
0.000891	0.304813	0.412656	0.265597	0.010695	0.000891	0.000891	0.000891	0.000891	0.000891	0.000891	
0.000850	0.038233	0.234494	0.486831	0.187766	0.028887	0.019541	0.000850	0.000850	0.000850	0.000850	
0.001357	0.031208	0.046133	0.299864	0.389417	0.210312	0.016282	0.001357	0.001357	0.001357	0.001357	
0.001818	0.001818	0.021818	0.021818	0.321818	0.421818	0.181818	0.001818	0.021818	0.001818	0.001818	
0.003247	0.003247	0.003247	0.003247	0.110390	0.288961	0.217532	0.253247	0.074675	0.038961	0.003247	
0.004132	0.004132	0.004132	0.004132	0.004132	0.095041	0.367769	0.322314	0.185950	0.004132	0.004132	
0.005682	0.005682	0.005682	0.005682	0.005682	0.005682	0.068182	0.380682	0.318182	0.193182	0.005682	
0.011364	0.011364	0.011364	0.011364	0.011364	0.011364	0.011364	0.136364	0.386364	0.011364	0.386364	
0.012987	0.012987	0.012987	0.012987	0.012987	0.012987	0.012987	0.012987	0.012987	0.441558	0.441558	


Matrix B :

0.090909	0.090909	0.090909	0.090909	0.090909	0.090909	0.090909	0.090909	0.090909	0.090909	0.090909	
0.000606	0.467273	0.280606	0.187273	0.040606	0.020606	0.000606	0.000606	0.000606	0.000606	0.000606	
0.000858	0.198971	0.604631	0.132933	0.048027	0.010292	0.000858	0.000858	0.000858	0.000858	0.000858	
0.000826	0.000826	0.637190	0.291736	0.055372	0.009917	0.000826	0.000826	0.000826	0.000826	0.000826	
0.001318	0.001318	0.175231	0.465086	0.233202	0.073781	0.044796	0.001318	0.001318	0.001318	0.001318	
0.001783	0.001783	0.021390	0.433155	0.315508	0.178253	0.021390	0.021390	0.001783	0.001783	0.001783	
0.003135	0.003135	0.003135	0.037618	0.347962	0.244514	0.210031	0.106583	0.037618	0.003135	0.003135	
0.003788	0.003788	0.003788	0.003788	0.295455	0.253788	0.212121	0.045455	0.170455	0.003788	0.003788	
0.005682	0.005682	0.005682	0.005682	0.005682	0.318182	0.443182	0.068182	0.005682	0.130682	0.005682	
0.010101	0.010101	0.010101	0.010101	0.010101	0.121212	0.121212	0.232323	0.121212	0.121212	0.232323	
0.012987	0.012987	0.012987	0.012987	0.012987	0.012987	0.155844	0.012987	0.155844	0.441558	0.155844	


Vector Pi :

0.003953	0.308300	0.177866	0.134387	0.090909	0.090909	0.047431	0.090909	0.003953	0.047431	0.003953	


Vector Phi :

0.001779	0.268874	0.189014	0.195104	0.118623	0.085232	0.048677	0.038396	0.027936	0.014038	0.012326	
