
Parameters: 11 states AND 11 symbols

Matrix A :

0.090909	0.090909	0.090909	0.090909	0.090909	0.090909	0.090909	0.090909	0.090909	0.090909	0.090909	
0.000176	0.928471	0.058316	0.004052	0.002114	0.004052	0.000176	0.000176	0.000176	0.000176	0.002114	
0.001623	0.483766	0.376623	0.073052	0.019481	0.037338	0.001623	0.001623	0.001623	0.001623	0.001623	
0.006061	0.339394	0.139394	0.206061	0.139394	0.072727	0.072727	0.006061	0.006061	0.006061	0.006061	
0.015152	0.348485	0.015152	0.181818	0.181818	0.181818	0.015152	0.015152	0.015152	0.015152	0.015152	
0.012987	0.155844	0.155844	0.441558	0.012987	0.012987	0.155844	0.012987	0.012987	0.012987	0.012987	
0.030303	0.030303	0.696970	0.030303	0.030303	0.030303	0.030303	0.030303	0.030303	0.030303	0.030303	
0.090909	0.090909	0.090909	0.090909	0.090909	0.090909	0.090909	0.090909	0.090909	0.090909	0.090909	
0.090909	0.090909	0.090909	0.090909	0.090909	0.090909	0.090909	0.090909	0.090909	0.090909	0.090909	
0.090909	0.090909	0.090909	0.090909	0.090909	0.090909	0.090909	0.090909	0.090909	0.090909	0.090909	
0.045455	0.045455	0.045455	0.545455	0.045455	0.045455	0.045455	0.045455	0.045455	0.045455	0.045455	


Matrix B :

0.090909	0.090909	0.090909	0.090909	0.090909	0.090909	0.090909	0.090909	0.090909	0.090909	0.090909	
0.002031	0.255290	0.404266	0.208735	0.083968	0.018791	0.020653	0.002031	0.000169	0.002031	0.002031	
0.001420	0.032670	0.188920	0.282670	0.360795	0.063920	0.017045	0.017045	0.032670	0.001420	0.001420	
0.005682	0.068182	0.255682	0.255682	0.005682	0.193182	0.130682	0.005682	0.005682	0.005682	0.068182	
0.015152	0.015152	0.348485	0.181818	0.015152	0.181818	0.015152	0.181818	0.015152	0.015152	0.015152	
0.012987	0.012987	0.298701	0.298701	0.012987	0.155844	0.155844	0.012987	0.012987	0.012987	0.012987	
0.030303	0.030303	0.363636	0.030303	0.030303	0.030303	0.030303	0.363636	0.030303	0.030303	0.030303	
0.090909	0.090909	0.090909	0.090909	0.090909	0.090909	0.090909	0.090909	0.090909	0.090909	0.090909	
0.090909	0.090909	0.090909	0.090909	0.090909	0.090909	0.090909	0.090909	0.090909	0.090909	0.090909	
0.090909	0.090909	0.090909	0.090909	0.090909	0.090909	0.090909	0.090909	0.090909	0.090909	0.090909	
0.045455	0.045455	0.545455	0.045455	0.045455	0.045455	0.045455	0.045455	0.045455	0.045455	0.045455	


Vector Pi :

0.002933	0.712610	0.228739	0.035191	0.002933	0.002933	0.002933	0.002933	0.002933	0.002933	0.002933	


Vector Phi :

0.001660	0.844023	0.094475	0.024970	0.009975	0.011633	0.004987	0.001660	0.001660	0.001660	0.003296	
