
Parameters: 11 states AND 11 symbols

Matrix A :

0.090909	0.090909	0.090909	0.090909	0.090909	0.090909	0.090909	0.090909	0.090909	0.090909	0.090909	
0.000587	0.568328	0.303812	0.103812	0.013490	0.000587	0.007038	0.000587	0.000587	0.000587	0.000587	
0.000623	0.356787	0.343088	0.206102	0.062267	0.028020	0.000623	0.000623	0.000623	0.000623	0.000623	
0.000842	0.102694	0.315657	0.297138	0.213805	0.056397	0.010101	0.000842	0.000842	0.000842	0.000842	
0.000947	0.032197	0.125947	0.230114	0.417614	0.115530	0.073864	0.000947	0.000947	0.000947	0.000947	
0.001894	0.001894	0.043561	0.147727	0.293561	0.272727	0.147727	0.085227	0.001894	0.001894	0.001894	
0.002841	0.002841	0.002841	0.002841	0.127841	0.284091	0.315341	0.190341	0.065341	0.002841	0.002841	
0.004329	0.004329	0.004329	0.004329	0.147186	0.147186	0.242424	0.242424	0.147186	0.051948	0.004329	
0.011364	0.011364	0.011364	0.011364	0.011364	0.136364	0.011364	0.261364	0.011364	0.386364	0.136364	
0.012987	0.012987	0.012987	0.012987	0.012987	0.012987	0.155844	0.298701	0.012987	0.155844	0.298701	
0.011364	0.011364	0.011364	0.011364	0.011364	0.011364	0.011364	0.136364	0.136364	0.136364	0.511364	


Matrix B :

0.090909	0.090909	0.090909	0.090909	0.090909	0.090909	0.090909	0.090909	0.090909	0.090909	0.090909	
0.000568	0.625568	0.338068	0.031818	0.000568	0.000568	0.000568	0.000568	0.000568	0.000568	0.000568	
0.000602	0.225768	0.543648	0.199278	0.027092	0.000602	0.000602	0.000602	0.000602	0.000602	0.000602	
0.000797	0.000797	0.307815	0.456938	0.220096	0.009569	0.000797	0.000797	0.000797	0.000797	0.000797	
0.000937	0.000937	0.042174	0.392690	0.341143	0.217432	0.000937	0.000937	0.000937	0.000937	0.000937	
0.001748	0.001748	0.001748	0.117133	0.367133	0.328671	0.155594	0.020979	0.001748	0.001748	0.001748	
0.002674	0.002674	0.002674	0.002674	0.326203	0.296791	0.237968	0.120321	0.002674	0.002674	0.002674	
0.004132	0.004132	0.004132	0.004132	0.004132	0.185950	0.367769	0.322314	0.004132	0.095041	0.004132	
0.010101	0.010101	0.010101	0.010101	0.121212	0.010101	0.343434	0.232323	0.121212	0.121212	0.010101	
0.012987	0.012987	0.012987	0.012987	0.012987	0.155844	0.298701	0.298701	0.012987	0.012987	0.155844	
0.011364	0.011364	0.011364	0.011364	0.011364	0.011364	0.011364	0.136364	0.261364	0.386364	0.136364	


Vector Pi :

0.003497	0.195804	0.195804	0.234266	0.041958	0.157343	0.041958	0.041958	0.080420	0.003497	0.003497	


Vector Phi :

0.001543	0.246523	0.232277	0.171892	0.153023	0.076624	0.052774	0.032682	0.010960	0.010103	0.011599	
