
Parameters: 11 states AND 11 symbols

Matrix A :

0.090909	0.090909	0.090909	0.090909	0.090909	0.090909	0.090909	0.090909	0.090909	0.090909	0.090909	
0.000421	0.898569	0.093013	0.005051	0.000421	0.000421	0.000421	0.000421	0.000421	0.000421	0.000421	
0.000659	0.152833	0.689065	0.138340	0.015152	0.000659	0.000659	0.000659	0.000659	0.000659	0.000659	
0.001623	0.019481	0.340909	0.376623	0.233766	0.001623	0.001623	0.001623	0.019481	0.001623	0.001623	
0.001855	0.001855	0.001855	0.226345	0.450835	0.246753	0.042672	0.022263	0.001855	0.001855	0.001855	
0.001855	0.001855	0.022263	0.063080	0.185529	0.573284	0.124304	0.022263	0.001855	0.001855	0.001855	
0.004329	0.004329	0.004329	0.004329	0.099567	0.290043	0.242424	0.337662	0.004329	0.004329	0.004329	
0.003030	0.003030	0.036364	0.003030	0.003030	0.069697	0.236364	0.436364	0.169697	0.036364	0.003030	
0.003953	0.003953	0.003953	0.003953	0.003953	0.003953	0.003953	0.264822	0.612648	0.090909	0.003953	
0.012987	0.012987	0.012987	0.012987	0.012987	0.012987	0.012987	0.012987	0.298701	0.298701	0.298701	
0.009091	0.009091	0.009091	0.009091	0.009091	0.009091	0.009091	0.109091	0.009091	0.109091	0.709091	


Matrix B :

0.090909	0.090909	0.090909	0.090909	0.090909	0.090909	0.090909	0.090909	0.090909	0.090909	0.090909	
0.000399	0.171451	0.224083	0.259171	0.153907	0.096890	0.061802	0.022329	0.009171	0.000399	0.000399	
0.000627	0.000627	0.090282	0.166144	0.221317	0.242006	0.145455	0.048903	0.062696	0.021317	0.000627	
0.001623	0.001623	0.037338	0.073052	0.198052	0.233766	0.215909	0.126623	0.073052	0.001623	0.037338	
0.001818	0.001818	0.041818	0.121818	0.121818	0.141818	0.121818	0.241818	0.141818	0.041818	0.021818	
0.001783	0.001783	0.001783	0.021390	0.001783	0.139037	0.139037	0.080214	0.256684	0.256684	0.099822	
0.003953	0.003953	0.003953	0.003953	0.047431	0.047431	0.221344	0.090909	0.177866	0.264822	0.134387	
0.002755	0.002755	0.002755	0.002755	0.002755	0.093664	0.245179	0.184573	0.123967	0.154270	0.184573	
0.003636	0.003636	0.003636	0.003636	0.003636	0.043636	0.163636	0.283636	0.163636	0.203636	0.123636	
0.011364	0.011364	0.011364	0.011364	0.011364	0.136364	0.136364	0.511364	0.136364	0.011364	0.011364	
0.009091	0.009091	0.009091	0.009091	0.009091	0.009091	0.609091	0.009091	0.309091	0.009091	0.009091	


Vector Pi :

0.002933	0.357771	0.260997	0.002933	0.035191	0.067449	0.067449	0.099707	0.067449	0.035191	0.002933	


Vector Phi :

0.001653	0.369441	0.225750	0.091939	0.080535	0.080643	0.034592	0.049452	0.037927	0.011552	0.016517	
