
Parameters: 11 states AND 11 symbols

Matrix A :

0.090909	0.090909	0.090909	0.090909	0.090909	0.090909	0.090909	0.090909	0.090909	0.090909	0.090909	
0.000640	0.740077	0.225992	0.014725	0.000640	0.007682	0.007682	0.000640	0.000640	0.000640	0.000640	
0.000689	0.235537	0.568871	0.152204	0.023416	0.008264	0.000689	0.000689	0.000689	0.000689	0.008264	
0.001377	0.046832	0.258953	0.455923	0.213499	0.016529	0.001377	0.001377	0.001377	0.001377	0.001377	
0.001299	0.029870	0.058442	0.158442	0.501299	0.215584	0.015584	0.015584	0.001299	0.001299	0.001299	
0.001748	0.001748	0.001748	0.040210	0.251748	0.424825	0.117133	0.059441	0.020979	0.078671	0.001748	
0.003030	0.003030	0.036364	0.003030	0.069697	0.269697	0.403030	0.069697	0.103030	0.003030	0.036364	
0.004545	0.004545	0.004545	0.004545	0.054545	0.154545	0.254545	0.154545	0.254545	0.104545	0.004545	
0.003497	0.003497	0.003497	0.003497	0.003497	0.003497	0.118881	0.311189	0.311189	0.157343	0.080420	
0.003247	0.003247	0.038961	0.003247	0.003247	0.003247	0.038961	0.074675	0.253247	0.360390	0.217532	
0.002755	0.002755	0.002755	0.002755	0.063361	0.002755	0.002755	0.002755	0.033058	0.214876	0.669421	


Matrix B :

0.090909	0.090909	0.090909	0.090909	0.090909	0.090909	0.090909	0.090909	0.090909	0.090909	0.090909	
0.000606	0.193939	0.333939	0.253939	0.120606	0.067273	0.020606	0.000606	0.007273	0.000606	0.000606	
0.000659	0.022398	0.254282	0.297760	0.152833	0.138340	0.036891	0.036891	0.036891	0.022398	0.000659	
0.001299	0.001299	0.044156	0.301299	0.258442	0.229870	0.101299	0.058442	0.001299	0.001299	0.001299	
0.001245	0.001245	0.014944	0.083437	0.275218	0.371108	0.138232	0.083437	0.028643	0.001245	0.001245	
0.001684	0.001684	0.020202	0.149832	0.223906	0.242424	0.131313	0.131313	0.075758	0.020202	0.001684	
0.002841	0.002841	0.034091	0.127841	0.252841	0.096591	0.190341	0.159091	0.065341	0.065341	0.002841	
0.004132	0.004132	0.049587	0.049587	0.095041	0.185950	0.322314	0.185950	0.049587	0.049587	0.004132	
0.003497	0.003497	0.003497	0.118881	0.234266	0.157343	0.157343	0.118881	0.080420	0.003497	0.118881	
0.003030	0.003030	0.036364	0.169697	0.203030	0.236364	0.136364	0.136364	0.069697	0.003030	0.003030	
0.002674	0.002674	0.002674	0.149733	0.061497	0.090909	0.149733	0.326203	0.090909	0.120321	0.002674	


Vector Pi :

0.002933	0.260997	0.228739	0.131965	0.067449	0.067449	0.067449	0.067449	0.002933	0.067449	0.035191	


Vector Phi :

0.001684	0.232074	0.214352	0.109750	0.121024	0.088801	0.050970	0.034004	0.044127	0.047484	0.055730	
