
Parameters: 11 states AND 11 symbols

Matrix A :

0.0909091	0.0909091	0.0909091	0.0909091	0.0909091	0.0909091	0.0909091	0.0909091	0.0909091	0.0909091	0.0909091	
0.000101461	0.938718	0.0514407	0.00679789	0.00121753	0.00121753	0.000101461	0.000101461	0.000101461	0.000101461	0.000101461	
0.000598086	0.296651	0.507177	0.165072	0.0203349	0.000598086	0.00717703	0.000598086	0.000598086	0.000598086	0.000598086	
0.0012285	0.0958231	0.339066	0.35258	0.136364	0.041769	0.014742	0.0012285	0.014742	0.0012285	0.0012285	
0.00293255	0.00293255	0.0351906	0.357771	0.390029	0.131965	0.0351906	0.0351906	0.00293255	0.00293255	0.00293255	
0.00478469	0.0574163	0.110048	0.215311	0.215311	0.0574163	0.267943	0.0574163	0.00478469	0.00478469	0.00478469	
0.00699301	0.00699301	0.00699301	0.00699301	0.0839161	0.391608	0.160839	0.314685	0.00699301	0.00699301	0.00699301	
0.00826446	0.00826446	0.00826446	0.00826446	0.00826446	0.371901	0.190083	0.371901	0.00826446	0.00826446	0.00826446	
0.030303	0.030303	0.030303	0.363636	0.030303	0.030303	0.030303	0.030303	0.030303	0.030303	0.363636	
0.0909091	0.0909091	0.0909091	0.0909091	0.0909091	0.0909091	0.0909091	0.0909091	0.0909091	0.0909091	0.0909091	
0.0227273	0.0227273	0.0227273	0.0227273	0.0227273	0.0227273	0.0227273	0.0227273	0.272727	0.0227273	0.522727	


Matrix B :

0.0909091	0.0909091	0.0909091	0.0909091	0.0909091	0.0909091	0.0909091	0.0909091	0.0909091	0.0909091	0.0909091	
9.6609e-05	0.341223	0.358226	0.158439	0.0744856	0.0532316	0.0085982	0.00222201	0.00115931	0.00222201	9.6609e-05	
0.000575374	0.0132336	0.228423	0.298044	0.234753	0.0765247	0.089183	0.0322209	0.00690449	0.0132336	0.00690449	
0.0011655	0.0011655	0.10373	0.155012	0.244755	0.155012	0.142191	0.10373	0.0652681	0.013986	0.013986	
0.00284091	0.00284091	0.00284091	0.0965909	0.0653409	0.221591	0.252841	0.284091	0.0653409	0.00284091	0.00284091	
0.004329	0.004329	0.004329	0.147186	0.0995671	0.194805	0.242424	0.194805	0.0519481	0.0519481	0.004329	
0.00606061	0.00606061	0.00606061	0.00606061	0.206061	0.272727	0.0727273	0.139394	0.139394	0.0727273	0.0727273	
0.00826446	0.00826446	0.00826446	0.00826446	0.190083	0.00826446	0.190083	0.280992	0.0991736	0.0991736	0.0991736	
0.030303	0.030303	0.030303	0.030303	0.030303	0.363636	0.363636	0.030303	0.030303	0.030303	0.030303	
0.0909091	0.0909091	0.0909091	0.0909091	0.0909091	0.0909091	0.0909091	0.0909091	0.0909091	0.0909091	0.0909091	
0.0227273	0.0227273	0.0227273	0.0227273	0.0227273	0.0227273	0.0227273	0.272727	0.522727	0.0227273	0.0227273	


Vector Pi :

0.00149031	0.755589	0.099851	0.0670641	0.00149031	0.0342772	0.0342772	0.00149031	0.00149031	0.00149031	0.00149031	


Vector Phi :

0.000857729	0.737293	0.126916	0.0629903	0.0277938	0.0164914	0.0112491	0.00955987	0.00256538	0.000857729	0.00342571	
