
Parameters: 11 states AND 11 symbols

Matrix A :

0.0909091	0.0909091	0.0909091	0.0909091	0.0909091	0.0909091	0.0909091	0.0909091	0.0909091	0.0909091	0.0909091	
8.76655e-05	0.97598	0.0184097	0.00298063	0.00105199	0.00105199	8.76655e-05	8.76655e-05	8.76655e-05	8.76655e-05	8.76655e-05	
0.00121212	0.281212	0.601212	0.0812121	0.0145455	0.0145455	0.00121212	0.00121212	0.00121212	0.00121212	0.00121212	
0.00454545	0.104545	0.304545	0.104545	0.204545	0.104545	0.0545455	0.104545	0.00454545	0.00454545	0.00454545	
0.00505051	0.00505051	0.171717	0.171717	0.338384	0.171717	0.116162	0.00505051	0.00505051	0.00505051	0.00505051	
0.00606061	0.0727273	0.0727273	0.139394	0.206061	0.206061	0.0727273	0.139394	0.0727273	0.00606061	0.00606061	
0.0113636	0.0113636	0.0113636	0.261364	0.136364	0.0113636	0.136364	0.261364	0.0113636	0.136364	0.0113636	
0.00909091	0.00909091	0.00909091	0.109091	0.109091	0.209091	0.00909091	0.00909091	0.409091	0.00909091	0.109091	
0.00757576	0.00757576	0.00757576	0.00757576	0.00757576	0.0909091	0.174242	0.174242	0.340909	0.174242	0.00757576	
0.0181818	0.0181818	0.0181818	0.0181818	0.0181818	0.218182	0.0181818	0.0181818	0.418182	0.218182	0.0181818	
0.0227273	0.0227273	0.0227273	0.0227273	0.0227273	0.0227273	0.0227273	0.272727	0.0227273	0.0227273	0.522727	


Matrix B :

0.0909091	0.0909091	0.0909091	0.0909091	0.0909091	0.0909091	0.0909091	0.0909091	0.0909091	0.0909091	0.0909091	
8.34028e-05	0.341368	0.355129	0.159716	0.0918265	0.0395329	0.00925771	0.0028357	8.34028e-05	8.34028e-05	8.34028e-05	
0.0011655	0.10373	0.347319	0.180653	0.155012	0.10373	0.0011655	0.0011655	0.0524476	0.013986	0.039627	
0.004329	0.004329	0.0519481	0.337662	0.147186	0.0995671	0.194805	0.004329	0.0519481	0.0995671	0.004329	
0.00478469	0.00478469	0.00478469	0.320574	0.0574163	0.215311	0.162679	0.0574163	0.0574163	0.0574163	0.0574163	
0.00606061	0.00606061	0.00606061	0.206061	0.206061	0.139394	0.139394	0.139394	0.139394	0.00606061	0.00606061	
0.0113636	0.0113636	0.0113636	0.0113636	0.136364	0.511364	0.0113636	0.0113636	0.0113636	0.136364	0.136364	
0.00909091	0.00909091	0.00909091	0.00909091	0.109091	0.209091	0.00909091	0.309091	0.109091	0.109091	0.109091	
0.00757576	0.00757576	0.00757576	0.00757576	0.174242	0.257576	0.00757576	0.0909091	0.0909091	0.174242	0.174242	
0.012987	0.012987	0.012987	0.012987	0.012987	0.441558	0.155844	0.012987	0.012987	0.012987	0.298701	
0.0227273	0.0227273	0.0227273	0.0227273	0.0227273	0.0227273	0.0227273	0.272727	0.272727	0.272727	0.0227273	


Vector Pi :

0.00149031	0.870343	0.0506706	0.0178838	0.0178838	0.00149031	0.00149031	0.00149031	0.00149031	0.0342772	0.00149031	


Vector Phi :

0.000830006	0.860566	0.0622434	0.0165992	0.0149398	0.01245	0.00664017	0.00830026	0.00996063	0.00415026	0.00332018	
