
Parameters: 11 states AND 11 symbols

Matrix A :

0.0454545	0.0454545	0.0454545	0.0454545	0.0454545	0.0454545	0.0454545	0.0454545	0.0454545	0.0454545	0.545455	
0.00016176	0.889841	0.101585	0.00372048	0.00372048	0.00016176	0.00016176	0.00016176	0.00016176	0.00016176	0.00016176	
0.000324675	0.200325	0.653896	0.128896	0.011039	0.0038961	0.000324675	0.000324675	0.000324675	0.000324675	0.000324675	
0.000594177	0.020202	0.242424	0.588829	0.137849	0.00713012	0.000594177	0.000594177	0.000594177	0.000594177	0.000594177	
0.00110865	0.0254989	0.0133038	0.245011	0.525499	0.159645	0.0133038	0.0133038	0.00110865	0.00110865	0.00110865	
0.00171527	0.00171527	0.0205832	0.058319	0.190395	0.548885	0.152659	0.0205832	0.00171527	0.00171527	0.00171527	
0.00363636	0.00363636	0.00363636	0.0436364	0.0836364	0.243636	0.363636	0.163636	0.0836364	0.00363636	0.00363636	
0.00505051	0.00505051	0.00505051	0.00505051	0.00505051	0.116162	0.227273	0.449495	0.171717	0.00505051	0.00505051	
0.00699301	0.00699301	0.00699301	0.00699301	0.00699301	0.00699301	0.160839	0.160839	0.391608	0.237762	0.00699301	
0.0113636	0.0113636	0.0113636	0.0113636	0.0113636	0.0113636	0.0113636	0.136364	0.261364	0.386364	0.136364	
0.272727	0.0227273	0.0227273	0.0227273	0.0227273	0.0227273	0.0227273	0.0227273	0.0227273	0.272727	0.272727	


Matrix B :

0.0454545	0.0454545	0.0454545	0.0454545	0.0454545	0.0454545	0.0454545	0.0454545	0.545455	0.0454545	0.0454545	
0.000153822	0.2032	0.274265	0.208276	0.187971	0.0915244	0.0272266	0.00692201	0.000153822	0.000153822	0.000153822	
0.00031348	0.00031348	0.258934	0.303762	0.210658	0.0865204	0.0899687	0.0347962	0.0141066	0.00031348	0.00031348	
0.000564653	0.000564653	0.012987	0.168267	0.360813	0.261434	0.155844	0.0316206	0.000564653	0.00677583	0.000564653	
0.00103306	0.00103306	0.00103306	0.0123967	0.27376	0.341942	0.216942	0.0919421	0.0464876	0.0123967	0.00103306	
0.00162338	0.00162338	0.00162338	0.00162338	0.126623	0.108766	0.340909	0.215909	0.162338	0.0373377	0.00162338	
0.0034965	0.0034965	0.0034965	0.0034965	0.0034965	0.041958	0.195804	0.388112	0.195804	0.157343	0.0034965	
0.00478469	0.00478469	0.00478469	0.00478469	0.00478469	0.00478469	0.00478469	0.162679	0.267943	0.425837	0.110048	
0.00649351	0.00649351	0.00649351	0.00649351	0.00649351	0.00649351	0.00649351	0.149351	0.00649351	0.292208	0.506494	
0.0113636	0.0113636	0.0113636	0.0113636	0.0113636	0.0113636	0.0113636	0.136364	0.136364	0.261364	0.386364	
0.0181818	0.0181818	0.0181818	0.0181818	0.0181818	0.0181818	0.0181818	0.0181818	0.818182	0.0181818	0.0181818	


Vector Pi :

0.00149031	0.4769	0.165425	0.132638	0.099851	0.0506706	0.0178838	0.0178838	0.0178838	0.00149031	0.0178838	


Vector Phi :

0.00166801	0.468237	0.233315	0.127515	0.0683543	0.0441922	0.0208502	0.0150138	0.0108444	0.00667367	0.00333637	
