
Parameters: 11 states AND 11 symbols

Matrix A :

0.090909	0.090909	0.090909	0.090909	0.090909	0.090909	0.090909	0.090909	0.090909	0.090909	0.090909	
0.000525	0.763531	0.191277	0.035208	0.006306	0.000525	0.000525	0.000525	0.000525	0.000525	0.000525	
0.000678	0.261872	0.485753	0.209634	0.037992	0.000678	0.000678	0.000678	0.000678	0.000678	0.000678	
0.000900	0.040504	0.327633	0.406841	0.198920	0.020702	0.000900	0.000900	0.000900	0.000900	0.000900	
0.001166	0.001166	0.026807	0.257576	0.501166	0.167832	0.039627	0.001166	0.001166	0.001166	0.001166	
0.001855	0.001855	0.001855	0.063080	0.205937	0.450835	0.267161	0.001855	0.001855	0.001855	0.001855	
0.002755	0.033058	0.002755	0.002755	0.063361	0.214876	0.305785	0.336088	0.033058	0.002755	0.002755	
0.002755	0.002755	0.002755	0.002755	0.002755	0.123967	0.123967	0.517906	0.154270	0.063361	0.002755	
0.008264	0.008264	0.008264	0.099174	0.008264	0.008264	0.099174	0.280992	0.280992	0.099174	0.099174	
0.015152	0.015152	0.015152	0.015152	0.015152	0.015152	0.181818	0.181818	0.015152	0.015152	0.515152	
0.015152	0.015152	0.015152	0.015152	0.015152	0.015152	0.015152	0.015152	0.181818	0.348485	0.348485	


Matrix B :

0.090909	0.090909	0.090909	0.090909	0.090909	0.090909	0.090909	0.090909	0.090909	0.090909	0.090909	
0.000497	0.224540	0.268256	0.251863	0.082464	0.060606	0.055142	0.016890	0.038748	0.000497	0.000497	
0.000654	0.130150	0.230870	0.274035	0.151733	0.072596	0.058208	0.058208	0.007848	0.015043	0.000654	
0.000866	0.000866	0.353247	0.191342	0.200866	0.124675	0.038961	0.029437	0.019913	0.038961	0.000866	
0.001122	0.001122	0.050505	0.396184	0.186308	0.062851	0.136925	0.075196	0.038159	0.013468	0.038159	
0.001818	0.001818	0.001818	0.421818	0.281818	0.101818	0.041818	0.081818	0.041818	0.021818	0.001818	
0.002755	0.002755	0.002755	0.154270	0.426997	0.275482	0.002755	0.033058	0.002755	0.093664	0.002755	
0.002755	0.002755	0.002755	0.033058	0.275482	0.457300	0.214876	0.002755	0.002755	0.002755	0.002755	
0.008264	0.008264	0.008264	0.008264	0.190083	0.462810	0.280992	0.008264	0.008264	0.008264	0.008264	
0.015152	0.015152	0.015152	0.015152	0.015152	0.681818	0.181818	0.015152	0.015152	0.015152	0.015152	
0.011364	0.011364	0.011364	0.011364	0.011364	0.011364	0.761364	0.136364	0.011364	0.011364	0.011364	


Vector Pi :

0.003497	0.388112	0.195804	0.195804	0.118881	0.041958	0.003497	0.003497	0.003497	0.003497	0.041958	


Vector Phi :

0.001728	0.272072	0.210071	0.157238	0.123646	0.079557	0.054644	0.056079	0.019522	0.011537	0.013906	
