
Parameters: 11 states AND 11 symbols

Matrix A :

0.0909091	0.0909091	0.0909091	0.0909091	0.0909091	0.0909091	0.0909091	0.0909091	0.0909091	0.0909091	0.0909091	
0.000127502	0.889328	0.0997067	0.00714012	0.00293255	0.000127502	0.000127502	0.000127502	0.000127502	0.000127502	0.000127502	
0.000341763	0.278537	0.598086	0.101846	0.0153794	0.000341763	0.000341763	0.000341763	0.000341763	0.00410116	0.000341763	
0.00105708	0.0243129	0.268499	0.477801	0.15222	0.0475687	0.012685	0.00105708	0.00105708	0.012685	0.00105708	
0.00178253	0.0409982	0.158645	0.178253	0.393939	0.11943	0.0802139	0.00178253	0.00178253	0.00178253	0.0213904	
0.00252525	0.00252525	0.0858586	0.0580808	0.252525	0.419192	0.113636	0.0580808	0.00252525	0.00252525	0.00252525	
0.004329	0.004329	0.004329	0.0519481	0.0995671	0.337662	0.337662	0.0995671	0.0519481	0.004329	0.004329	
0.010101	0.121212	0.010101	0.010101	0.010101	0.121212	0.343434	0.232323	0.121212	0.010101	0.010101	
0.012987	0.012987	0.012987	0.012987	0.012987	0.012987	0.155844	0.298701	0.298701	0.155844	0.012987	
0.0151515	0.0151515	0.0151515	0.0151515	0.0151515	0.181818	0.0151515	0.0151515	0.181818	0.181818	0.348485	
0.010101	0.010101	0.010101	0.010101	0.010101	0.121212	0.010101	0.010101	0.121212	0.121212	0.565657	


Matrix B :

0.0909091	0.0909091	0.0909091	0.0909091	0.0909091	0.0909091	0.0909091	0.0909091	0.0909091	0.0909091	0.0909091	
0.000121212	0.185455	0.345455	0.253455	0.128121	0.0561212	0.0227879	0.00412121	0.00412121	0.000121212	0.000121212	
0.000329381	0.0256917	0.105402	0.23946	0.286561	0.192358	0.0945323	0.0474308	0.00395257	0.00395257	0.000329381	
0.00102145	0.0122574	0.0459653	0.225741	0.214505	0.158325	0.192033	0.102145	0.0234934	0.0122574	0.0122574	
0.00162338	0.00162338	0.126623	0.108766	0.0909091	0.180195	0.126623	0.198052	0.108766	0.0551948	0.00162338	
0.00239234	0.00239234	0.0813397	0.239234	0.133971	0.318182	0.0550239	0.107656	0.0550239	0.00239234	0.00239234	
0.00395257	0.00395257	0.0474308	0.264822	0.0909091	0.177866	0.134387	0.177866	0.0474308	0.00395257	0.0474308	
0.121212	0.010101	0.343434	0.121212	0.232323	0.010101	0.010101	0.010101	0.010101	0.121212	0.010101	
0.0113636	0.0113636	0.0113636	0.761364	0.0113636	0.136364	0.0113636	0.0113636	0.0113636	0.0113636	0.0113636	
0.0151515	0.0151515	0.181818	0.181818	0.348485	0.181818	0.0151515	0.0151515	0.0151515	0.0151515	0.0151515	
0.010101	0.010101	0.232323	0.565657	0.121212	0.010101	0.010101	0.010101	0.010101	0.010101	0.010101	


Vector Pi :

0.00149031	0.591654	0.181818	0.0506706	0.0834575	0.0342772	0.0342772	0.00149031	0.0178838	0.00149031	0.00149031	


Vector Phi :

0.000826018	0.5945	0.218974	0.0709561	0.0421038	0.0297162	0.0173361	0.00743015	0.00577862	0.00495028	0.00742878	
