
Parameters: 11 states AND 11 symbols

Matrix A :

0.0909091	0.0909091	0.0909091	0.0909091	0.0909091	0.0909091	0.0909091	0.0909091	0.0909091	0.0909091	0.0909091	
0.000194666	0.901694	0.0944131	0.00233599	0.000194666	0.000194666	0.000194666	0.000194666	0.000194666	0.000194666	0.000194666	
0.000378788	0.183712	0.667045	0.137879	0.00871212	0.000378788	0.000378788	0.000378788	0.000378788	0.000378788	0.000378788	
0.000525486	0.00630583	0.202838	0.642144	0.127693	0.0178665	0.000525486	0.000525486	0.000525486	0.000525486	0.000525486	
0.000649351	0.000649351	0.00779221	0.193506	0.693506	0.100649	0.000649351	0.000649351	0.000649351	0.000649351	0.000649351	
0.00137741	0.00137741	0.00137741	0.00137741	0.258953	0.577135	0.137741	0.0165289	0.00137741	0.00137741	0.00137741	
0.00185529	0.00185529	0.00185529	0.00185529	0.00185529	0.205937	0.573284	0.185529	0.00185529	0.0222635	0.00185529	
0.00293255	0.00293255	0.00293255	0.00293255	0.00293255	0.00293255	0.357771	0.454545	0.164223	0.00293255	0.00293255	
0.00478469	0.00478469	0.00478469	0.00478469	0.00478469	0.00478469	0.00478469	0.320574	0.583732	0.0574163	0.00478469	
0.0113636	0.0113636	0.0113636	0.0113636	0.0113636	0.0113636	0.0113636	0.0113636	0.261364	0.386364	0.261364	
0.0151515	0.0151515	0.0151515	0.0151515	0.0151515	0.0151515	0.0151515	0.0151515	0.0151515	0.348485	0.515152	


Matrix B :

0.0909091	0.0909091	0.0909091	0.0909091	0.0909091	0.0909091	0.0909091	0.0909091	0.0909091	0.0909091	0.0909091	
0.0001844	0.375438	0.282132	0.152314	0.0711783	0.0488659	0.0306104	0.0143832	0.0143832	0.00626959	0.00424119	
0.00036075	0.147186	0.4329	0.202742	0.111472	0.0678211	0.0122655	0.00829726	0.004329	0.00829726	0.004329	
0.000505051	0.000505051	0.383838	0.322727	0.167172	0.0727273	0.0338384	0.00606061	0.0116162	0.000505051	0.000505051	
0.000622665	0.000622665	0.110212	0.493773	0.240349	0.0828144	0.0143213	0.0417186	0.0143213	0.000622665	0.000622665	
0.0012987	0.0012987	0.0012987	0.401299	0.358442	0.12987	0.0584416	0.0155844	0.0298701	0.0012987	0.0012987	
0.00178253	0.00178253	0.00178253	0.0409982	0.413547	0.139037	0.11943	0.237077	0.0409982	0.00178253	0.00178253	
0.00275482	0.00275482	0.00275482	0.00275482	0.548209	0.214876	0.0936639	0.0633609	0.00275482	0.0633609	0.00275482	
0.00454545	0.00454545	0.00454545	0.00454545	0.104545	0.204545	0.304545	0.204545	0.104545	0.0545455	0.00454545	
0.0113636	0.0113636	0.0113636	0.0113636	0.0113636	0.0113636	0.386364	0.261364	0.261364	0.0113636	0.0113636	
0.0151515	0.0151515	0.0151515	0.0151515	0.0151515	0.0151515	0.0151515	0.848485	0.0151515	0.0151515	0.0151515	


Vector Pi :

0.00149031	0.42772	0.181818	0.116244	0.116244	0.0670641	0.0342772	0.0342772	0.0178838	0.00149031	0.00149031	


Vector Phi :

0.000827714	0.393264	0.202857	0.143164	0.112723	0.0538432	0.0403467	0.0256191	0.015749	0.00663025	0.00497722	
