
Parameters: 11 states AND 11 symbols

Matrix A :

0.0909091	0.0909091	0.0909091	0.0909091	0.0909091	0.0909091	0.0909091	0.0909091	0.0909091	0.0909091	0.0909091	
0.000234907	0.793517	0.186281	0.0183228	0.000234907	0.000234907	0.000234907	0.000234907	0.000234907	0.000234907	0.000234907	
0.000325839	0.269143	0.541544	0.161616	0.0254154	0.000325839	0.000325839	0.000325839	0.000325839	0.000325839	0.000325839	
0.0004914	0.0113022	0.238329	0.546437	0.157248	0.0275184	0.00589681	0.00589681	0.0004914	0.0004914	0.00589681	
0.000745156	0.00894188	0.0663189	0.246647	0.484352	0.156483	0.00894188	0.0171386	0.00894188	0.000745156	0.000745156	
0.00131752	0.00131752	0.0158103	0.030303	0.320158	0.392622	0.204216	0.030303	0.00131752	0.00131752	0.00131752	
0.0020202	0.0020202	0.0020202	0.0020202	0.0242424	0.290909	0.513131	0.135354	0.0242424	0.0020202	0.0020202	
0.00178253	0.00178253	0.0213904	0.00178253	0.0409982	0.0606061	0.0802139	0.629234	0.139037	0.0213904	0.00178253	
0.004329	0.004329	0.004329	0.004329	0.004329	0.004329	0.0519481	0.290043	0.337662	0.290043	0.004329	
0.00505051	0.00505051	0.0606061	0.00505051	0.00505051	0.0606061	0.00505051	0.0606061	0.171717	0.338384	0.282828	
0.00413223	0.0495868	0.00413223	0.00413223	0.00413223	0.00413223	0.00413223	0.00413223	0.0495868	0.18595	0.68595	


Matrix B :

0.0909091	0.0909091	0.0909091	0.0909091	0.0909091	0.0909091	0.0909091	0.0909091	0.0909091	0.0909091	0.0909091	
0.000223914	0.576579	0.288401	0.0987461	0.0297806	0.000223914	0.00268697	0.00268697	0.000223914	0.000223914	0.000223914	
0.000309215	0.129561	0.585343	0.245207	0.017316	0.00711194	0.00711194	0.00711194	0.000309215	0.000309215	0.000309215	
0.000468604	0.00562324	0.361293	0.464386	0.149953	0.0159325	0.000468604	0.000468604	0.000468604	0.000468604	0.000468604	
0.00071582	0.00071582	0.16607	0.544023	0.252684	0.0243379	0.00858984	0.00071582	0.00071582	0.00071582	0.00071582	
0.00124533	0.00124533	0.0697385	0.398506	0.384807	0.0697385	0.0697385	0.00124533	0.00124533	0.00124533	0.00124533	
0.00193424	0.00193424	0.0870406	0.363636	0.427466	0.108317	0.00193424	0.00193424	0.00193424	0.00193424	0.00193424	
0.00174825	0.00174825	0.00174825	0.194056	0.405594	0.270979	0.0402098	0.0402098	0.0402098	0.00174825	0.00174825	
0.00413223	0.00413223	0.0495868	0.0950413	0.18595	0.458678	0.18595	0.00413223	0.00413223	0.00413223	0.00413223	
0.00478469	0.00478469	0.00478469	0.00478469	0.5311	0.215311	0.162679	0.00478469	0.0574163	0.00478469	0.00478469	
0.00363636	0.00363636	0.0836364	0.0436364	0.0836364	0.283636	0.123636	0.0836364	0.0436364	0.123636	0.123636	


Vector Pi :

0.00149031	0.312966	0.247392	0.132638	0.099851	0.0670641	0.0342772	0.0178838	0.0178838	0.0178838	0.0506706	


Vector Phi :

0.000829864	0.323464	0.233268	0.155423	0.1001	0.0569686	0.0371981	0.0421845	0.0173758	0.014916	0.0182717	
