
Parameters: 11 states AND 11 symbols

Matrix A :

0.0909091	0.0909091	0.0909091	0.0909091	0.0909091	0.0909091	0.0909091	0.0909091	0.0909091	0.0909091	0.0909091	
0.000327011	0.719751	0.230543	0.0327011	0.00392413	0.00392413	0.00752126	0.000327011	0.000327011	0.000327011	0.000327011	
0.000339213	0.227951	0.552578	0.183175	0.0264586	0.00407056	0.000339213	0.000339213	0.000339213	0.00407056	0.000339213	
0.000393546	0.0393546	0.216844	0.545848	0.164896	0.0220386	0.00905155	0.000393546	0.000393546	0.000393546	0.000393546	
0.000618429	0.0210266	0.0210266	0.245516	0.531231	0.123067	0.0414348	0.000618429	0.00742115	0.000618429	0.00742115	
0.00131752	0.0158103	0.00131752	0.102767	0.262187	0.421607	0.131752	0.0447958	0.0158103	0.00131752	0.00131752	
0.00185529	0.0426716	0.0222635	0.00185529	0.0630798	0.205937	0.267161	0.28757	0.0630798	0.0222635	0.0222635	
0.00181818	0.00181818	0.00181818	0.0218182	0.0218182	0.0818182	0.221818	0.421818	0.201818	0.0218182	0.00181818	
0.00185529	0.00185529	0.0222635	0.00185529	0.00185529	0.00185529	0.0630798	0.144712	0.512059	0.205937	0.0426716	
0.0025974	0.0025974	0.0025974	0.0311688	0.0025974	0.0025974	0.0311688	0.0311688	0.202597	0.431169	0.25974	
0.00395257	0.0474308	0.00395257	0.0474308	0.00395257	0.00395257	0.0474308	0.134387	0.0474308	0.264822	0.395257	


Matrix B :

0.0909091	0.0909091	0.0909091	0.0909091	0.0909091	0.0909091	0.0909091	0.0909091	0.0909091	0.0909091	0.0909091	
0.000316756	0.355717	0.387076	0.143174	0.0769718	0.0316756	0.000316756	0.00380108	0.000316756	0.000316756	0.000316756	
0.000322373	0.0747905	0.315925	0.323017	0.209542	0.0535139	0.021599	0.000322373	0.000322373	0.000322373	0.000322373	
0.000369549	0.000369549	0.175166	0.341833	0.264597	0.154841	0.0532151	0.00849963	0.000369549	0.000369549	0.000369549	
0.00058651	0.00058651	0.0715543	0.323167	0.252199	0.155425	0.0909091	0.0651026	0.0392962	0.00058651	0.00058651	
0.00124533	0.00124533	0.0834371	0.165629	0.398506	0.138232	0.138232	0.0423412	0.0286426	0.00124533	0.00124533	
0.00181818	0.00181818	0.0218182	0.101818	0.181818	0.261818	0.281818	0.101818	0.0418182	0.00181818	0.00181818	
0.0016835	0.0016835	0.020202	0.0387205	0.112795	0.260943	0.223906	0.131313	0.0942761	0.0942761	0.020202	
0.0213904	0.00178253	0.00178253	0.0409982	0.178253	0.217469	0.178253	0.139037	0.11943	0.0213904	0.0802139	
0.0025974	0.0025974	0.0025974	0.0597403	0.116883	0.25974	0.374026	0.145455	0.0311688	0.0025974	0.0025974	
0.0034965	0.0034965	0.0034965	0.0034965	0.157343	0.157343	0.234266	0.426573	0.0034965	0.0034965	0.0034965	


Vector Pi :

0.00149031	0.149031	0.230999	0.247392	0.132638	0.0670641	0.0178838	0.0670641	0.0342772	0.00149031	0.0506706	


Vector Phi :

0.000833348	0.231664	0.223331	0.192499	0.1225	0.0575005	0.0408341	0.041668	0.0408349	0.0291679	0.0191675	
