
Parameters: 11 states AND 11 symbols

Matrix A :

0.0909091	0.0909091	0.0909091	0.0909091	0.0909091	0.0909091	0.0909091	0.0909091	0.0909091	0.0909091	0.0909091	
0.000241138	0.766819	0.193875	0.0373764	0.000241138	0.000241138	0.000241138	0.000241138	0.000241138	0.000241138	0.000241138	
0.00031348	0.269279	0.541693	0.162382	0.0210031	0.00376176	0.00031348	0.00031348	0.00031348	0.00031348	0.00031348	
0.000468604	0.0313964	0.283974	0.469541	0.180881	0.0313964	0.000468604	0.000468604	0.000468604	0.000468604	0.000468604	
0.000693963	0.0159611	0.0235947	0.26787	0.466343	0.214434	0.00832755	0.000693963	0.000693963	0.000693963	0.000693963	
0.00104493	0.00104493	0.0125392	0.0815047	0.265413	0.345873	0.23093	0.0585162	0.00104493	0.00104493	0.00104493	
0.00154083	0.00154083	0.00154083	0.00154083	0.0693374	0.306626	0.459168	0.154083	0.00154083	0.00154083	0.00154083	
0.002331	0.002331	0.002331	0.002331	0.027972	0.0792541	0.258741	0.48951	0.0792541	0.0536131	0.002331	
0.0113636	0.0113636	0.0113636	0.0113636	0.0113636	0.0113636	0.0113636	0.386364	0.261364	0.261364	0.0113636	
0.0113636	0.0113636	0.0113636	0.0113636	0.0113636	0.0113636	0.0113636	0.261364	0.261364	0.136364	0.261364	
0.0151515	0.0151515	0.0151515	0.0151515	0.0151515	0.0151515	0.0151515	0.0151515	0.0151515	0.348485	0.515152	


Matrix B :

0.0909091	0.0909091	0.0909091	0.0909091	0.0909091	0.0909091	0.0909091	0.0909091	0.0909091	0.0909091	0.0909091	
0.000226706	0.189753	0.227159	0.232147	0.159828	0.0750397	0.0476083	0.0301519	0.0226706	0.0102018	0.00521424	
0.000302024	0.0202356	0.372395	0.259438	0.133192	0.0700695	0.0368469	0.0434914	0.0368469	0.0235578	0.00362428	
0.000437063	0.000437063	0.207168	0.341783	0.207168	0.144668	0.0533217	0.0100524	0.0148601	0.0196678	0.000437063	
0.000683527	0.000683527	0.0457963	0.203691	0.286398	0.203691	0.128503	0.0683527	0.0382775	0.0232399	0.000683527	
0.0010101	0.0010101	0.0010101	0.10101	0.256566	0.289899	0.20101	0.0676768	0.0343434	0.0454545	0.0010101	
0.00146628	0.00146628	0.00146628	0.0175953	0.227273	0.259531	0.243402	0.0982405	0.0982405	0.0498534	0.00146628	
0.00227273	0.00227273	0.00227273	0.00227273	0.00227273	0.0772727	0.352273	0.327273	0.102273	0.0772727	0.0522727	
0.0113636	0.0113636	0.0113636	0.0113636	0.0113636	0.0113636	0.0113636	0.261364	0.136364	0.261364	0.261364	
0.0113636	0.0113636	0.0113636	0.0113636	0.0113636	0.0113636	0.0113636	0.0113636	0.511364	0.261364	0.136364	
0.261364	0.0113636	0.0113636	0.0113636	0.0113636	0.0113636	0.0113636	0.0113636	0.0113636	0.386364	0.261364	


Vector Pi :

0.00149031	0.411326	0.181818	0.214605	0.0342772	0.0506706	0.0506706	0.0178838	0.00149031	0.00149031	0.0342772	


Vector Phi :

0.000837583	0.310436	0.241257	0.163436	0.110127	0.0731208	0.0495726	0.0327556	0.0067137	0.0067119	0.00503121	
