
Parameters: 11 states AND 11 symbols

Matrix A :

0.090909	0.090909	0.090909	0.090909	0.090909	0.090909	0.090909	0.090909	0.090909	0.090909	0.090909	
0.000640	0.641485	0.240077	0.064020	0.028809	0.007682	0.007682	0.007682	0.000640	0.000640	0.000640	
0.000739	0.285292	0.415373	0.203991	0.041390	0.016999	0.008869	0.008869	0.008869	0.000739	0.008869	
0.001021	0.102145	0.281920	0.326864	0.135853	0.045965	0.045965	0.012257	0.034729	0.012257	0.001021	
0.001684	0.038721	0.094276	0.335017	0.168350	0.131313	0.094276	0.038721	0.057239	0.020202	0.020202	
0.001976	0.001976	0.023715	0.045455	0.262846	0.371542	0.088933	0.067194	0.088933	0.045455	0.001976	
0.002525	0.085859	0.002525	0.058081	0.141414	0.196970	0.252525	0.085859	0.141414	0.030303	0.002525	
0.003497	0.080420	0.080420	0.041958	0.080420	0.118881	0.118881	0.234266	0.041958	0.118881	0.080420	
0.003135	0.003135	0.037618	0.003135	0.106583	0.037618	0.141066	0.141066	0.175549	0.210031	0.141066	
0.003247	0.003247	0.038961	0.074675	0.038961	0.038961	0.074675	0.074675	0.110390	0.360390	0.181818	
0.003497	0.003497	0.080420	0.003497	0.003497	0.080420	0.041958	0.080420	0.118881	0.118881	0.465035	


Matrix B :

0.090909	0.090909	0.090909	0.090909	0.090909	0.090909	0.090909	0.090909	0.090909	0.090909	0.090909	
0.000602	0.166165	0.318483	0.325105	0.119807	0.013847	0.020470	0.020470	0.013847	0.000602	0.000602	
0.000716	0.055834	0.244810	0.292054	0.229062	0.126700	0.040086	0.000716	0.008590	0.000716	0.000716	
0.000928	0.000928	0.225417	0.225417	0.235622	0.143785	0.051948	0.082560	0.011132	0.021336	0.000928	
0.001623	0.019481	0.126623	0.269481	0.215909	0.215909	0.090909	0.001623	0.037338	0.019481	0.001623	
0.001894	0.001894	0.106061	0.147727	0.272727	0.147727	0.126894	0.106061	0.043561	0.043561	0.001894	
0.002525	0.002525	0.002525	0.141414	0.308081	0.224747	0.196970	0.058081	0.030303	0.030303	0.002525	
0.003497	0.003497	0.003497	0.234266	0.311189	0.234266	0.080420	0.003497	0.003497	0.003497	0.118881	
0.002841	0.002841	0.002841	0.096591	0.221591	0.252841	0.284091	0.096591	0.034091	0.002841	0.002841	
0.003135	0.003135	0.003135	0.106583	0.210031	0.141066	0.210031	0.037618	0.210031	0.072100	0.003135	
0.003497	0.003497	0.003497	0.118881	0.080420	0.195804	0.157343	0.272727	0.080420	0.003497	0.080420	


Vector Pi :

0.002933	0.260997	0.131965	0.293255	0.067449	0.067449	0.035191	0.002933	0.099707	0.035191	0.002933	


Vector Phi :

0.001651	0.241955	0.206850	0.148594	0.089279	0.075501	0.057268	0.042683	0.047510	0.045945	0.042764	
