
Parameters: 11 states AND 11 symbols

Matrix A :

0.090909	0.090909	0.090909	0.090909	0.090909	0.090909	0.090909	0.090909	0.090909	0.090909	0.090909	
0.000404	0.773737	0.195960	0.013737	0.004848	0.004848	0.000404	0.000404	0.000404	0.000404	0.004848	
0.000594	0.242424	0.549614	0.196673	0.000594	0.007130	0.000594	0.000594	0.000594	0.000594	0.000594	
0.001010	0.078788	0.245455	0.412121	0.156566	0.078788	0.023232	0.001010	0.001010	0.001010	0.001010	
0.002066	0.047521	0.047521	0.297521	0.411157	0.161157	0.024793	0.002066	0.002066	0.002066	0.002066	
0.002841	0.034091	0.034091	0.096591	0.221591	0.221591	0.127841	0.127841	0.034091	0.034091	0.065341	
0.007576	0.090909	0.007576	0.007576	0.174242	0.340909	0.007576	0.257576	0.007576	0.090909	0.007576	
0.006494	0.006494	0.006494	0.149351	0.077922	0.220779	0.220779	0.006494	0.220779	0.077922	0.006494	
0.009091	0.009091	0.009091	0.009091	0.009091	0.109091	0.109091	0.409091	0.209091	0.009091	0.109091	
0.010101	0.121212	0.010101	0.121212	0.010101	0.010101	0.010101	0.121212	0.232323	0.010101	0.343434	
0.006061	0.006061	0.006061	0.006061	0.006061	0.006061	0.006061	0.072727	0.072727	0.339394	0.472727	


Matrix B :

0.090909	0.090909	0.090909	0.090909	0.090909	0.090909	0.090909	0.090909	0.090909	0.090909	0.090909	
0.000387	0.225919	0.336557	0.200387	0.128046	0.072727	0.021663	0.008897	0.004642	0.000387	0.000387	
0.000568	0.000568	0.169318	0.344318	0.288068	0.094318	0.031818	0.025568	0.019318	0.019318	0.006818	
0.000967	0.000967	0.022244	0.139265	0.362669	0.235010	0.107350	0.064797	0.022244	0.011605	0.032882	
0.001976	0.001976	0.023715	0.067194	0.284585	0.241107	0.132411	0.088933	0.023715	0.088933	0.045455	
0.002597	0.002597	0.031169	0.088312	0.316883	0.231169	0.231169	0.059740	0.002597	0.002597	0.031169	
0.006494	0.006494	0.077922	0.077922	0.077922	0.577922	0.006494	0.006494	0.006494	0.149351	0.006494	
0.006494	0.006494	0.006494	0.077922	0.149351	0.577922	0.077922	0.077922	0.006494	0.006494	0.006494	
0.008264	0.008264	0.008264	0.008264	0.371901	0.190083	0.280992	0.099174	0.008264	0.008264	0.008264	
0.010101	0.010101	0.010101	0.121212	0.121212	0.121212	0.232323	0.010101	0.232323	0.121212	0.010101	
0.005682	0.005682	0.005682	0.005682	0.130682	0.130682	0.193182	0.380682	0.068182	0.068182	0.005682	


Vector Pi :

0.002933	0.357771	0.196481	0.131965	0.067449	0.099707	0.067449	0.002933	0.035191	0.002933	0.035191	


Vector Phi :

0.001658	0.367677	0.255303	0.149712	0.073073	0.053124	0.019919	0.023221	0.016578	0.014911	0.024825	
