
Parameters: 11 states AND 11 symbols

Matrix A :

0.0909091	0.0909091	0.0909091	0.0909091	0.0909091	0.0909091	0.0909091	0.0909091	0.0909091	0.0909091	0.0909091	
0.0001638	0.8362	0.14611	0.01638	0.0001638	0.0001638	0.0001638	0.0001638	0.0001638	0.0001638	0.0001638	
0.000272183	0.245781	0.626021	0.117039	0.00326619	0.00626021	0.000272183	0.000272183	0.000272183	0.000272183	0.000272183	
0.000594177	0.0463458	0.24896	0.497326	0.157457	0.0398099	0.00713012	0.000594177	0.000594177	0.000594177	0.000594177	
0.00135685	0.0162822	0.0610583	0.329715	0.449118	0.12076	0.0162822	0.00135685	0.00135685	0.00135685	0.00135685	
0.00239234	0.00239234	0.0550239	0.107656	0.239234	0.291866	0.186603	0.107656	0.00239234	0.00239234	0.00239234	
0.00395257	0.00395257	0.00395257	0.0474308	0.0909091	0.351779	0.264822	0.177866	0.0474308	0.00395257	0.00395257	
0.00568182	0.00568182	0.00568182	0.00568182	0.00568182	0.130682	0.318182	0.255682	0.255682	0.00568182	0.00568182	
0.00826446	0.00826446	0.00826446	0.00826446	0.00826446	0.00826446	0.190083	0.190083	0.46281	0.0991736	0.00826446	
0.030303	0.030303	0.030303	0.030303	0.030303	0.030303	0.030303	0.363636	0.030303	0.030303	0.363636	
0.0227273	0.0227273	0.0227273	0.0227273	0.0227273	0.0227273	0.0227273	0.0227273	0.0227273	0.272727	0.522727	


Matrix B :

0.0909091	0.0909091	0.0909091	0.0909091	0.0909091	0.0909091	0.0909091	0.0909091	0.0909091	0.0909091	0.0909091	
0.000155933	0.44784	0.327772	0.15796	0.0430376	0.0155933	0.00358646	0.0018712	0.000155933	0.000155933	0.0018712	
0.000255363	0.180031	0.48621	0.239019	0.0760981	0.00868233	0.00868233	0.000255363	0.000255363	0.000255363	0.000255363	
0.000575374	0.00690449	0.449942	0.336018	0.10817	0.0638665	0.0195627	0.000575374	0.000575374	0.00690449	0.00690449	
0.0012987	0.0012987	0.12987	0.572727	0.172727	0.0584416	0.0441558	0.0155844	0.0012987	0.0012987	0.0012987	
0.002331	0.002331	0.181818	0.386946	0.0792541	0.181818	0.0536131	0.0536131	0.002331	0.002331	0.0536131	
0.00395257	0.00395257	0.0474308	0.264822	0.395257	0.134387	0.00395257	0.0909091	0.00395257	0.0474308	0.00395257	
0.00534759	0.00534759	0.122995	0.299465	0.299465	0.0641711	0.00534759	0.181818	0.00534759	0.00534759	0.00534759	
0.00826446	0.00826446	0.0991736	0.0991736	0.280992	0.46281	0.00826446	0.00826446	0.00826446	0.00826446	0.00826446	
0.030303	0.030303	0.030303	0.030303	0.363636	0.363636	0.030303	0.030303	0.030303	0.030303	0.030303	
0.0227273	0.0227273	0.0227273	0.0227273	0.0227273	0.772727	0.0227273	0.0227273	0.0227273	0.0227273	0.0227273	


Vector Pi :

0.00149031	0.460507	0.345753	0.099851	0.0506706	0.0178838	0.00149031	0.0178838	0.00149031	0.00149031	0.00149031	


Vector Phi :

0.00082392	0.462281	0.278711	0.125195	0.0549255	0.0312114	0.0188943	0.0131505	0.00904395	0.00246968	0.0032943	
