
Parameters: 11 states AND 11 symbols

Matrix A :

0.0909091	0.0909091	0.0909091	0.0909091	0.0909091	0.0909091	0.0909091	0.0909091	0.0909091	0.0909091	0.0909091	
0.000206612	0.472934	0.341116	0.141116	0.0320248	0.00929752	0.000206612	0.000206612	0.00247934	0.000206612	0.000206612	
0.000247036	0.396986	0.320899	0.204051	0.0600296	0.0111166	0.00296443	0.00296443	0.000247036	0.000247036	0.000247036	
0.00040404	0.253737	0.320404	0.249293	0.111515	0.0448485	0.0137374	0.00040404	0.00484848	0.00040404	0.00040404	
0.000857633	0.227273	0.198971	0.227273	0.255575	0.0763293	0.0102916	0.000857633	0.000857633	0.000857633	0.000857633	
0.00197628	0.0454545	0.110672	0.132411	0.306324	0.306324	0.0889328	0.00197628	0.00197628	0.00197628	0.00197628	
0.00699301	0.0839161	0.0839161	0.0839161	0.237762	0.314685	0.0839161	0.0839161	0.00699301	0.00699301	0.00699301	
0.030303	0.030303	0.030303	0.030303	0.030303	0.030303	0.363636	0.030303	0.030303	0.363636	0.030303	
0.030303	0.030303	0.030303	0.030303	0.030303	0.363636	0.030303	0.030303	0.030303	0.030303	0.363636	
0.0454545	0.0454545	0.0454545	0.0454545	0.0454545	0.0454545	0.545455	0.0454545	0.0454545	0.0454545	0.0454545	
0.0454545	0.0454545	0.0454545	0.0454545	0.0454545	0.545455	0.0454545	0.0454545	0.0454545	0.0454545	0.0454545	


Matrix B :

0.0909091	0.0909091	0.0909091	0.0909091	0.0909091	0.0909091	0.0909091	0.0909091	0.0909091	0.0909091	0.0909091	
0.000196773	0.242621	0.359504	0.218811	0.110586	0.0391578	0.0175128	0.00669028	0.00452578	0.000196773	0.000196773	
0.000234302	0.0131209	0.317245	0.368791	0.180647	0.0595127	0.0388941	0.0182755	0.00281162	0.000234302	0.000234302	
0.00039185	0.00039185	0.0779781	0.259013	0.327978	0.198668	0.065047	0.0348746	0.0176332	0.0133229	0.00470219	
0.000819001	0.000819001	0.027846	0.162981	0.235053	0.289107	0.190008	0.0548731	0.027846	0.00982801	0.000819001	
0.00181818	0.00181818	0.00181818	0.0618182	0.341818	0.141818	0.121818	0.201818	0.0218182	0.101818	0.00181818	
0.00649351	0.00649351	0.00649351	0.0779221	0.00649351	0.149351	0.292208	0.220779	0.00649351	0.149351	0.0779221	
0.030303	0.030303	0.030303	0.030303	0.030303	0.363636	0.363636	0.030303	0.030303	0.030303	0.030303	
0.0227273	0.0227273	0.0227273	0.0227273	0.0227273	0.272727	0.0227273	0.522727	0.0227273	0.0227273	0.0227273	
0.0454545	0.0454545	0.0454545	0.0454545	0.0454545	0.0454545	0.0454545	0.0454545	0.0454545	0.545455	0.0454545	
0.0454545	0.0454545	0.0454545	0.0454545	0.0454545	0.0454545	0.0454545	0.545455	0.0454545	0.0454545	0.0454545	


Vector Pi :

0.00149031	0.378539	0.329359	0.116244	0.0834575	0.0506706	0.0178838	0.00149031	0.0178838	0.00149031	0.00149031	


Vector Phi :

0.000832374	0.362402	0.303979	0.186096	0.088154	0.0393372	0.0108944	0.00249643	0.00248311	0.00166452	0.00166008	
