
Parameters: 11 states AND 11 symbols

Matrix A :

0.0909091	0.0909091	0.0909091	0.0909091	0.0909091	0.0909091	0.0909091	0.0909091	0.0909091	0.0909091	0.0909091	
0.000294204	0.689615	0.278611	0.0261842	0.00353045	0.000294204	0.000294204	0.000294204	0.000294204	0.000294204	0.000294204	
0.000317864	0.30801	0.45836	0.217101	0.0143039	0.000317864	0.000317864	0.000317864	0.000317864	0.000317864	0.000317864	
0.000362188	0.0242666	0.235422	0.51829	0.207534	0.0123144	0.000362188	0.000362188	0.000362188	0.000362188	0.000362188	
0.000568182	0.00681818	0.0568182	0.281818	0.463068	0.150568	0.0380682	0.000568182	0.000568182	0.000568182	0.000568182	
0.0010101	0.0010101	0.0121212	0.0565657	0.278788	0.456566	0.178788	0.0121212	0.0010101	0.0010101	0.0010101	
0.00142045	0.00142045	0.00142045	0.00142045	0.0326705	0.329545	0.485795	0.110795	0.0326705	0.00142045	0.00142045	
0.00505051	0.00505051	0.00505051	0.00505051	0.00505051	0.00505051	0.449495	0.449495	0.0606061	0.00505051	0.00505051	
0.00826446	0.00826446	0.00826446	0.00826446	0.00826446	0.00826446	0.190083	0.0991736	0.46281	0.0991736	0.0991736	
0.0227273	0.0227273	0.0227273	0.0227273	0.0227273	0.0227273	0.0227273	0.0227273	0.272727	0.272727	0.272727	
0.0151515	0.0151515	0.0151515	0.0151515	0.0151515	0.0151515	0.0151515	0.0151515	0.181818	0.181818	0.515152	


Matrix B :

0.0909091	0.0909091	0.0909091	0.0909091	0.0909091	0.0909091	0.0909091	0.0909091	0.0909091	0.0909091	0.0909091	
0.000278862	0.325432	0.300892	0.184328	0.076966	0.0554936	0.0309537	0.00948132	0.00948132	0.00641383	0.000278862	
0.000297089	0.248663	0.336898	0.180036	0.117944	0.0460487	0.0297089	0.010101	0.00683304	0.013369	0.010101	
0.000348311	0.234065	0.326019	0.199582	0.111459	0.0309997	0.0233368	0.0463253	0.00417973	0.0118426	0.0118426	
0.000554324	0.000554324	0.451774	0.177384	0.207871	0.0859202	0.0310421	0.018847	0.0127494	0.0127494	0.000554324	
0.000956938	0.000956938	0.485167	0.169378	0.169378	0.0956938	0.0641148	0.000956938	0.0114833	0.000956938	0.000956938	
0.00137741	0.00137741	0.395317	0.22865	0.183196	0.0922865	0.0619835	0.0316804	0.00137741	0.00137741	0.00137741	
0.00505051	0.00505051	0.00505051	0.893939	0.00505051	0.00505051	0.0606061	0.00505051	0.00505051	0.00505051	0.00505051	
0.00699301	0.00699301	0.00699301	0.0839161	0.237762	0.237762	0.314685	0.0839161	0.00699301	0.00699301	0.00699301	
0.0227273	0.0227273	0.0227273	0.0227273	0.272727	0.522727	0.0227273	0.0227273	0.0227273	0.0227273	0.0227273	
0.0151515	0.0151515	0.0151515	0.0151515	0.681818	0.181818	0.0151515	0.0151515	0.0151515	0.0151515	0.0151515	


Vector Pi :

0.00149031	0.280179	0.312966	0.165425	0.0834575	0.0834575	0.0342772	0.00149031	0.0342772	0.00149031	0.00149031	


Vector Phi :

0.000827716	0.259717	0.240653	0.208935	0.131172	0.0739505	0.0526049	0.0148095	0.00906868	0.00330431	0.00495647	
